0.587388	0.616987	0.525826	0.829268	-0.449562	0.422291	-1.38791	0.16945	-1.54439	-0.0429049	0.222843	0.427796	-1.18203	0.328882	-1.93082	0.728709	1.14068	0.605713	-0.470418	-0.82187	0.430663	0.918254	-0.290164	0.227433	-0.244502	0.381613	-1.23646	0.17016	
0.616893	0.984658	0.791115	0.939257	-0.380909	0.328028	-1.54154	-0.0387183	-1.76844	-0.130867	0.0191285	0.140786	-0.728479	-0.0223531	-1.92087	0.880494	1.42127	0.591556	-0.689105	-1.02493	0.734759	0.971105	-0.423568	0.0495648	-0.0780145	0.170898	-1.27161	-0.0320047	
0.71187	1.24406	1.03634	1.00649	-0.327478	0.205223	-1.60657	-0.217929	-1.87767	-0.186722	-0.0784627	-0.202602	-0.409354	-0.37728	-1.84232	0.999313	1.67241	0.564054	-0.844439	-1.12437	1.01255	0.977404	-0.512071	-0.115619	0.0204999	-0.0861885	-1.27628	-0.223055	
0.792535	1.2542	1.17371	0.949593	-0.290161	0.0459215	-1.53663	-0.335007	-1.81192	-0.173639	-0.00512534	-0.524517	-0.24945	-0.633413	-1.66044	1.101	1.76674	0.500422	-0.88302	-1.06921	1.1563	0.88753	-0.526046	-0.248138	0.08326	-0.346928	-1.19893	-0.376199	
0.767095	0.945298	1.13113	0.705173	-0.262731	-0.141864	-1.30219	-0.367822	-1.53319	-0.0679611	0.21848	-0.768615	-0.203695	-0.725337	-1.34114	1.19731	1.59849	0.384568	-0.768798	-0.836978	1.09148	0.669651	-0.450034	-0.333397	0.144898	-0.576514	-1.00191	-0.474489	
0.569504	0.345085	0.873743	0.260793	-0.226719	-0.339096	-0.900458	-0.315796	-1.04565	0.123975	0.480916	-0.909655	-0.17781	-0.640974	-0.863261	1.2795	1.12586	0.217866	-0.504175	-0.452804	0.803487	0.324086	-0.287753	-0.36787	0.22806	-0.742094	-0.665367	-0.51237	
0.19428	-0.433681	0.415618	-0.331615	-0.171255	-0.508392	-0.36403	-0.19656	-0.392145	0.363523	0.651345	-0.964542	-0.0642294	-0.439352	-0.233933	1.32378	0.391433	0.0254727	-0.129381	0.0192705	0.342138	-0.106414	-0.0589025	-0.353589	0.313836	-0.830556	-0.219878	-0.497387	
-0.307625	-1.21814	-0.179856	-0.970641	-0.0888193	-0.617698	0.245448	-0.050883	0.347035	0.592384	0.62848	-0.957054	0.19718	-0.192265	0.4995	1.29489	-0.484529	-0.156392	0.284026	0.497001	-0.193218	-0.553364	0.204082	-0.304294	0.361431	-0.853821	0.279402	-0.450191	
-0.837723	-1.83491	-0.806517	-1.53186	0.0225838	-0.646326	0.850208	0.0713307	1.0743	0.742855	0.389634	-0.920291	0.601235	0.0280174	1.25338	1.15316	-1.3342	-0.291364	0.650139	0.895396	-0.685539	-0.940994	0.462833	-0.237148	0.333921	-0.830794	0.75941	-0.392624	
-1.28591	-2.15895	-1.34323	-1.91089	0.159335	-0.601054	1.37847	0.122589	1.69676	0.764749	0.0112971	-0.872084	1.06617	0.183295	1.92932	0.875004	-1.99489	-0.361241	0.895771	1.1575	-1.03505	-1.2122	0.68236	-0.173104	0.225529	-0.803996	1.16879	-0.350895	
-1.56391	-2.15153	-1.67934	-2.05142	0.313673	-0.519096	1.77941	0.074302	2.15269	0.641102	-0.364114	-0.79922	1.478	0.252242	2.44326	0.45998	-2.34913	-0.371896	0.980072	1.26657	-1.1868	-1.34271	0.834364	-0.13193	0.0756133	-0.80822	1.47344	-0.346029	
-1.62903	-1.86815	-1.74577	-1.96156	0.476611	-0.448676	2.03367	-0.0711097	2.41833	0.396081	-0.586636	-0.696432	1.73563	0.222265	2.74405	-0.062683	-2.35848	-0.348535	0.909366	1.24781	-1.13902	-1.34449	0.903733	-0.123394	-0.0425229	-0.852727	1.67142	-0.39004	
-1.48962	-1.42506	-1.53365	-1.69817	0.633399	-0.430362	2.15109	-0.278672	2.50794	0.0924647	-0.577872	-0.562834	1.78019	0.104642	2.81847	-0.633382	-2.06461	-0.324474	0.729714	1.15607	-0.939631	-1.25117	0.886986	-0.144408	-0.0463537	-0.923964	1.78493	-0.47546	
-1.19364	-0.963758	-1.1028	-1.33653	0.760784	-0.467856	2.15636	-0.484034	2.46188	-0.18764	-0.351341	-0.416288	1.63636	-0.106857	2.69379	-1.17814	-1.56998	-0.320193	0.511987	1.05585	-0.665163	-1.09632	0.791886	-0.17377	0.0982833	-0.979904	1.82635	-0.574422	
-0.814119	-0.595941	-0.567016	-0.944282	0.830195	-0.530842	2.07223	-0.613657	2.31881	-0.36838	-0.00888701	-0.296134	1.37805	-0.397034	2.41085	-1.60591	-1.00256	-0.335661	0.327626	0.995275	-0.395651	-0.903485	0.637366	-0.182011	0.360943	-0.969389	1.80188	-0.644085	
-0.421958	-0.374332	-0.0603722	-0.557718	0.812819	-0.558916	1.90897	-0.609525	2.10562	-0.405625	0.305261	-0.239776	1.10862	-0.730685	2.01583	-1.84944	-0.473885	-0.34882	0.220934	0.990301	-0.191581	-0.676177	0.445878	-0.139012	0.648926	-0.849238	1.69264	-0.634093	
-0.0740702	-0.277424	0.301431	-0.180301	0.694382	-0.492313	1.661	-0.450696	1.82071	-0.301562	0.47023	-0.264132	0.909151	-1.04742	1.5443	-1.87353	-0.0555178	-0.328659	0.198501	1.01827	-0.080029	-0.409088	0.241819	-0.0294903	0.841779	-0.605045	1.47962	-0.509937	
0.190653	-0.229994	0.457538	0.199372	0.482999	-0.295932	1.32011	-0.156501	1.45217	-0.0935358	0.435545	-0.348347	0.796906	-1.26993	1.01786	-1.67347	0.232626	-0.251323	0.232596	1.03817	-0.0550601	-0.0995706	0.047941	0.141776	0.831135	-0.263813	1.15357	-0.256873	
0.347853	-0.148423	0.417771	0.585858	0.21183	0.0204787	0.884084	0.214494	0.987318	0.156758	0.254979	-0.443489	0.741256	-1.31889	0.451085	-1.28623	0.407592	-0.120184	0.270624	1.00339	-0.088564	0.231894	-0.122563	0.34575	0.577661	0.131231	0.728399	0.109996	
0.390748	0.0239994	0.25343	0.9519	-0.0646655	0.392066	0.377333	0.582445	0.43568	0.387289	0.0298964	-0.483247	0.660689	-1.13404	-0.126739	-0.770697	0.500634	0.0334916	0.262969	0.882959	-0.143319	0.538284	-0.262303	0.534166	0.145242	0.493722	0.260642	0.538848	
0.326464	0.288358	0.0632182	1.24132	-0.295715	0.72707	-0.153851	0.876569	-0.159919	0.560673	-0.120568	-0.399876	0.483948	-0.718632	-0.668075	-0.200269	0.538766	0.156891	0.182081	0.682074	-0.191778	0.75846	-0.375516	0.658834	-0.351981	0.763534	-0.188114	0.962965	
0.176786	0.58759	-0.0661235	1.38238	-0.445754	0.934461	-0.645538	1.05407	-0.730557	0.669812	-0.133655	-0.166269	0.170817	-0.140569	-1.11323	0.36654	0.529434	0.201299	0.0369668	0.435147	-0.22129	0.833957	-0.469126	0.68478	-0.761463	0.899116	-0.551971	1.30963	
-0.0186678	0.827898	-0.0948903	1.31814	-0.513036	0.968454	-1.03319	1.11496	-1.1885	0.742864	-0.0306464	0.190459	-0.247398	0.492279	-1.40619	0.885426	0.465532	0.139483	-0.131939	0.203267	-0.237114	0.73984	-0.552437	0.60901	-0.981236	0.901142	-0.799436	1.53175	
-0.208378	0.926389	-0.0378855	1.04738	-0.529485	0.843005	-1.28005	1.09325	-1.46924	0.817427	0.107176	0.612623	-0.70012	1.05551	-1.52659	1.33084	0.340016	-0.0178768	-0.272871	0.0435685	-0.254167	0.497299	-0.633668	0.459487	-0.987054	0.817879	-0.942993	1.61773	
-0.339647	0.841745	0.0492419	0.621537	-0.539635	0.621529	-1.37512	1.04073	-1.54035	0.927462	0.172523	0.998559	-1.08979	1.43803	-1.48894	1.69435	0.160225	-0.220781	-0.335938	-0.00221971	-0.283126	0.172241	-0.708094	0.285795	-0.831936	0.695546	-1.0174	1.58473	
-0.374995	0.595102	0.0994178	0.151423	-0.592527	0.401931	-1.34973	1.00182	-1.42175	1.07671	0.107512	1.26297	-1.33694	1.59192	-1.35369	1.96644	-0.0396069	-0.402598	-0.302853	0.0689325	-0.3273	-0.140905	-0.767144	0.144819	-0.639466	0.607313	-1.09055	1.47924	
-0.302941	0.260406	0.0727779	-0.24714	-0.69342	0.260769	-1.24493	0.988413	-1.17232	1.23408	-0.085381	1.34626	-1.40908	1.5239	-1.18724	2.12994	-0.208903	-0.501542	-0.186288	0.221346	-0.371035	-0.358125	-0.791536	0.0724114	-0.497691	0.562427	-1.1906	1.33798	
-0.15739	-0.0619159	-0.0223939	-0.484045	-0.808985	0.232291	-1.09818	0.98588	-0.865079	1.35389	-0.329012	1.24095	-1.3233	1.29234	-1.04925	2.16752	-0.294598	-0.490732	-0.0258114	0.404479	-0.394266	-0.432327	-0.761271	0.0803241	-0.469847	0.557078	-1.30675	1.19611	
-0.00398043	-0.290647	-0.132775	-0.527896	-0.871227	0.291929	-0.923999	0.954379	-0.56483	1.38167	-0.52006	0.977882	-1.14537	0.973615	-0.955305	2.06344	-0.266016	-0.381206	0.130059	0.559368	-0.375367	-0.372407	-0.658544	0.147334	-0.522145	0.54468	-1.37546	1.05703	
0.0785893	-0.39357	-0.187509	-0.428355	-0.803129	0.360256	-0.707356	0.848474	-0.297399	1.2854	-0.573767	0.62457	-0.929011	0.637875	-0.86243	1.81148	-0.135003	-0.225507	0.243056	0.647741	-0.307996	-0.24254	-0.47797	0.227979	-0.553747	0.454785	-1.30552	0.89769	
0.0245592	-0.392906	-0.14126	-0.277104	-0.565497	0.352909	-0.422752	0.645627	-0.0578051	1.0625	-0.48708	0.26401	-0.713919	0.33232	-0.695412	1.4288	0.0461297	-0.0900087	0.298037	0.657034	-0.210064	-0.129802	-0.23172	0.276661	-0.477952	0.265921	-1.02567	0.692989	
-0.188249	-0.352863	0.00677323	-0.188275	-0.164355	0.207379	-0.0432449	0.35515	0.186365	0.747347	-0.330914	-0.0497144	-0.495145	0.0567176	-0.371827	0.958773	0.19967	-0.0291702	0.311633	0.605206	-0.114812	-0.1149	0.0569485	0.259845	-0.230117	-0.0346897	-0.499435	0.415835	
-0.52938	-0.350437	0.195652	-0.238743	0.318721	-0.0764185	0.419176	0.0274122	0.464456	0.399126	-0.224997	-0.275208	-0.235332	-0.182394	0.142438	0.467052	0.251362	-0.0622684	0.317662	0.529392	-0.065178	-0.23369	0.350673	0.178687	0.141402	-0.395905	0.209616	0.0776528	
-0.912322	-0.437128	0.336492	-0.443127	0.772559	-0.440451	0.921868	-0.271473	0.78471	0.0790614	-0.273619	-0.420522	0.100176	-0.399655	0.817081	0.0120804	0.16216	-0.163974	0.354556	0.46626	-0.08759	-0.464978	0.614737	0.0605622	0.530634	-0.745175	0.983134	-0.293016	
-1.2323	-0.61495	0.349831	-0.75153	1.0845	-0.788146	1.38785	-0.475696	1.11829	-0.162077	-0.500367	-0.515904	0.523115	-0.592224	1.54583	-0.356864	-0.0549571	-0.277521	0.446156	0.444596	-0.181413	-0.738544	0.822069	-0.0468133	0.78511	-1.01088	1.66722	-0.63835	
-1.39575	-0.842501	0.207003	-1.0705	1.1885	-1.02196	1.73955	-0.543743	1.41469	-0.300369	-0.847828	-0.613145	0.987978	-0.748826	2.18526	-0.623895	-0.335397	-0.333555	0.595073	0.47531	-0.309766	-0.962977	0.963131	-0.0946166	0.79118	-1.14971	2.1275	-0.903739	
-1.35267	-1.05449	-0.0425364	-1.31004	1.09996	-1.0867	1.92312	-0.475619	1.61911	-0.335669	-1.16988	-0.756702	1.41524	-0.869047	2.59597	-0.803028	-0.589509	-0.286858	0.778897	0.551247	-0.409491	-1.06575	1.04189	-0.0550215	0.548329	-1.16721	2.29556	-1.05009	
-1.12347	-1.19823	-0.296872	-1.41854	0.900522	-0.985287	1.93671	-0.299306	1.70229	-0.281112	-1.32649	-0.988261	1.71641	-0.952089	2.69919	-0.926181	-0.737886	-0.128216	0.9666	0.663491	-0.417144	-1.01986	1.07664	0.0751001	0.137586	-1.10843	2.19653	-1.06081	
-0.787518	-1.25166	-0.439094	-1.39707	0.715856	-0.77577	1.83654	-0.0657538	1.67887	-0.155558	-1.23089	-1.31615	1.80405	-1.026	2.5111	-1.0268	-0.742731	0.106977	1.13042	0.80216	-0.294814	-0.853546	1.09127	0.268194	-0.275182	-1.04319	1.93846	-0.956644	
-0.462643	-1.24105	-0.401641	-1.30414	0.652046	-0.547539	1.70432	0.177891	1.6005	0.0255736	-0.914229	-1.69679	1.66686	-1.11471	2.13333	-1.11409	-0.630832	0.354026	1.25635	0.963069	-0.054388	-0.641604	1.1025	0.479634	-0.51907	-1.04557	1.64994	-0.772361	
-0.257534	-1.21663	-0.200529	-1.2171	0.755034	-0.376608	1.63072	0.40163	1.54654	0.255519	-0.521672	-2.06981	1.34451	-1.24283	1.72351	-1.17454	-0.478953	0.54272	1.35087	1.14946	0.236866	-0.471533	1.11726	0.66482	-0.510381	-1.12575	1.44682	-0.54907	
-0.244241	-1.22778	0.0558306	-1.19297	0.981436	-0.290795	1.65977	0.602022	1.57452	0.529227	-0.247981	-2.35146	0.935627	-1.39318	1.42115	-1.16059	-0.386862	0.619848	1.42926	1.36077	0.472878	-0.40737	1.12589	0.793097	-0.283005	-1.24977	1.37443	-0.306956	
-0.434265	-1.30077	0.207494	-1.25696	1.21771	-0.273403	1.78511	0.792523	1.71025	0.83598	-0.257759	-2.4578	0.546573	-1.50436	1.31388	-1.02448	-0.438785	0.568652	1.50794	1.59202	0.543854	-0.475183	1.11108	0.852718	0.0223653	-1.35432	1.40514	-0.0524928	
-0.773113	-1.41628	0.109729	-1.37106	1.32111	-0.263269	1.93911	0.98608	1.92128	1.15251	-0.60279	-2.32529	0.251712	-1.49428	1.3962	-0.737511	-0.665638	0.410076	1.5864	1.81821	0.377624	-0.643541	1.04857	0.852697	0.214894	-1.32995	1.43904	0.225022	
-1.16595	-1.52078	-0.297608	-1.47085	1.18451	-0.193757	2.02845	1.18452	2.13279	1.4465	-1.19221	-1.9543	0.0848502	-1.28645	1.58316	-0.306127	-1.02866	0.194525	1.64604	2.00698	-0.0267582	-0.845959	0.925467	0.814066	0.14142	-1.12386	1.36871	0.536355	
-1.50696	-1.54611	-0.948795	-1.48378	0.784408	-0.0252741	1.97428	1.36617	2.25735	1.68139	-1.82511	-1.39072	-0.0011728	-0.847739	1.75061	0.220067	-1.42755	-0.019317	1.65319	2.12262	-0.58939	-1.00328	0.741917	0.759391	-0.251856	-0.724756	1.12358	0.877912	
-1.70948	-1.44799	-1.6644	-1.3679	0.200786	0.230561	1.73922	1.48898	2.22251	1.82253	-2.26743	-0.729868	-0.0643607	-0.223332	1.77448	0.753343	-1.73522	-0.18185	1.56863	2.13279	-1.16539	-1.05395	0.514495	0.701918	-0.855391	-0.200325	0.703027	1.21807	
-1.72445	-1.22163	-2.20407	-1.12716	-0.405601	0.516262	1.35571	1.50626	2.00613	1.85247	-2.34475	-0.111242	-0.173494	0.462767	1.59267	1.19047	-1.8355	-0.263156	1.3693	2.0265	-1.58867	-0.972646	0.276424	0.647232	-1.47574	0.340318	0.189838	1.50613	
-1.55458	-0.900268	-2.3657	-0.795191	-0.85875	0.757171	0.902302	1.38775	1.63475	1.77309	-2.02478	0.347623	-0.356296	1.04584	1.21542	1.45464	-1.66499	-0.25898	1.05473	1.81341	-1.72887	-0.768009	0.0629691	0.593124	-1.89967	0.778709	-0.292134	1.687	
-1.24064	-0.553971	-2.06137	-0.446615	-1.01607	0.877444	0.483108	1.13189	1.18054	1.60419	-1.41313	0.573634	-0.585311	1.36825	0.725434	1.50768	-1.23803	-0.183677	0.658307	1.52492	-1.5319	-0.489251	-0.0892775	0.532461	-1.96557	0.994695	-0.61408	1.71291	
-0.843671	-0.247538	-1.35691	-0.140963	-0.841052	0.850059	0.17802	0.774858	0.726096	1.37791	-0.726552	0.555193	-0.783624	1.34458	0.230786	1.36871	-0.639113	-0.0618791	0.237389	1.20306	-1.04374	-0.192755	-0.162554	0.467554	-1.66317	0.974388	-0.708228	1.57811	
-0.433017	-0.024699	-0.458203	0.0787872	-0.395962	0.697213	0.0253995	0.385105	0.340105	1.13474	-0.193791	0.343676	-0.867756	0.993439	-0.169478	1.10837	-0.0022727	0.0790552	-0.138291	0.899118	-0.395776	0.0653035	-0.149914	0.407049	-1.11905	0.743704	-0.569003	1.3199	
-0.0735439	0.103188	0.364922	0.195034	0.169004	0.475684	0.00827668	0.0401379	0.060451	0.912724	0.0435438	0.0394194	-0.782104	0.438327	-0.411309	0.822207	0.528055	0.212169	-0.404907	0.659435	0.234262	0.239761	-0.0646329	0.36112	-0.544646	0.38821	-0.26784	1.0077	
0.182981	0.151852	0.868968	0.2167	0.679947	0.25864	0.0732608	-0.194866	-0.107733	0.745092	-0.0427989	-0.237297	-0.521606	-0.13928	-0.486604	0.601191	0.834964	0.313364	-0.524794	0.519238	0.679583	0.305962	0.0669752	0.339315	-0.142021	0.0258388	0.0882523	0.72348	
0.304762	0.143991	0.933992	0.162337	1.00258	0.101791	0.161069	-0.282288	-0.17848	0.662052	-0.353115	-0.420152	-0.150346	-0.571872	-0.430519	0.504085	0.864606	0.366984	-0.485338	0.501857	0.838362	0.258383	0.217938	0.348639	-0.0220584	-0.246235	0.392158	0.537333	
0.27594	0.095171	0.595629	0.0563077	1.07016	0.029526	0.230898	-0.223545	-0.167175	0.681691	-0.728884	-0.480883	0.23946	-0.755778	-0.2989	0.547847	0.633465	0.361045	-0.309764	0.613306	0.698386	0.112587	0.356711	0.386686	-0.170706	-0.370073	0.574229	0.484926	
0.107824	-0.0079483	0.019858	-0.0968078	0.922784	0.011308	0.288892	-0.0576033	-0.0709455	0.80683	-1.01379	-0.445525	0.534142	-0.688808	-0.134174	0.69221	0.217888	0.29797	-0.0396485	0.841164	0.34066	-0.10673	0.468443	0.439336	-0.456693	-0.368539	0.634352	0.5417	
-0.162442	-0.187343	-0.555665	-0.283594	0.658796	0.00183936	0.365033	0.151234	0.120282	1.01372	-1.11699	-0.390871	0.678844	-0.470009	0.036771	0.857026	-0.261366	0.19453	0.267665	1.14449	-0.0940029	-0.354847	0.541723	0.490497	-0.692932	-0.285602	0.607142	0.644977	
-0.477991	-0.455774	-0.923842	-0.480721	0.409532	-0.0439326	0.510295	0.339376	0.422016	1.26048	-1.06339	-0.374315	0.65685	-0.257386	0.214259	0.955454	-0.67842	0.0833153	0.555868	1.47085	-0.454383	-0.576453	0.582063	0.528136	-0.747089	-0.196491	0.566408	0.717099	
-0.765878	-0.801787	-0.979192	-0.657958	0.271399	-0.149057	0.754288	0.458003	0.836361	1.485	-0.923977	-0.450476	0.522158	-0.198054	0.410839	0.909914	-0.930552	0.00740786	0.784005	1.75391	-0.626944	-0.715651	0.601494	0.546456	-0.578013	-0.166856	0.559843	0.685059	
-0.960519	-1.17475	-0.744984	-0.774708	0.289196	-0.298978	1.09291	0.48411	1.33583	1.62217	-0.794201	-0.609901	0.375795	-0.366282	0.632489	0.682946	-0.968068	-0.00023136	0.921307	1.93237	-0.571185	-0.733386	0.61096	0.547568	-0.256291	-0.218883	0.619881	0.520756	
-1.0237	-1.49703	-0.356247	-0.800465	0.444258	-0.450888	1.48914	0.43203	1.87038	1.62666	-0.731785	-0.813476	0.295063	-0.741104	0.879126	0.290123	-0.804286	0.0775131	0.966632	1.96941	-0.327779	-0.620484	0.624923	0.542652	0.0594609	-0.337574	0.742867	0.251868	
-0.965372	-1.696	0.00623221	-0.731957	0.6659	-0.548974	1.88092	0.34218	2.37709	1.48793	-0.726282	-1.00327	0.348351	-1.21811	1.14644	-0.199223	-0.513937	0.223523	0.935941	1.86238	-0.00129663	-0.410623	0.646482	0.542375	0.22641	-0.483029	0.898563	-0.0458321	
-0.840579	-1.736	0.182472	-0.605654	0.873217	-0.559654	2.21393	0.270736	2.80328	1.242	-0.730559	-1.11249	0.530754	-1.6474	1.43402	-0.674727	-0.213031	0.391383	0.865633	1.64957	0.277589	-0.178889	0.676293	0.554028	0.161275	-0.605221	1.06055	-0.2743	
-0.739681	-1.64444	0.101413	-0.489823	1.00496	-0.470953	2.45346	0.273092	3.11693	0.957062	-0.687367	-1.14745	0.807199	-1.88819	1.73641	-1.01994	-0.0217453	0.521165	0.80643	1.39291	0.399891	-0.0154602	0.710517	0.582815	-0.0913541	-0.669951	1.20861	-0.34264	
-0.750864	-1.49821	-0.202988	-0.452339	1.03717	-0.308089	2.59766	0.382853	3.31231	0.710758	-0.586635	-1.11886	1.10552	-1.86839	2.05053	-1.1456	-0.0292614	0.558297	0.804027	1.16026	0.310425	0.00241379	0.743371	0.627101	-0.41181	-0.658193	1.3487	-0.200814	
-0.919715	-1.40104	-0.62404	-0.544525	0.984513	-0.121787	2.6664	0.598904	3.40193	0.5513	-0.472421	-1.08895	1.34759	-1.59455	2.3758	-1.02387	-0.258223	0.484874	0.894971	0.990739	0.0297157	-0.154659	0.776388	0.68018	-0.649076	-0.599197	1.48901	0.12569	
-1.22553	-1.42679	-1.01558	-0.756873	0.89333	0.0394636	2.67348	0.877403	3.38411	0.471319	-0.417649	-1.11085	1.49702	-1.15833	2.68548	-0.708336	-0.650637	0.324424	1.07868	0.872306	-0.353811	-0.448823	0.808993	0.732451	-0.67697	-0.514757	1.63212	0.552202	
-1.57362	-1.58314	-1.25535	-1.01223	0.814047	0.150501	2.6129	1.14793	3.23314	0.401731	-0.507645	-1.20386	1.53368	-0.69881	2.92484	-0.321716	-1.0755	0.149322	1.32477	0.742431	-0.707812	-0.771473	0.849176	0.78277	-0.477648	-0.429726	1.75818	0.95806	
-1.82353	-1.79521	-1.28114	-1.19404	0.79034	0.21464	2.45121	1.32898	2.89645	0.229914	-0.765045	-1.35553	1.47196	-0.330321	3.01385	-0.0295542	-1.369	0.0541555	1.57329	0.505379	-0.897002	-0.98153	0.905692	0.833643	-0.129961	-0.357876	1.83223	1.22354	
-1.82861	-1.92374	-1.09777	-1.1756	0.837741	0.258607	2.12991	1.34952	2.30426	-0.15582	-1.12654	-1.48036	1.34339	-0.130977	2.86408	0.0163839	-1.38185	0.119311	1.74584	0.0678855	-0.824434	-0.951157	0.979081	0.88846	0.218672	-0.275369	1.80444	1.26882	
-1.50353	-1.8278	-0.766233	-0.88832	0.956933	0.321266	1.60477	1.18037	1.41073	-0.817491	-1.46009	-1.49988	1.18038	-0.0973867	2.41734	-0.275934	-1.0379	0.383954	1.78036	-0.616733	-0.462133	-0.617867	1.06844	0.953362	0.435638	-0.169701	1.64958	1.08224	
-0.855814	-1.41527	-0.363735	-0.334718	1.11732	0.437676	0.860046	0.845752	0.220688	-1.72751	-1.60561	-1.32076	1.00854	-0.180445	1.66257	-0.898583	-0.363136	0.819229	1.64453	-1.52224	0.13523	-0.0110364	1.15828	1.03365	0.454003	0.00965756	1.35719	0.732562	
0.00425873	-0.701676	0.0392219	0.387004	1.28608	0.620839	-0.0649998	0.425262	-1.19536	-2.76749	-1.4638	-0.90929	0.829897	-0.285518	0.653706	-1.7334	0.515955	1.34305	1.35718	-2.55032	0.851275	0.748726	1.23337	1.13391	0.306899	0.276669	0.965158	0.340346	
0.892991	0.191167	0.402023	1.1218	1.4255	0.862795	-1.09143	0.0332551	-2.71165	-3.7593	-1.0095	-0.27951	0.642725	-0.313303	-0.508735	-2.5839	1.40433	1.84206	0.983205	-3.55836	1.53596	1.4882	1.27598	1.25862	0.106463	0.633973	0.525382	0.0484082	
1.61772	1.06054	0.719989	1.71207	1.50968	1.14337	-2.11232	-0.213005	-4.17683	-4.52074	-0.345052	0.48135	0.442174	-0.208316	-1.70467	-3.23686	2.10562	2.21977	0.619257	-4.40385	2.05884	2.04489	1.28228	1.41597	-0.0117269	1.05102	0.100358	-0.0291591	
2.04121	1.70843	1.00546	2.0541	1.52716	1.43341	-3.03129	-0.235885	-5.46415	-4.94001	0.361264	1.25262	0.212866	0.0519617	-2.82729	-3.53885	2.48757	2.43073	0.357565	-5.00144	2.34436	2.32257	1.26234	1.61246	0.044484	1.47526	-0.260312	0.154128	
2.13906	2.01102	1.28383	2.14838	1.4758	1.72147	-3.80238	-0.0202752	-6.51251	-5.0077	0.939018	1.90199	-0.0481476	0.4139	-3.8227	-3.43291	2.53348	2.49661	0.253052	-5.34882	2.39846	2.33563	1.23256	1.85442	0.284164	1.86974	-0.565359	0.566448	
2.00004	1.96176	1.5751	2.08725	1.3744	2.01098	-4.42779	0.380538	-7.33685	-4.82792	1.27335	2.32437	-0.345923	0.799135	-4.68963	-2.99199	2.34435	2.50137	0.305036	-5.52612	2.30407	2.19749	1.21744	2.14456	0.618461	2.19168	-0.843903	1.11373	
1.79742	1.68736	1.89193	2.02303	1.24849	2.31056	-4.95147	0.857547	-8.00388	-4.57127	1.36357	2.47589	-0.690137	1.11027	-5.4654	-2.38408	2.10267	2.55165	0.459	-5.65446	2.18862	2.07807	1.23545	2.47592	0.903216	2.42264	-1.15455	1.66566	
1.71978	1.38191	2.23338	2.10014	1.13088	2.62914	-5.42262	1.28558	-8.59245	-4.40538	1.28143	2.36189	-1.09587	1.2733	-6.1911	-1.81224	2.00457	2.73586	0.626302	-5.84117	2.18069	2.13708	1.29144	2.82959	0.989526	2.56951	-1.5383	2.10405	
1.89625	1.2418	2.58332	2.39465	1.0351	2.95754	-5.87183	1.56152	-9.14143	-4.43154	1.16027	2.06442	-1.54854	1.23747	-6.86976	-1.44256	2.17885	3.07776	0.719098	-6.13111	2.35306	2.45492	1.36838	3.17175	0.807767	2.6475	-2.02029	2.35168	
2.33771	1.37123	2.90976	2.86682	0.964622	3.26471	-6.26745	1.64337	-9.60796	-4.62882	1.08549	1.66603	-2.02242	1.00783	-7.44583	-1.33896	2.63217	3.52349	0.691847	-6.46734	2.69651	2.99545	1.43878	3.46134	0.37681	2.67404	-2.56185	2.39699	
2.92745	1.75457	3.16176	3.37895	0.898764	3.49729	-6.53494	1.55726	-9.88416	-4.87142	1.07302	1.27593	-2.47626	0.652518	-7.82462	-1.45818	3.2433	3.95652	0.555378	-6.7169	3.11582	3.61372	1.46874	3.65438	-0.202122	2.66353	-3.08416	2.28614	
3.46441	2.25132	3.27446	3.73632	0.806413	3.59634	-6.57503	1.38594	-9.82435	-4.968	1.05415	0.965921	-2.84819	0.265929	-7.90071	-1.65847	3.79968	4.24091	0.383301	-6.70972	3.46234	4.1066	1.43783	3.71972	-0.78746	2.61248	-3.49146	2.09304	
3.72814	2.64182	3.18038	3.75833	0.656173	3.51868	-6.30099	1.23744	-9.304	-4.73972	0.90874	0.759799	-3.07646	-0.043074	-7.60209	-1.77228	4.0728	4.27265	0.284292	-6.30464	3.58564	4.28523	1.34998	3.64785	-1.25848	2.49627	-3.69456	1.89616	
3.56643	2.73241	2.83435	3.35332	0.437529	3.24726	-5.67858	1.19596	-8.27939	-4.09724	0.550749	0.639756	-3.12788	-0.20761	-6.93187	-1.68173	3.90365	4.01802	0.360683	-5.45001	3.38962	4.04559	1.23624	3.4517	-1.54641	2.2873	-3.64035	1.73463	
2.94917	2.40522	2.23205	2.549	0.174696	2.81184	-4.74652	1.30046	-6.82094	-3.0702	-0.0404433	0.532315	-3.01888	-0.203784	-5.98109	-1.34702	3.2634	3.531	0.666735	-4.20698	2.87175	3.41112	1.1449	3.17183	-1.66305	1.9665	-3.32753	1.6161	
1.98001	1.67773	1.42588	1.49337	-0.0835635	2.27938	-3.61821	1.53001	-5.10345	-1.80875	-0.774677	0.371134	-2.79276	-0.0731195	-4.90792	-0.830901	2.26287	2.92872	1.18231	-2.7408	2.12283	2.52037	1.12054	2.86098	-1.66207	1.53136	-2.81949	1.51872	
0.858286	0.685156	0.521752	0.393975	-0.267632	1.73067	-2.43119	1.81357	-3.34615	-0.518762	-1.49247	0.0894915	-2.52817	0.0886529	-3.87563	-0.262014	1.11202	2.35058	1.82077	-1.2574	1.29829	1.57631	1.19334	2.57241	-1.62466	0.998708	-2.19696	1.40543	
-0.189726	-0.366034	-0.336503	-0.539586	-0.320859	1.24909	-1.32279	2.06498	-1.75738	0.604869	-2.01031	-0.346421	-2.31124	0.183135	-3.01682	0.216602	0.051968	1.90518	2.44615	0.0526625	0.563713	0.778536	1.35373	2.34325	-1.59742	0.420213	-1.56029	1.25696	
-0.981707	-1.26625	-1.00886	-1.15748	-0.22046	0.895617	-0.392165	2.2074	-0.47824	1.43384	-2.2122	-0.895495	-2.19609	0.11978	-2.38602	0.507674	-0.727543	1.63135	2.9153	1.06144	0.039648	0.257816	1.55396	2.18233	-1.57978	-0.11861	-0.996383	1.07755	
-1.43872	-1.88094	-1.40297	-1.42404	0.00490205	0.691721	0.324416	2.20804	0.456856	1.94843	-2.08783	-1.49886	-2.17693	-0.119464	-1.94213	0.605745	-1.14505	1.49138	3.12352	1.73883	-0.237147	0.0351574	1.72184	2.06941	-1.53686	-0.553504	-0.557411	0.900544	
-1.58888	-2.16691	-1.50004	-1.3961	0.284679	0.617619	0.840686	2.07502	1.09696	2.21197	-1.73936	-2.03377	-2.21214	-0.470858	-1.59261	0.572467	-1.24116	1.39167	3.02874	2.13072	-0.315321	0.0322325	1.78087	1.9588	-1.42982	-0.815493	-0.255675	0.767484	
-1.5383	-2.18053	-1.35796	-1.19562	0.533001	0.626673	1.20024	1.85109	1.53502	2.33516	-1.34181	-2.39609	-2.21596	-0.833331	-1.23484	0.518782	-1.14151	1.23311	2.66114	2.32381	-0.295248	0.116831	1.68337	1.80328	-1.23088	-0.87741	-0.0695755	0.709158	
-1.41679	-2.03191	-1.08718	-0.952802	0.671594	0.66155	1.44401	1.59239	1.85816	2.41413	-1.06598	-2.51672	-2.10112	-1.07226	-0.810507	0.540218	-0.998782	0.951971	2.10648	2.39986	-0.284849	0.159666	1.42245	1.56878	-0.950282	-0.752487	0.0316562	0.732374	
-1.3161	-1.83132	-0.808751	-0.754704	0.66804	0.672613	1.59321	1.3377	2.10307	2.48812	-1.00449	-2.36949	-1.82243	-1.11358	-0.330134	0.671273	-0.926865	0.551967	1.47437	2.39821	-0.347371	0.0910687	1.03981	1.24743	-0.637287	-0.486454	0.0879972	0.803937	
-1.26407	-1.65503	-0.610162	-0.634741	0.544794	0.638177	1.64475	1.11093	2.25073	2.54054	-1.13496	-2.02014	-1.39365	-0.933497	0.126887	0.883993	-0.962601	0.102773	0.863917	2.3186	-0.48157	-0.0821282	0.609566	0.867513	-0.351435	-0.159626	0.132675	0.88071	
-1.22423	-1.52437	-0.520094	-0.56917	0.372288	0.563973	1.57718	0.909774	2.24091	2.50731	-1.34546	-1.54455	-0.894854	-0.590834	0.445304	1.09456	-1.06689	-0.290433	0.340423	2.1285	-0.625496	-0.287965	0.214098	0.482159	-0.133258	0.150073	0.179834	0.921322	
-1.13112	-1.41971	-0.507926	-0.51791	0.230818	0.471479	1.38319	0.72627	2.02966	2.33506	-1.48373	-1.06579	-0.423108	-0.203005	0.543669	1.21645	-1.15712	-0.529193	-0.0661144	1.81037	-0.694869	-0.436076	-0.0785455	0.154524	0.00810717	0.360949	0.231385	0.905008	
-0.931334	-1.30392	-0.502233	-0.447272	0.184415	0.391973	1.0772	0.553962	1.61239	2.0078	-1.41978	-0.671699	-0.088396	0.12329	0.394682	1.19238	-1.15848	-0.568332	-0.362799	1.37668	-0.626515	-0.461872	-0.241312	-0.0678473	0.0957006	0.440044	0.281769	0.842076	
-0.619214	-1.14629	-0.429888	-0.353622	0.251085	0.352986	0.700608	0.396309	1.04447	1.56679	-1.10373	-0.407365	0.0514778	0.303394	0.051078	1.03188	-1.03962	-0.433315	-0.576186	0.880531	-0.410195	-0.357758	-0.288893	-0.169317	0.182852	0.392345	0.315878	0.767721	
-0.250851	-0.94375	-0.25599	-0.274346	0.393514	0.356535	0.31802	0.268339	0.436321	1.09883	-0.59078	-0.274644	0.00979294	0.342986	-0.363826	0.805944	-0.835889	-0.212063	-0.732716	0.405532	-0.104261	-0.18495	-0.267551	-0.172767	0.313648	0.247342	0.324505	0.724159	
0.0839761	-0.716056	0.00395774	-0.253558	0.541176	0.387516	-0.00987022	0.18074	-0.0930572	0.69645	-0.00715531	-0.209912	-0.150942	0.313931	-0.716227	0.606487	-0.627806	-0.0163534	-0.851261	0.0281696	0.193448	-0.0364895	-0.235377	-0.131505	0.493078	0.0706427	0.302953	0.733635	
0.298669	-0.49216	0.292056	-0.317874	0.618487	0.423105	-0.240961	0.13592	-0.453677	0.425539	0.497943	-0.162285	-0.334706	0.315426	-0.902862	0.510335	-0.501652	0.0605767	-0.939683	-0.204835	0.38147	0.0041773	-0.237964	-0.106477	0.701521	-0.0647061	0.255381	0.79184	
0.352023	-0.292538	0.529587	-0.458038	0.579126	0.436467	-0.369543	0.117812	-0.617638	0.293548	0.808712	-0.0782799	-0.453741	0.430834	-0.894522	0.539182	-0.507549	-0.0152648	-0.994438	-0.297936	0.402699	-0.0958411	-0.2913	-0.142387	0.877304	-0.11226	0.186793	0.858267	
0.265485	-0.117278	0.650844	-0.621244	0.42147	0.411296	-0.415474	0.0983528	-0.613491	0.256065	0.874189	0.046898	-0.464913	0.683357	-0.734076	0.6549	-0.633413	-0.210516	-1.00867	-0.29441	0.262705	-0.302519	-0.383534	-0.251429	0.961545	-0.0480227	0.104571	0.878815	
0.115978	0.0442953	0.622623	-0.731142	0.190063	0.353147	-0.415487	0.050734	-0.515855	0.239022	0.726295	0.18729	-0.383718	1.01686	-0.51802	0.772562	-0.811834	-0.439083	-0.979527	-0.258402	0.0275145	-0.52467	-0.481739	-0.405709	0.908268	0.126208	0.0203973	0.807081	
0.00018934	0.212961	0.456502	-0.71702	-0.0572317	0.286506	-0.402391	-0.0337769	-0.391959	0.184009	0.447593	0.300909	-0.273994	1.31927	-0.351364	0.807506	-0.947624	-0.6025	-0.904338	-0.231744	-0.208035	-0.653891	-0.551517	-0.547468	0.701109	0.379795	-0.0755453	0.632053	
-0.00811033	0.390774	0.200983	-0.552286	-0.259435	0.23092	-0.385687	-0.142074	-0.278177	0.0663998	0.138941	0.345636	-0.216785	1.45902	-0.294947	0.710613	-0.961864	-0.629977	-0.782898	-0.22463	-0.359425	-0.617407	-0.567456	-0.616902	0.38563	0.647812	-0.184968	0.378626	
0.108444	0.554982	-0.0818168	-0.264296	-0.389782	0.203766	-0.354899	-0.237952	-0.164403	-0.0854744	-0.118118	0.313117	-0.268764	1.3561	-0.355784	0.488944	-0.826842	-0.505861	-0.61383	-0.207482	-0.385525	-0.40509	-0.523999	-0.57224	0.00854543	0.875125	-0.316964	0.10138	
0.303979	0.672734	-0.33391	0.0743406	-0.456295	0.209267	-0.286643	-0.279355	-0.00711126	-0.210942	-0.275555	0.217828	-0.44223	1.01202	-0.484759	0.210215	-0.575705	-0.279219	-0.403518	-0.133029	-0.305142	-0.0789009	-0.437969	-0.413683	-0.359584	1.00914	-0.475587	-0.128577	
0.493017	0.711178	-0.521196	0.364083	-0.492315	0.218377	-0.162876	-0.238214	0.237404	-0.251093	-0.328051	0.123861	-0.684219	0.510284	-0.598469	-0.0364389	-0.289796	-0.0370854	-0.162504	0.0328126	-0.178291	0.246331	-0.333551	-0.186204	-0.670429	1.00298	-0.652531	-0.267514	
0.584231	0.659959	-0.623111	0.523135	-0.5313	0.193436	0.0178374	-0.116431	0.584153	-0.176663	-0.299384	0.0803821	-0.918146	-0.00225466	-0.627202	-0.174835	-0.0590919	0.128153	0.0863202	0.288221	-0.0758766	0.453327	-0.238751	0.036352	-0.882222	0.848618	-0.827161	-0.30417	
0.531097	0.538019	-0.630594	0.522964	-0.58519	0.104404	0.226385	0.0507637	0.984101	-0.0118761	-0.221925	0.119514	-1.06513	-0.397129	-0.549472	-0.183579	0.0625917	0.162023	0.308001	0.579952	-0.0392845	0.475991	-0.168921	0.180349	-0.980195	0.566659	-0.965702	-0.270491	
0.348198	0.3978	-0.536317	0.391545	-0.642267	-0.0568491	0.421136	0.212683	1.3566	0.187431	-0.138216	0.219861	-1.08359	-0.591674	-0.394225	-0.0902195	0.0765039	0.0630551	0.467992	0.835324	-0.0654909	0.320678	-0.128858	0.202596	-0.977371	0.201401	-1.03799	-0.21687	
0.107816	0.299444	-0.338006	0.202338	-0.664127	-0.269175	0.557107	0.318297	1.6023	0.346426	-0.0898654	0.331994	-0.995268	-0.584186	-0.228368	0.0402733	0.037594	-0.115323	0.534839	0.976823	-0.108028	0.0652864	-0.11513	0.104185	-0.886271	-0.193141	-1.02002	-0.188709	
-0.0885617	0.276261	-0.045236	0.0450442	-0.618107	-0.478768	0.603727	0.34221	1.64499	0.41047	-0.114074	0.384152	-0.864857	-0.45251	-0.123564	0.129765	0.0251637	-0.290941	0.496857	0.960486	-0.102863	-0.169905	-0.119659	-0.0659937	-0.726109	-0.535906	-0.91124	-0.212723	
-0.153696	0.339055	0.314202	-0.00973497	-0.498558	-0.613944	0.555176	0.29574	1.46834	0.372453	-0.237734	0.312438	-0.790595	-0.29534	-0.128996	0.137443	0.107956	-0.387633	0.367195	0.797621	-0.00380544	-0.272396	-0.139024	-0.229662	-0.531873	-0.768486	-0.744986	-0.270026	
-0.0500907	0.456783	0.686476	0.0619039	-0.334131	-0.624918	0.429093	0.217869	1.11896	0.265878	-0.460617	0.114704	-0.841395	-0.203144	-0.242899	0.067126	0.307609	-0.367014	0.183094	0.544041	0.192121	-0.187649	-0.173377	-0.315661	-0.345905	-0.853374	-0.576412	-0.322245	
0.19476	0.570446	1.00909	0.230062	-0.176947	-0.489269	0.261977	0.156147	0.691034	0.147461	-0.740428	-0.184641	-1.04107	-0.205098	-0.423092	-0.0390412	0.590663	-0.240403	-0.00766337	0.277548	0.441165	0.0648259	-0.224495	-0.284256	-0.196937	-0.775294	-0.459645	-0.320802	
0.505132	0.631611	1.21705	0.441528	-0.0919403	-0.228173	0.0793471	0.14104	0.279186	0.0637378	-1.00273	-0.488754	-1.34478	-0.264943	-0.614662	-0.126908	0.887343	-0.0559463	-0.16497	0.0595055	0.67023	0.405778	-0.290953	-0.143142	-0.124955	-0.553153	-0.448142	-0.23604	
0.794873	0.628295	1.28056	0.634391	-0.118152	0.0915529	-0.104914	0.170416	-0.0511205	0.025935	-1.14669	-0.702673	-1.66065	-0.311556	-0.768973	-0.153294	1.12216	0.118875	-0.270096	-0.0889743	0.811685	0.722913	-0.366816	0.0527469	-0.136996	-0.23884	-0.56015	-0.0739107	
1.00329	0.600979	1.2173	0.776059	-0.250932	0.384355	-0.301147	0.201436	-0.294676	-0.00168058	-1.08546	-0.740432	-1.89105	-0.264862	-0.876097	-0.118947	1.25215	0.230001	-0.337558	-0.19967	0.836015	0.924032	-0.443453	0.223779	-0.211256	0.104727	-0.784524	0.125106	
1.11888	0.615236	1.09681	0.873372	-0.439656	0.574674	-0.529024	0.172487	-0.499316	-0.0849242	-0.781626	-0.5719	-1.95438	-0.103096	-0.96466	-0.0716482	1.28778	0.257611	-0.403371	-0.336085	0.768884	0.974237	-0.508006	0.300126	-0.292886	0.418412	-1.07118	0.294605	
1.18121	0.757826	1.01841	0.966948	-0.611621	0.627039	-0.802265	0.0327282	-0.731231	-0.283368	-0.276295	-0.237667	-1.84396	0.147165	-1.08461	-0.0789693	1.28803	0.220342	-0.509481	-0.556091	0.678131	0.905159	-0.553812	0.247808	-0.325294	0.656946	-1.35769	0.381221	
1.25056	1.07693	1.06244	1.10647	-0.701908	0.54954	-1.11648	-0.234933	-1.03547	-0.6191	0.31523	0.192467	-1.60281	0.409012	-1.2678	-0.202108	1.32499	0.162248	-0.680867	-0.883268	0.642032	0.796158	-0.583168	0.0796498	-0.26696	0.802864	-1.59643	0.352695	
1.3808	1.55361	1.269	1.31499	-0.676248	0.392696	-1.43281	-0.59679	-1.40707	-1.05835	0.839695	0.606715	-1.32737	0.574715	-1.5086	-0.464942	1.4485	0.131298	-0.907726	-1.28389	0.715101	0.73332	-0.600389	-0.149727	-0.0862863	0.857222	-1.7437	0.212132	
1.5806	2.10133	1.60045	1.57442	-0.550681	0.224484	-1.69327	-0.977605	-1.78213	-1.51147	1.15104	0.922637	-1.11833	0.580675	-1.75133	-0.839489	1.65635	0.157878	-1.14173	-1.67116	0.897008	0.771027	-0.610379	-0.365875	0.181606	0.831499	-1.79476	-0.00642368	
1.8023	2.58442	1.95234	1.81391	-0.380341	0.0997041	-1.83013	-1.28122	-2.05155	-1.863	1.16782	1.08545	-1.02885	0.411961	-1.9032	-1.2398	1.88306	0.23951	-1.30511	-1.93459	1.12944	0.898422	-0.610591	-0.502699	0.461355	0.731589	-1.76231	-0.252021	
1.9594	2.86481	2.18847	1.94637	-0.230935	0.0399561	-1.79411	-1.43436	-2.11284	-2.01878	0.906726	1.09533	-1.0631	0.130995	-1.86953	-1.56901	2.02635	0.344613	-1.32676	-1.98636	1.31714	1.04852	-0.590995	-0.530918	0.670907	0.574942	-1.66902	-0.481627	
1.96017	2.84608	2.19128	1.90033	-0.148474	0.027514	-1.57364	-1.41171	-1.91192	-1.93983	0.480248	0.997436	-1.15021	-0.169595	-1.60265	-1.75227	1.99312	0.430468	-1.16682	-1.79597	1.37209	1.13106	-0.534008	-0.460782	0.743002	0.369764	-1.52897	-0.676004	
1.752	2.52415	1.91375	1.65125	-0.143216	0.0139426	-1.20108	-1.24227	-1.46927	-1.65223	0.0500972	0.842324	-1.20258	-0.400783	-1.12107	-1.74431	1.74158	0.459506	-0.837887	-1.39875	1.24737	1.06657	-0.424941	-0.338574	0.650876	0.124544	-1.34402	-0.834089	
1.34282	1.97734	1.39385	1.24314	-0.179762	-0.0506159	-0.747939	-1.00474	-0.879299	-1.24634	-0.234199	0.68186	-1.13504	-0.494132	-0.511484	-1.56261	1.30672	0.413074	-0.410589	-0.89517	0.960525	0.832897	-0.26653	-0.226089	0.419499	-0.136256	-1.11093	-0.967283	
0.805272	1.34831	0.757739	0.778403	-0.20438	-0.194548	-0.29676	-0.790004	-0.274984	-0.833037	-0.305398	0.547058	-0.907936	-0.457392	0.0958894	-1.26671	0.796176	0.298076	0.010818	-0.403477	0.587886	0.472989	-0.0796541	-0.172292	0.124094	-0.379504	-0.818597	-1.08147	
0.255698	0.784931	0.166065	0.381234	-0.170207	-0.407089	0.0780268	-0.666946	0.213621	-0.504815	-0.190265	0.436658	-0.551282	-0.334471	0.580983	-0.931988	0.352178	0.142813	0.319637	-0.0230068	0.2342	0.0858645	0.0954513	-0.198891	-0.158333	-0.56037	-0.474373	-1.16873	
-0.191113	0.397182	-0.238761	0.152194	-0.0634208	-0.643543	0.33034	-0.659818	0.506763	-0.309327	0.00683284	0.345861	-0.137	-0.197545	0.866932	-0.629174	0.0959746	-0.0200663	0.444231	0.193168	-0.00790208	-0.217185	0.20958	-0.295559	-0.357571	-0.644646	-0.110382	-1.20728	
-0.45848	0.215152	-0.374082	0.131705	0.0922509	-0.842484	0.459226	-0.740743	0.598834	-0.230665	0.148068	0.244432	0.23191	-0.115482	0.955482	-0.395489	0.0816453	-0.165624	0.373292	0.26036	-0.0927924	-0.358056	0.225828	-0.427169	-0.429221	-0.611531	0.227424	-1.17352	
-0.535988	0.185884	-0.248235	0.281892	0.248128	-0.949659	0.498457	-0.84782	0.550572	-0.213337	0.134082	0.121477	0.482089	-0.121019	0.913601	-0.240496	0.274137	-0.286838	0.155695	0.238662	-0.0363161	-0.320785	0.131753	-0.552994	-0.375014	-0.472678	0.493969	-1.05498	
-0.475787	0.20567	0.0512729	0.49393	0.347308	-0.950102	0.502604	-0.906645	0.464757	-0.180842	-0.057367	-0.0309571	0.583908	-0.209448	0.850721	-0.134219	0.55883	-0.389247	-0.111081	0.2131	0.0937145	-0.166957	-0.0456629	-0.63887	-0.231805	-0.278938	0.653402	-0.863853	
-0.367714	0.156155	0.394699	0.63158	0.367447	-0.867399	0.522405	-0.868079	0.433408	-0.0843015	-0.345682	-0.224029	0.573186	-0.338505	0.863934	-0.0437905	0.786134	-0.482329	-0.322231	0.244606	0.213388	-0.00352334	-0.249269	-0.670331	-0.0320424	-0.101847	0.706043	-0.640592	
-0.301977	-0.0334819	0.664456	0.588851	0.325666	-0.760227	0.590448	-0.72259	0.509301	0.0904434	-0.605335	-0.439749	0.529431	-0.479659	0.997549	0.0496623	0.83317	-0.569632	-0.399323	0.359449	0.256607	0.0600346	-0.408303	-0.650565	0.205326	-0.0158516	0.687503	-0.443042	
-0.329918	-0.370509	0.782753	0.319135	0.268682	-0.691078	0.713833	-0.495977	0.69269	0.321094	-0.721464	-0.690901	0.539596	-0.606513	1.23777	0.170633	0.64442	-0.643482	-0.314429	0.545514	0.198862	-0.044568	-0.464368	-0.592695	0.455326	-0.0693199	0.656366	-0.317343	
-0.455859	-0.790657	0.7361	-0.137559	0.248728	-0.701593	0.865919	-0.243075	0.930647	0.547208	-0.63252	-0.954053	0.662929	-0.704141	1.5137	0.313915	0.256002	-0.689548	-0.103881	0.747274	0.0633296	-0.312971	-0.398845	-0.51659	0.709852	-0.262511	0.660284	-0.284501	
-0.632243	-1.18193	0.570489	-0.664714	0.294713	-0.78947	1.00916	-0.0188809	1.15256	0.711787	-0.37885	-1.21946	0.897307	-0.779988	1.7375	0.465377	-0.216695	-0.689723	0.154641	0.907024	-0.0915387	-0.66626	-0.236277	-0.431649	0.947591	-0.545081	0.720513	-0.331181	
-0.790471	-1.44615	0.357115	-1.1208	0.397127	-0.911535	1.10669	0.139348	1.29631	0.776522	-0.0638294	-1.45805	1.19108	-0.837993	1.84412	0.605768	-0.627647	-0.635903	0.367969	0.980441	-0.203147	-0.985821	-0.0389204	-0.343433	1.13289	-0.836986	0.828474	-0.411242	
-0.863713	-1.52098	0.161897	-1.37928	0.497962	-1.00168	1.12789	0.22295	1.32891	0.732816	0.179574	-1.6179	1.44642	-0.867563	1.81403	0.717581	-0.85006	-0.535028	0.461198	0.947429	-0.232369	-1.15487	0.117302	-0.254688	1.20891	-1.04703	0.925347	-0.469479	
-0.816121	-1.40883	0.0294411	-1.38118	0.531072	-0.996267	1.06588	0.243895	1.25592	0.598789	0.265345	-1.67712	1.56875	-0.840228	1.68225	0.78763	-0.823987	-0.410929	0.402814	0.816651	-0.174156	-1.10876	0.170529	-0.170152	1.13817	-1.11992	0.951199	-0.461772	
-0.657546	-1.16829	-0.025994	-1.14342	0.445037	-0.870422	0.933272	0.223668	1.11326	0.410884	0.181314	-1.59455	1.50873	-0.736363	1.51609	0.798481	-0.569438	-0.297925	0.209549	0.619115	-0.0595268	-0.856715	0.0967864	-0.103626	0.910662	-1.04427	0.85841	-0.379165	
-0.428114	-0.883484	-0.0169855	-0.757357	0.235842	-0.648876	0.765704	0.178801	0.951113	0.207987	-0.0108382	-1.37334	1.27418	-0.556512	1.39141	0.739281	-0.177188	-0.225098	-0.0593071	0.395317	0.064124	-0.478849	-0.0767586	-0.0717389	0.55404	-0.866664	0.655835	-0.251948	
