0.0812208	-0.198396	-0.222452	-0.0850422	-0.246973	-0.208279	-0.00158179	-0.0166344	0.559911	0.676144	0.18898	-0.393195	-1.11295	-0.279699	-0.344959	0.272362	-0.211234	0.408118	0.347322	0.797941	0.0604348	0.266116	0.290563	0.274065	-0.226077	-0.557558	-0.752967	-0.304818	
0.029274	-0.0215047	-0.212372	-0.0614313	-0.203185	-0.151522	-0.163927	0.0578113	0.136371	0.462276	-0.135759	-0.0420501	-1.19231	-0.0103083	-0.584866	0.323191	-0.117739	0.307348	0.253228	0.38174	0.00619101	0.255889	0.178489	0.265123	-0.284236	-0.558048	-0.64204	-0.0888129	
0.0014105	0.0950071	-0.16389	0.0760284	-0.172115	-0.0839743	-0.335091	0.0959381	-0.262474	0.239381	-0.387251	0.292351	-1.00759	0.233795	-0.739449	0.349806	-0.0199087	0.173956	0.0982743	-0.0512807	-0.0572196	0.256135	0.0395678	0.207427	-0.290366	-0.526046	-0.464413	0.100873	
-0.00114333	0.154505	-0.096509	0.285961	-0.160051	-0.021325	-0.464023	0.0990067	-0.551968	0.0502237	-0.524337	0.519044	-0.668624	0.395071	-0.753756	0.361585	0.0605435	0.0371872	-0.0825609	-0.414609	-0.118361	0.250584	-0.084773	0.122266	-0.26578	-0.435994	-0.242523	0.238315	
0.0194655	0.191475	-0.0302077	0.500463	-0.156976	0.0477601	-0.510606	0.0900244	-0.690211	-0.0774488	-0.54205	0.56047	-0.319659	0.442357	-0.63647	0.357663	0.112667	-0.0625628	-0.235308	-0.641483	-0.156639	0.239784	-0.147859	0.0488407	-0.234611	-0.256601	-0.0162109	0.330604	
0.0524687	0.241533	0.0190217	0.626717	-0.140544	0.130028	-0.461728	0.0966353	-0.68825	-0.136493	-0.470146	0.401545	-0.0599064	0.378946	-0.453223	0.341186	0.131145	-0.092551	-0.312973	-0.705965	-0.154006	0.228488	-0.114188	0.0248189	-0.211071	0.011986	0.173576	0.385396	
0.0849638	0.327711	0.0425555	0.597631	-0.0893258	0.22696	-0.33357	0.135449	-0.599287	-0.142778	-0.367137	0.124361	0.0547879	0.25826	-0.294482	0.306546	0.120394	-0.0413489	-0.293519	-0.632894	-0.102901	0.224116	0.0201769	0.0673873	-0.204693	0.331662	0.294832	0.409448	
0.112032	0.45325	0.0397188	0.426411	0.000489991	0.334102	-0.165292	0.207446	-0.495164	-0.122336	-0.297614	-0.165974	0.0163929	0.139313	-0.237483	0.2508	0.098575	0.0800983	-0.18695	-0.479529	-0.00864812	0.245247	0.226913	0.171752	-0.227984	0.625083	0.33098	0.406191	
0.129131	0.584615	0.0159466	0.163441	0.113537	0.422902	0.000199136	0.288432	-0.43042	-0.105195	-0.304091	-0.325035	-0.138089	0.0874728	-0.297242	0.174944	0.0787761	0.234904	-0.0325006	-0.322216	0.106816	0.286713	0.451673	0.300578	-0.281752	0.806552	0.294445	0.363781	
0.135636	0.681053	-0.0216643	-0.0968798	0.218962	0.468192	0.129291	0.346854	-0.421867	-0.108791	-0.390925	-0.287152	-0.382755	0.125803	-0.439566	0.0883257	0.0715674	0.376006	0.118031	-0.212515	0.215192	0.336355	0.635996	0.40641	-0.369926	0.822389	0.208783	0.279945	
0.132379	0.708508	-0.0659145	-0.268656	0.285762	0.432172	0.209581	0.343109	-0.447917	-0.143127	-0.525913	-0.0463362	-0.685439	0.236123	-0.579656	-0.00845604	0.077508	0.458465	0.214464	-0.172379	0.289712	0.3651	0.729178	0.439429	-0.481531	0.646952	0.112496	0.136068	
0.125442	0.652775	-0.107488	-0.294466	0.300369	0.319055	0.256727	0.264959	-0.463566	-0.206664	-0.64977	0.292526	-0.998411	0.360301	-0.631139	-0.117913	0.0930076	0.461787	0.237738	-0.18744	0.318976	0.34789	0.714643	0.38099	-0.598263	0.330871	0.0425745	-0.0467906	
0.116821	0.535894	-0.136112	-0.195056	0.269588	0.146702	0.294527	0.126162	-0.422756	-0.282166	-0.708139	0.590993	-1.27845	0.430519	-0.551626	-0.232132	0.109408	0.392358	0.197005	-0.210989	0.310731	0.269231	0.61381	0.242992	-0.684361	-0.0463581	0.020349	-0.244063	
0.10942	0.390763	-0.14304	-0.0428501	0.229592	-0.0411993	0.350807	-0.0386224	-0.304872	-0.355941	-0.670081	0.712605	-1.44975	0.390046	-0.344079	-0.355472	0.116704	0.281909	0.125547	-0.203883	0.286725	0.132297	0.474379	0.067232	-0.699815	-0.39733	0.0677159	-0.42503	
0.0999579	0.25502	-0.126231	0.0498323	0.219603	-0.185266	0.43961	-0.170467	-0.122442	-0.403291	-0.546688	0.567486	-1.44424	0.21955	-0.068797	-0.478205	0.107278	0.173801	0.0734737	-0.134232	0.270095	-0.0419531	0.355833	-0.0839121	-0.625606	-0.633952	0.181463	-0.537876	
0.0866196	0.137362	-0.0873737	-0.00297737	0.2702	-0.247236	0.553468	-0.220742	0.0848197	-0.405518	-0.37999	0.186942	-1.22377	-0.0426755	0.194205	-0.583956	0.0784161	0.107634	0.0762715	-0.00298594	0.278089	-0.215892	0.303447	-0.159956	-0.454962	-0.725308	0.343596	-0.557921	
0.0615105	0.0367042	-0.0406775	-0.241926	0.38064	-0.209178	0.666135	-0.160698	0.264887	-0.350343	-0.232806	-0.304601	-0.824149	-0.314345	0.367387	-0.640672	0.0289608	0.0990577	0.147013	0.164872	0.306452	-0.36228	0.330998	-0.134521	-0.228794	-0.668249	0.515239	-0.469928	
0.023745	-0.0552699	0.000905592	-0.616567	0.519204	-0.101618	0.740055	-0.00436901	0.370429	-0.242104	-0.158084	-0.702892	-0.340421	-0.49167	0.40872	-0.62881	-0.0301729	0.137378	0.263684	0.321885	0.338878	-0.456565	0.413638	-0.023064	0.00284428	-0.521663	0.651393	-0.303932	
-0.020393	-0.155404	0.024645	-1.00654	0.631727	0.0409017	0.747679	0.208003	0.378957	-0.104346	-0.178125	-0.883987	0.0913566	-0.520531	0.334136	-0.533554	-0.086571	0.194262	0.386418	0.414659	0.348799	-0.487936	0.503831	0.136731	0.167098	-0.338886	0.715653	-0.0944154	
-0.0669316	-0.249123	0.0233119	-1.28876	0.662333	0.158878	0.675662	0.418736	0.29858	0.0366345	-0.278927	-0.803898	0.328598	-0.398749	0.183216	-0.349957	-0.128641	0.230723	0.473551	0.419414	0.313938	-0.471433	0.552883	0.288882	0.219589	-0.169079	0.684264	0.113544	
-0.103288	-0.303736	0.000617744	-1.34176	0.588657	0.218857	0.534044	0.566769	0.151658	0.13358	-0.416311	-0.506851	0.286789	-0.168718	0.00595496	-0.117092	-0.144764	0.220793	0.489909	0.323055	0.231527	-0.416501	0.527886	0.385627	0.156332	-0.0332006	0.56286	0.265479	
-0.121012	-0.296026	-0.0348926	-1.13976	0.417808	0.214644	0.35841	0.629518	-0.0212798	0.161458	-0.534945	-0.151799	-0.00928167	0.0775605	-0.159242	0.125749	-0.133838	0.160936	0.439328	0.153982	0.11325	-0.345311	0.429803	0.412266	-0.00559062	0.0847868	0.372779	0.354957	
-0.112946	-0.208138	-0.0692251	-0.726194	0.198139	0.175415	0.187249	0.613047	-0.194137	0.102511	-0.603934	0.109016	-0.438759	0.260098	-0.311766	0.328143	-0.100475	0.0710951	0.344322	-0.0538717	-0.010648	-0.257683	0.290425	0.384423	-0.200518	0.201936	0.154526	0.379456	
-0.0843122	-0.0510692	-0.098433	-0.223986	-0.00708024	0.155071	0.0567566	0.556528	-0.352022	-0.0329238	-0.617331	0.172546	-0.835649	0.334554	-0.46381	0.455777	-0.061944	-0.0154432	0.247852	-0.262394	-0.112874	-0.157169	0.156162	0.343476	-0.376462	0.347927	-0.0447188	0.369791	
-0.0556412	0.115798	-0.130466	0.204311	-0.143481	0.181603	-0.0156262	0.512038	-0.49009	-0.207579	-0.605167	0.0433709	-1.02637	0.313728	-0.636817	0.499434	-0.0447447	-0.0729683	0.190864	-0.438122	-0.181721	-0.0523778	0.0697995	0.328568	-0.48982	0.527884	-0.189177	0.372773	
-0.0468265	0.220492	-0.17539	0.433982	-0.181275	0.277656	-0.030468	0.520959	-0.609768	-0.373131	-0.606484	-0.193339	-0.91545	0.245911	-0.825535	0.478702	-0.0723981	-0.0863193	0.194441	-0.565025	-0.218057	0.0521962	0.0515618	0.366545	-0.527548	0.715833	-0.264547	0.423322	
-0.0773596	0.211781	-0.246697	0.40768	-0.139316	0.422922	-0.00744899	0.598715	-0.701727	-0.471978	-0.650355	-0.380802	-0.555085	0.209557	-1.00071	0.440896	-0.155892	-0.0653937	0.255767	-0.628548	-0.241751	0.140057	0.0908996	0.452399	-0.518384	0.878271	-0.290193	0.542217	
-0.154112	0.0820128	-0.340124	0.157552	-0.0528649	0.580689	0.0213675	0.717334	-0.766331	-0.484308	-0.737579	-0.360924	-0.0653096	0.272843	-1.1162	0.421432	-0.288773	-0.0413413	0.336594	-0.646402	-0.27196	0.193368	0.148763	0.54921	-0.477322	0.971641	-0.291314	0.707718	
-0.264192	-0.13234	-0.434301	-0.20728	0.023411	0.701062	0.0329266	0.829892	-0.793196	-0.407315	-0.821089	-0.106213	0.378835	0.431106	-1.11305	0.450325	-0.443373	-0.0489647	0.393903	-0.632562	-0.32175	0.196723	0.176168	0.610175	-0.434504	0.961053	-0.292167	0.891086	
-0.384267	-0.350587	-0.499612	-0.563	0.0522522	0.745646	0.00820138	0.878039	-0.785704	-0.279193	-0.845479	0.324126	0.63282	0.638784	-0.971545	0.527941	-0.582734	-0.11655	0.385633	-0.610918	-0.388612	0.141519	0.136943	0.591517	-0.389835	0.843816	-0.303633	1.04383	
-0.47492	-0.478021	-0.494285	-0.78204	0.033444	0.70928	-0.0500335	0.817369	-0.755728	-0.156448	-0.741845	0.783993	0.656751	0.815352	-0.708346	0.616036	-0.661804	-0.242365	0.29353	-0.603949	-0.444298	0.0433373	0.0240734	0.478467	-0.314428	0.65039	-0.311536	1.11318	
-0.505032	-0.471983	-0.399017	-0.806844	-0.0155012	0.599972	-0.129341	0.640018	-0.722234	-0.0910179	-0.486622	1.11059	0.490711	0.886399	-0.391483	0.671871	-0.653129	-0.403371	0.129294	-0.625086	-0.460721	-0.0726087	-0.137151	0.285861	-0.191305	0.423927	-0.294767	1.07641	
-0.452214	-0.340253	-0.212101	-0.663932	-0.0435514	0.460133	-0.203083	0.372617	-0.714091	-0.120894	-0.100387	1.16741	0.296067	0.798694	-0.0994028	0.647661	-0.551086	-0.55311	-0.0698094	-0.689152	-0.407664	-0.172755	-0.296878	0.0638343	0.00364146	0.211808	-0.21444	0.930287	
-0.319447	-0.147573	0.0303569	-0.421448	-0.0202788	0.318425	-0.246372	0.0675955	-0.741967	-0.243936	0.351205	0.940704	0.185888	0.568462	0.104426	0.52212	-0.374609	-0.645968	-0.253567	-0.790978	-0.281018	-0.227868	-0.40424	-0.131405	0.24999	0.056706	-0.0605616	0.698914	
-0.136125	-0.00875497	0.27104	-0.198919	0.0766795	0.190478	-0.243066	-0.223504	-0.808438	-0.439204	0.771591	0.51166	0.272281	0.255448	0.199958	0.301413	-0.168561	-0.656416	-0.38293	-0.927546	-0.102278	-0.235244	-0.425762	-0.262364	0.517821	-0.015344	0.172337	0.42358	
0.0554807	-0.00691983	0.45394	-0.0857975	0.231531	0.0663817	-0.186144	-0.462943	-0.88954	-0.655854	1.08737	0.0217389	0.556233	-0.0650948	0.224563	0.0266305	0.0170505	-0.586359	-0.441175	-1.0759	0.087181	-0.207754	-0.36236	-0.318711	0.755331	-0.0209578	0.448517	0.149987	
0.21253	-0.173245	0.538787	-0.129899	0.40787	-0.0699064	-0.0860905	-0.645262	-0.951218	-0.848289	1.25576	-0.367283	0.953211	-0.317732	0.250204	-0.248281	0.144652	-0.463895	-0.439571	-1.21107	0.241866	-0.172613	-0.245611	-0.325221	0.918081	0.0109508	0.719733	-0.0889244	
0.30489	-0.465092	0.527275	-0.323725	0.568785	-0.234087	0.0387427	-0.790601	-0.966837	-0.989226	1.28953	-0.564552	1.38197	-0.472527	0.357818	-0.474964	0.19678	-0.334973	-0.415632	-1.31966	0.328987	-0.163512	-0.130287	-0.3252	1.00627	0.0534926	0.943985	-0.275998	
0.321679	-0.775671	0.451829	-0.594653	0.682049	-0.435418	0.162955	-0.92979	-0.91833	-1.06743	1.24408	-0.5514	1.74702	-0.537821	0.592763	-0.621038	0.181107	-0.247162	-0.410365	-1.3852	0.337295	-0.203795	-0.0691835	-0.367444	1.04476	0.0598553	1.09092	-0.410911	
0.276421	-0.983119	0.368715	-0.870313	0.751402	-0.649889	0.268	-1.08794	-0.813865	-1.10015	1.18762	-0.397456	2.05936	-0.556645	0.949366	-0.691811	0.124338	-0.225782	-0.453978	-1.4113	0.284729	-0.299882	-0.0897025	-0.47691	1.09307	0.029273	1.17873	-0.509112	
0.193546	-1.00645	0.327903	-1.07533	0.788675	-0.846249	0.337863	-1.2641	-0.675447	-1.10046	1.17871	-0.179984	2.36316	-0.562321	1.35496	-0.704041	0.0557125	-0.270933	-0.552858	-1.39923	0.204097	-0.436873	-0.187899	-0.647473	1.20004	-0.0353312	1.21881	-0.58832	
0.106305	-0.854949	0.355358	-1.1628	0.823043	-0.979529	0.370824	-1.42943	-0.529486	-1.07674	1.22993	0.0130383	2.73276	-0.577594	1.71027	-0.686272	-0.000766116	-0.353411	-0.68125	-1.35371	0.135199	-0.579602	-0.32086	-0.842179	1.38674	-0.112639	1.25643	-0.662267	
0.0287658	-0.609074	0.431472	-1.15861	0.86713	-1.03286	0.377496	-1.53101	-0.389953	-1.01001	1.31348	0.141362	3.18259	-0.599174	1.92121	-0.646246	-0.0502391	-0.435867	-0.794059	-1.26747	0.0968412	-0.706462	-0.433044	-1.00529	1.61869	-0.187214	1.30248	-0.725678	
-0.034292	-0.411317	0.506174	-1.10807	0.916845	-1.01074	0.374036	-1.52324	-0.246363	-0.871082	1.37486	0.19958	3.64911	-0.610097	1.94655	-0.580992	-0.1087	-0.482224	-0.841557	-1.12185	0.0912358	-0.797465	-0.470818	-1.08832	1.82844	-0.251095	1.34989	-0.771831	
-0.0956031	-0.390089	0.515863	-1.07715	0.945679	-0.937799	0.378875	-1.38332	-0.0782369	-0.636871	1.35352	0.208112	3.99622	-0.591771	1.81462	-0.47288	-0.201722	-0.47715	-0.79537	-0.904828	0.0953676	-0.85166	-0.410931	-1.06661	1.92917	-0.286797	1.37592	-0.786362	
-0.176375	-0.602641	0.410497	-1.11309	0.91291	-0.850826	0.401115	-1.12344	0.139812	-0.297941	1.22283	0.189935	4.02526	-0.542321	1.60801	-0.298858	-0.351154	-0.433062	-0.65547	-0.603969	0.0742336	-0.880214	-0.269054	-0.948218	1.84662	-0.310449	1.33369	-0.75155	
-0.287672	-1.00601	0.181638	-1.23407	0.794626	-0.77286	0.444569	-0.793893	0.417992	0.114902	0.988416	0.143216	3.61369	-0.483208	1.43951	-0.056373	-0.552502	-0.375466	-0.453819	-0.22864	0.0013487	-0.896905	-0.0906341	-0.765879	1.56155	-0.326847	1.20723	-0.655906	
-0.434256	-1.47499	-0.138484	-1.42056	0.587774	-0.715344	0.49588	-0.467583	0.726099	0.536644	0.688486	0.0499891	2.76685	-0.450433	1.38437	0.235768	-0.78415	-0.340129	-0.248437	0.17806	-0.136607	-0.917855	0.0541648	-0.566825	1.11387	-0.35437	0.992313	-0.498605	
-0.597754	-1.84684	-0.479344	-1.61139	0.330729	-0.656418	0.539525	-0.214577	1.01138	0.883555	0.376245	-0.128509	1.64459	-0.480656	1.47377	0.526714	-1.00056	-0.349029	-0.095048	0.55645	-0.324014	-0.940562	0.111536	-0.389988	0.598925	-0.391041	0.740212	-0.287229	
-0.752861	-1.97364	-0.767744	-1.74557	0.0810665	-0.560809	0.557727	-0.077721	1.20247	1.08095	0.0906681	-0.365037	0.502467	-0.560182	1.6629	0.754785	-1.15638	-0.401956	-0.0326016	0.838576	-0.529522	-0.955903	0.0538155	-0.254846	0.116892	-0.407456	0.514215	-0.0365234	
-0.869898	-1.81766	-0.948657	-1.78061	-0.0967462	-0.402501	0.537376	-0.0653586	1.24058	1.08855	-0.145551	-0.602952	-0.353388	-0.648491	1.86173	0.873066	-1.2208	-0.477819	-0.0723268	0.972498	-0.711527	-0.947541	-0.10433	-0.160808	-0.243504	-0.377276	0.37899	0.234663	
-0.923714	-1.42973	-1.00338	-1.69368	-0.15298	-0.171565	0.483893	-0.148928	1.1111	0.924928	-0.34092	-0.755876	-0.706775	-0.680602	1.97586	0.863712	-1.1833	-0.537085	-0.190106	0.949951	-0.829283	-0.899053	-0.307535	-0.0926347	-0.444204	-0.26336	0.381049	0.497469	
-0.912418	-0.955956	-0.960743	-1.51311	-0.0810935	0.1047	0.413519	-0.273676	0.855124	0.663738	-0.511487	-0.753706	-0.539954	-0.605197	1.94221	0.751654	-1.0719	-0.549033	-0.33896	0.811179	-0.865398	-0.812341	-0.489026	-0.0349767	-0.506263	-0.0568522	0.504318	0.726233	
-0.850761	-0.566151	-0.87361	-1.3165	0.0930136	0.368305	0.35582	-0.38581	0.569078	0.415948	-0.671483	-0.586923	0.0147051	-0.41668	1.77224	0.607999	-0.933069	-0.499713	-0.468533	0.645963	-0.822221	-0.709272	-0.585544	0.0161336	-0.47932	0.238554	0.704785	0.901493	
-0.764881	-0.379202	-0.79624	-1.15406	0.309427	0.553764	0.330785	-0.457305	0.353676	0.277634	-0.816662	-0.293662	0.686898	-0.154656	1.52838	0.508872	-0.814292	-0.404548	-0.553224	0.54078	-0.721695	-0.613433	-0.575101	0.0431282	-0.427604	0.563264	0.910311	0.992607	
-0.69064	-0.433745	-0.768265	-1.09237	0.503575	0.605744	0.352604	-0.482756	0.303272	0.320294	-0.92289	-0.0126682	1.20479	0.074698	1.31717	0.523306	-0.758762	-0.30505	-0.588283	0.578643	-0.601381	-0.558194	-0.470093	0.0195776	-0.394935	0.838732	1.05728	0.992429	
-0.654427	-0.659553	-0.797734	-1.15262	0.622932	0.504762	0.417565	-0.478143	0.460903	0.559466	-0.968551	0.131532	1.36012	0.172492	1.22739	0.684752	-0.782753	-0.247977	-0.594386	0.796301	-0.498588	-0.563678	-0.319874	-0.076694	-0.396895	0.976301	1.10675	0.900363	
-0.674737	-0.936022	-0.86838	-1.31183	0.64529	0.264862	0.506991	-0.47177	0.807119	0.952499	-0.937916	0.0492692	1.13304	0.0681354	1.30118	0.973957	-0.881564	-0.276085	-0.605813	1.1727	-0.448165	-0.637806	-0.192961	-0.253953	-0.419015	0.906497	1.06376	0.72988	
-0.754437	-1.13388	-0.951801	-1.52709	0.583939	-0.0589021	0.594629	-0.480828	1.27363	1.42582	-0.851987	-0.269241	0.658653	-0.241166	1.51376	1.3363	-1.03291	-0.401897	-0.645213	1.64596	-0.468478	-0.771523	-0.140921	-0.490633	-0.436556	0.615374	0.975711	0.511039	
-0.881554	-1.17745	-1.02711	-1.72332	0.470118	-0.389183	0.654187	-0.500716	1.76394	1.88884	-0.755959	-0.707035	0.142488	-0.660935	1.78153	1.68504	-1.20739	-0.605447	-0.716057	2.1231	-0.564845	-0.936435	-0.189936	-0.739347	-0.44707	0.157582	0.89697	0.289595	
-1.04156	-1.08961	-1.09352	-1.87421	0.34725	-0.662268	0.682505	-0.499377	2.2055	2.28704	-0.714117	-1.10647	-0.198522	-1.0581	2.00898	1.96178	-1.38757	-0.834936	-0.783937	2.53835	-0.726815	-1.11318	-0.312858	-0.937042	-0.456876	-0.362272	0.879406	0.121676	
-1.20899	-0.959786	-1.16187	-1.94658	0.253261	-0.837541	0.691747	-0.440933	2.55821	2.58984	-0.770753	-1.31802	-0.260922	-1.30597	2.11772	2.12877	-1.55978	-1.02289	-0.800621	2.84964	-0.92465	-1.27306	-0.451768	-1.0292	-0.49364	-0.845606	0.94624	0.0340656	
-1.36406	-0.906211	-1.25542	-1.95729	0.207583	-0.896914	0.715008	-0.287726	2.83775	2.81171	-0.943097	-1.28986	-0.0846422	-1.33864	2.0893	2.18424	-1.72501	-1.1091	-0.706885	3.07325	-1.12429	-1.39788	-0.531591	-0.98187	-0.588405	-1.17611	1.07458	0.0448223	
-1.491	-1.01757	-1.38833	-1.96315	0.211229	-0.850225	0.789146	-0.0219633	3.08434	2.9818	-1.20366	-1.07771	0.177499	-1.17754	1.96216	2.16952	-1.88835	-1.06032	-0.466879	3.24803	-1.29023	-1.48199	-0.491672	-0.793833	-0.748457	-1.30854	1.22078	0.149534	
-1.57323	-1.30792	-1.55219	-1.98983	0.25688	-0.728819	0.94061	0.335647	3.33263	3.11498	-1.48483	-0.83508	0.356436	-0.928463	1.82098	2.12226	-2.0429	-0.879676	-0.0859144	3.40649	-1.39075	-1.51654	-0.310933	-0.499195	-0.952303	-1.26357	1.3448	0.305426	
-1.60541	-1.70593	-1.72436	-2.0768	0.328977	-0.560438	1.17098	0.746007	3.58328	3.21015	-1.71608	-0.767003	0.331192	-0.745064	1.74027	2.07848	-2.17935	-0.603072	0.397331	3.56112	-1.41044	-1.50172	-0.00593395	-0.148789	-1.15248	-1.13226	1.41411	0.468597	
-1.58453	-2.07927	-1.86875	-2.21596	0.415736	-0.375937	1.4544	1.15278	3.78903	3.23172	-1.84425	-1.02487	0.101622	-0.759378	1.75737	2.03936	-2.27835	-0.287752	0.911759	3.67537	-1.35138	-1.43819	0.366997	0.20266	-1.29851	-1.04047	1.42443	0.593063	
-1.51163	-2.29796	-1.95156	-2.36353	0.5102	-0.188909	1.75105	1.50782	3.87	3.13419	-1.86399	-1.61113	-0.246774	-1.0041	1.85158	1.97637	-2.31302	0.0152132	1.39094	3.6848	-1.22874	-1.32288	0.744292	0.520507	-1.35063	-1.07453	1.39334	0.640632	
-1.39716	-2.27719	-1.95595	-2.46142	0.607755	-0.0116976	2.0055	1.77823	3.72642	2.86433	-1.80848	-2.39919	-0.556601	-1.41769	1.93822	1.84266	-2.26934	0.264656	1.77934	3.50148	-1.07205	-1.16289	1.06784	0.788911	-1.31044	-1.26978	1.34856	0.606665	
-1.24638	-2.01687	-1.88297	-2.44177	0.706115	0.148658	2.17647	1.95613	3.29109	2.39036	-1.73942	-3.15478	-0.713564	-1.85202	1.92208	1.58599	-2.1379	0.451536	2.05929	3.05915	-0.906318	-0.963283	1.31017	1.01606	-1.21317	-1.58606	1.31307	0.505405	
-1.07489	-1.59586	-1.75021	-2.2905	0.799931	0.281938	2.24593	2.05434	2.54692	1.71251	-1.71046	-3.62529	-0.671192	-2.12901	1.71758	1.17836	-1.93209	0.586862	2.24461	2.33561	-0.751551	-0.748924	1.47946	1.21686	-1.10173	-1.90749	1.29372	0.377629	
-0.886259	-1.14681	-1.57366	-2.00544	0.891456	0.375993	2.22913	2.09031	1.5532	0.867117	-1.73288	-3.66203	-0.498518	-2.1294	1.31565	0.617585	-1.66893	0.702399	2.37563	1.37173	-0.604192	-0.537675	1.61104	1.40779	-1.01622	-2.11659	1.29358	0.255094	
-0.68176	-0.774771	-1.36432	-1.63559	0.981962	0.434963	2.15861	2.07845	0.420871	-0.0819046	-1.77699	-3.25334	-0.340352	-1.81984	0.766704	-0.0722081	-1.36959	0.83132	2.49246	0.264309	-0.447333	-0.341602	1.74778	1.59164	-0.969383	-2.095	1.29811	0.162119	
-0.464386	-0.5384	-1.12313	-1.26271	1.07993	0.451704	2.0778	2.01825	-0.711115	-1.06031	-1.78142	-2.54524	-0.299127	-1.28654	0.183731	-0.840507	-1.06084	0.987501	2.61433	-0.86265	-0.260194	-0.18141	1.91636	1.75053	-0.931565	-1.82401	1.30567	0.110894	
-0.222959	-0.437134	-0.834785	-0.952163	1.20737	0.434964	2.03113	1.89613	-1.70709	-1.99307	-1.66732	-1.78207	-0.416005	-0.698796	-0.295057	-1.6365	-0.749054	1.17904	2.73915	-1.88666	-0.0142195	-0.0497309	2.12703	1.86314	-0.837927	-1.37802	1.33769	0.0638864	
0.0362372	-0.398763	-0.499309	-0.759392	1.37561	0.388872	2.03522	1.69524	-2.47807	-2.81609	-1.3923	-1.20733	-0.616039	-0.239747	-0.573111	-2.41056	-0.449885	1.38641	2.83791	-2.71112	0.291179	0.0559115	2.36281	1.90136	-0.640737	-0.88012	1.41634	-0.0150529	
0.308133	-0.350559	-0.127607	-0.701368	1.59403	0.312927	2.09094	1.40909	-2.97227	-3.4718	-0.958439	-0.966037	-0.749798	-0.0449666	-0.600038	-3.11765	-0.171058	1.58772	2.88213	-3.27623	0.639755	0.143611	2.59332	1.85334	-0.322751	-0.524643	1.56996	-0.170341	
0.575103	-0.227461	0.251176	-0.761457	1.8533	0.201793	2.17426	1.04327	-3.19329	-3.92102	-0.42832	-1.03953	-0.637956	-0.134252	-0.418601	-3.73175	0.0784415	1.75726	2.8465	-3.56902	0.995028	0.220355	2.78619	1.71995	0.100801	-0.41142	1.79761	-0.440137	
0.814906	-0.0308073	0.594625	-0.895232	2.12705	0.0441909	2.25257	0.628226	-3.17416	-4.13382	0.106224	-1.28347	-0.19048	-0.428297	-0.119753	-4.21912	0.286608	1.87404	2.7321	-3.60687	1.30987	0.283396	2.91588	1.52338	0.558853	-0.589478	2.0732	-0.819852	
1.01093	0.202776	0.866977	-1.04194	2.37244	-0.162839	2.2835	0.200959	-2.97531	-4.10713	0.557052	-1.50812	0.546486	-0.789605	0.173129	-4.55362	0.449756	1.92783	2.5528	-3.43993	1.54623	0.333628	2.96697	1.29087	0.968244	-0.990006	2.33731	-1.28547	
1.1492	0.426658	1.04751	-1.13762	2.5379	-0.421124	2.23161	-0.205149	-2.67124	-3.86876	0.861382	-1.52349	1.41659	-1.05953	0.352122	-4.71405	0.569946	1.91241	2.32877	-3.13443	1.68063	0.366384	2.9315	1.04287	1.26104	-1.46751	2.51763	-1.77909	
1.23855	0.592289	1.15201	-1.12802	2.58875	-0.69234	2.07636	-0.567173	-2.33457	-3.47266	1.02089	-1.26325	2.17238	-1.13919	0.359326	-4.69293	0.66935	1.83554	2.07656	-2.76627	1.72249	0.394863	2.80646	0.798747	1.41269	-1.84929	2.55469	-2.23228	
1.29511	0.7134	1.21184	-0.968802	2.50016	-0.934372	1.8016	-0.886492	-2.04712	-3.00359	1.06497	-0.796406	2.57546	-1.01632	0.183261	-4.50215	0.777418	1.70445	1.78769	-2.41685	1.69919	0.439268	2.58531	0.557633	1.4354	-1.97863	2.41287	-2.57669	
1.34477	0.835081	1.27075	-0.6531	2.28178	-1.098	1.40822	-1.17741	-1.88234	-2.554	1.05161	-0.270639	2.51539	-0.752712	-0.140524	-4.16561	0.926879	1.52978	1.43283	-2.1666	1.64905	0.517356	2.25613	0.312824	1.37722	-1.81407	2.10186	-2.75162	
1.42053	1.02825	1.36746	-0.178899	1.96808	-1.13714	0.911348	-1.46308	-1.90192	-2.20993	1.03551	0.126181	2.02176	-0.457403	-0.557493	-3.73215	1.15045	1.33299	0.975175	-2.0845	1.61657	0.659564	1.82158	0.0599354	1.30477	-1.38097	1.66968	-2.74066	
1.53828	1.34896	1.50785	0.422797	1.60652	-1.03135	0.339428	-1.75295	-2.13869	-2.02252	1.03603	0.296736	1.25471	-0.211356	-1.0144	-3.24901	1.4551	1.13674	0.391201	-2.20613	1.62253	0.877587	1.30233	-0.196623	1.24359	-0.787025	1.18596	-2.53986	
1.70273	1.79494	1.67099	1.09863	1.24762	-0.789102	-0.264271	-2.03672	-2.57401	-1.99227	1.04701	0.238647	0.438087	-0.0537445	-1.46902	-2.75897	1.82473	0.970038	-0.306209	-2.51987	1.67032	1.16894	0.742778	-0.43674	1.18735	-0.165311	0.716058	-2.18202	
1.89683	2.31032	1.8137	1.76849	0.929018	-0.460957	-0.847309	-2.28045	-3.14511	-2.07435	1.03325	0.0840686	-0.217601	0.0533739	-1.90241	-2.28575	2.21604	0.85714	-1.06205	-2.96737	1.74253	1.50441	0.207738	-0.632482	1.10455	0.379278	0.30114	-1.71683	
2.09053	2.7827	1.89767	2.34317	0.673889	-0.100993	-1.35612	-2.4321	-3.74842	-2.1916	0.972658	0.0166065	-0.583592	0.188879	-2.30409	-1.83447	2.5715	0.806253	-1.78987	-3.45677	1.81002	1.83778	-0.240995	-0.749902	0.965029	0.790894	-0.0486199	-1.19869	
2.25146	3.10395	1.90273	2.76311	0.474574	0.231755	-1.75378	-2.44343	-4.27751	-2.26779	0.862199	0.1798	-0.689141	0.42603	-2.66416	-1.39412	2.8398	0.810146	-2.39301	-3.89038	1.84494	2.12563	-0.559336	-0.76722	0.750459	1.08266	-0.346071	-0.680219	
2.3451	3.21038	1.8337	2.98608	0.311332	0.496899	-2.02293	-2.28716	-4.64563	-2.25147	0.720535	0.663219	-0.609569	0.813165	-2.96481	-0.959553	2.98301	0.835332	-2.79886	-4.19214	1.81978	2.32147	-0.74486	-0.685041	0.48083	1.30573	-0.608687	-0.208197	
2.35288	3.09499	1.72448	3.02002	0.156884	0.680894	-2.16642	-1.96595	-4.79639	-2.11982	0.588341	1.39272	-0.494125	1.31268	-3.17348	-0.533081	2.99334	0.839654	-2.96799	-4.31221	1.72613	2.40534	-0.828093	-0.522476	0.218265	1.5057	-0.845316	0.179277	
2.26316	2.82557	1.60785	2.90823	-0.0183885	0.793501	-2.21207	-1.5163	-4.72948	-1.88943	0.485182	2.19712	-0.459247	1.83109	-3.27187	-0.129989	2.88349	0.777623	-2.91619	-4.24742	1.56037	2.37492	-0.869645	-0.319	0.0159954	1.70377	-1.05246	0.463695	
2.08146	2.49705	1.50563	2.72234	-0.223008	0.855641	-2.18784	-0.996646	-4.47306	-1.59016	0.415817	2.83879	-0.53124	2.22874	-3.24711	0.218162	2.68463	0.626351	-2.69199	-4.01675	1.33277	2.2476	-0.92791	-0.115663	-0.0838106	1.85676	-1.209	0.63046	
1.81977	2.19629	1.40631	2.51718	-0.454733	0.881037	-2.11645	-0.469656	-4.07294	-1.24631	0.344997	3.11422	-0.70858	2.38673	-3.11599	0.490332	2.42466	0.39296	-2.35312	-3.64255	1.05698	2.04894	-1.03055	0.054322	-0.0984358	1.90149	-1.29912	0.685003	
1.49532	1.95025	1.27591	2.32103	-0.690265	0.872014	-1.99742	0.0143458	-3.56379	-0.86803	0.21853	2.91927	-0.888977	2.23864	-2.9002	0.669382	2.12131	0.114122	-1.94658	-3.14165	0.748916	1.79785	-1.16392	0.179277	-0.0821296	1.75378	-1.30509	0.642213	
1.13153	1.73098	1.07011	2.12075	-0.897047	0.816091	-1.81165	0.428716	-2.9514	-0.435827	-0.0110055	2.25083	-1.02485	1.78674	-2.63456	0.768026	1.78019	-0.143839	-1.48426	-2.49716	0.433184	1.51564	-1.26405	0.270755	-0.118859	1.36957	-1.23959	0.532464	
0.756184	1.45786	0.759877	1.87461	-1.04081	0.691014	-1.53101	0.767944	-2.23063	0.0708052	-0.361602	1.24268	-1.07005	1.11402	-2.3468	0.809276	1.39987	-0.314233	-0.957605	-1.69815	0.134586	1.2126	-1.25427	0.352425	-0.283904	0.765023	-1.12892	0.378016	
0.400146	1.05599	0.361403	1.52944	-1.09636	0.487133	-1.14066	1.04328	-1.39747	0.658537	-0.792768	0.0892465	-1.07137	0.348343	-2.05126	0.828684	0.983828	-0.350421	-0.351506	-0.746305	-0.116713	0.900783	-1.07429	0.451552	-0.586505	0.0161278	-1.01926	0.212268	
0.103713	0.523807	-0.0657376	1.08542	-1.06118	0.225124	-0.659292	1.26298	-0.486899	1.29094	-1.22634	-0.998882	-1.11408	-0.368707	-1.75527	0.850007	0.562043	-0.238977	0.324088	0.302718	-0.291799	0.613309	-0.715986	0.584369	-0.993592	-0.737859	-0.951658	0.0594607	
-0.095162	-0.0812433	-0.427538	0.586588	-0.94476	-0.0556286	-0.138202	1.4242	0.419329	1.88382	-1.56358	-1.84907	-1.23904	-0.923932	-1.44979	0.86714	0.185307	-0.00686176	1.01921	1.33124	-0.369286	0.382249	-0.235458	0.745874	-1.39913	-1.35926	-0.93389	-0.0673441	
-0.173195	-0.612816	-0.637737	0.11965	-0.783043	-0.300796	0.334786	1.50768	1.20631	2.33367	-1.73397	-2.36112	-1.51441	-1.24874	-1.14513	0.86081	-0.0872455	0.284392	1.64696	2.19488	-0.344412	0.2448	0.264072	0.907583	-1.69972	-1.72405	-0.970949	-0.160995	
-0.118883	-0.918193	-0.632339	-0.200468	-0.617874	-0.462504	0.666235	1.48615	1.73795	2.5334	-1.70758	-2.51966	-1.89309	-1.33869	-0.857854	0.800802	-0.194874	0.559875	2.09549	2.72808	-0.227692	0.225561	0.654091	1.02795	-1.80586	-1.79111	-1.03146	-0.227445	
0.0529104	-0.873671	-0.411455	-0.279898	-0.486897	-0.504782	0.781998	1.3363	1.91495	2.42446	-1.51752	-2.38139	-2.30703	-1.2305	-0.633683	0.665399	-0.106565	0.761904	2.26999	2.83249	-0.0425192	0.3309	0.842867	1.06854	-1.69797	-1.56602	-1.0975	-0.26817	
0.305077	-0.465159	-0.0372339	-0.0876251	-0.415399	-0.43748	0.656408	1.04922	1.70282	2.01497	-1.2429	-2.03552	-2.64471	-0.991311	-0.513381	0.457267	0.164851	0.855111	2.12417	2.48812	0.172803	0.528053	0.793521	1.00093	-1.43202	-1.12868	-1.14294	-0.297226	
0.579676	0.194663	0.388923	0.305371	-0.410354	-0.306229	0.320018	0.645447	1.15385	1.3846	-0.97227	-1.57097	-2.79238	-0.688281	-0.516293	0.214512	0.554247	0.832446	1.67768	1.77869	0.375719	0.745721	0.536035	0.820809	-1.09781	-0.587438	-1.15397	-0.312343	
0.820973	0.93205	0.759293	0.784015	-0.458056	-0.165698	-0.149505	0.170031	0.400493	0.669066	-0.771854	-1.07264	-2.67275	-0.38184	-0.631673	-6.16937e-05	0.972889	0.716596	1.01667	0.873196	0.534118	0.911429	0.158086	0.552198	-0.797561	-0.0368565	-1.12889	-0.314686	
0.979497	1.51579	0.99568	1.19127	-0.529474	-0.0829041	-0.647807	-0.31443	-0.385	0.0168774	-0.653972	-0.596704	-2.24147	-0.118945	-0.799001	-0.117382	1.31938	0.534929	0.264358	-0.0319422	0.622002	0.948956	-0.243551	0.229177	-0.584035	0.423231	-1.05842	-0.305015	
1.02668	1.80084	1.06755	1.42081	-0.599356	-0.0822943	-1.08452	-0.741196	-1.03313	-0.445951	-0.58732	-0.157604	-1.55099	0.090335	-0.934066	-0.0886197	1.51592	0.313485	-0.453317	-0.752237	0.625851	0.828316	-0.592404	-0.1029	-0.468606	0.765208	-0.949803	-0.276281	
0.956906	1.73592	1.00016	1.41705	-0.644524	-0.169345	-1.39916	-1.05801	-1.42932	-0.654503	-0.510316	0.231452	-0.662735	0.230887	-0.932425	0.10669	1.52439	0.0572151	-1.04576	-1.18534	0.539786	0.553669	-0.868176	-0.409622	-0.392153	0.958197	-0.783319	-0.229155	
0.789417	1.39537	0.848168	1.23933	-0.656261	-0.306245	-1.57602	-1.23445	-1.52955	-0.609352	-0.378816	0.57831	0.310562	0.311617	-0.722433	0.435328	1.36015	-0.23061	-1.47306	-1.31059	0.370948	0.186468	-1.09247	-0.66473	-0.282607	1.01166	-0.550267	-0.16852	
0.549233	0.943196	0.667273	0.982774	-0.64085	-0.441677	-1.63513	-1.26577	-1.36114	-0.363737	-0.183696	0.883005	1.24349	0.34013	-0.281073	0.837359	1.06929	-0.553565	-1.73996	-1.18626	0.12719	-0.197926	-1.31201	-0.857776	-0.0891131	0.948099	-0.243477	-0.101088	
0.263873	0.538716	0.489986	0.743441	-0.613324	-0.534765	-1.61165	-1.16194	-0.998416	0.00728049	0.0321136	1.13713	1.99334	0.325055	0.35438	1.24961	0.709349	-0.903118	-1.88032	-0.90828	-0.178233	-0.529002	-1.5647	-0.987999	0.185535	0.778646	0.121904	-0.026334	
-0.0404539	0.301468	0.315681	0.596754	-0.589887	-0.547256	-1.53594	-0.942525	-0.530476	0.431284	0.192048	1.29639	2.44137	0.268813	1.08014	1.6234	0.336828	-1.24584	-1.92382	-0.566666	-0.521134	-0.751219	-1.84407	-1.04893	0.478283	0.547331	0.503	0.061187	
-0.358024	0.230911	0.110246	0.50342	-0.578063	-0.494213	-1.41648	-0.63428	-0.0343343	0.853533	0.213229	1.32745	2.53037	0.171257	1.76808	1.93886	-0.0317815	-1.54402	-1.88475	-0.225127	-0.881197	-0.878428	-2.10077	-1.04222	0.697569	0.258977	0.85029	0.171895	
-0.676251	0.256942	-0.163556	0.405081	-0.578448	-0.392411	-1.24438	-0.260146	0.435471	1.24038	0.0495486	1.21036	2.24987	0.0444604	2.29465	2.19553	-0.393283	-1.74772	-1.75341	0.0910362	-1.22763	-0.938474	-2.25478	-0.958527	0.749375	-0.0474561	1.10933	0.316332	
-0.991063	0.254651	-0.524007	0.186653	-0.581303	-0.284863	-1.00605	0.148686	0.843895	1.56451	-0.277901	0.921436	1.71509	-0.118853	2.58126	2.41324	-0.765089	-1.82993	-1.51336	0.373182	-1.53638	-0.995044	-2.2334	-0.79919	0.603705	-0.340613	1.25499	0.496718	
-1.28334	0.128233	-0.950886	-0.19901	-0.572819	-0.203241	-0.698512	0.557286	1.16889	1.79856	-0.694928	0.50344	1.07072	-0.299085	2.60842	2.58851	-1.14911	-1.78378	-1.15985	0.614585	-1.78139	-1.09071	-2.00547	-0.572987	0.292905	-0.590439	1.28532	0.697745	
-1.52843	-0.135833	-1.38617	-0.725613	-0.543479	-0.158796	-0.342947	0.919653	1.38861	1.9046	-1.0795	0.0152415	0.53868	-0.483118	2.41968	2.69507	-1.52717	-1.63601	-0.717031	0.792745	-1.9484	-1.23899	-1.60532	-0.305112	-0.0862133	-0.76377	1.2372	0.889243	
-1.69902	-0.467034	-1.7484	-1.29552	-0.484621	-0.160939	0.0169296	1.18562	1.48401	1.845	-1.32246	-0.42679	0.301197	-0.638939	2.11128	2.68643	-1.85727	-1.43848	-0.246592	0.865572	-2.03281	-1.42469	-1.12335	-0.0374543	-0.404054	-0.854843	1.17092	1.02562	
-1.76259	-0.730546	-1.95824	-1.73606	-0.398808	-0.190511	0.331045	1.31267	1.44737	1.60159	-1.35125	-0.728965	0.431998	-0.741557	1.79658	2.50783	-2.0705	-1.24053	0.177534	0.796735	-2.03023	-1.58555	-0.674228	0.187337	-0.557618	-0.85234	1.14626	1.05407	
-1.71038	-0.801511	-1.96659	-1.9282	-0.288063	-0.246014	0.560293	1.27199	1.29259	1.18781	-1.16327	-0.821199	0.924454	-0.777055	1.5693	2.12595	-2.11531	-1.08211	0.484856	0.573848	-1.94644	-1.67669	-0.34997	0.32521	-0.495752	-0.774063	1.20813	0.931918	
-1.54189	-0.617456	-1.76703	-1.80215	-0.152736	-0.319884	0.698568	1.06735	1.06349	0.661744	-0.814301	-0.684432	1.61167	-0.740403	1.4912	1.54726	-1.96222	-0.968782	0.63973	0.232691	-1.78054	-1.65654	-0.188325	0.355757	-0.249387	-0.65316	1.36697	0.646623	
-1.27976	-0.234044	-1.39709	-1.42299	0.00881005	-0.419186	0.768188	0.726835	0.820524	0.11008	-0.388848	-0.397616	2.27967	-0.66642	1.56616	0.837239	-1.62854	-0.879916	0.648226	-0.15004	-1.53506	-1.52484	-0.159521	0.2786	0.102665	-0.526529	1.5983	0.215378	
-0.960811	0.216938	-0.922906	-0.943623	0.198932	-0.562604	0.807795	0.302156	0.61535	-0.383146	0.0124705	-0.0434668	2.70456	-0.57804	1.74333	0.0943774	-1.17368	-0.783944	0.549338	-0.494336	-1.21446	-1.32642	-0.191096	0.115454	0.459041	-0.438891	1.85109	-0.30129	
-0.620044	0.573054	-0.41641	-0.543111	0.416972	-0.75213	0.856254	-0.149006	0.471948	-0.761932	0.336563	0.244329	2.76527	-0.523465	1.94635	-0.574019	-0.676526	-0.648909	0.399719	-0.740139	-0.828928	-1.11637	-0.199062	-0.0953069	0.743134	-0.424414	2.07766	-0.828016	
-0.291089	0.705954	0.0604031	-0.361025	0.654518	-0.978347	0.923192	-0.576303	0.368212	-1.02271	0.567334	0.366384	2.48006	-0.532322	2.08401	-1.0822	-0.215887	-0.465573	0.241371	-0.884048	-0.403712	-0.951116	-0.125591	-0.314014	0.926904	-0.487249	2.24474	-1.28026	
0.00930367	0.594426	0.471642	-0.429343	0.889488	-1.21037	0.988541	-0.947791	0.242588	-1.21103	0.734398	0.299931	1.96087	-0.605582	2.09233	-1.39894	0.159193	-0.250701	0.089641	-0.980545	0.0285829	-0.851579	0.0273082	-0.509535	1.03026	-0.62906	2.33852	-1.59372	
0.271793	0.327095	0.800309	-0.66267	1.09262	-1.40258	1.00019	-1.25555	0.0154601	-1.40509	0.875467	0.0723817	1.44424	-0.726355	1.91995	-1.55245	0.43402	-0.0436182	-0.0748616	-1.12207	0.424323	-0.803914	0.207734	-0.666739	1.10621	-0.817131	2.36382	-1.74021	
0.497711	0.0739894	1.05107	-0.886892	1.2366	-1.50868	0.910084	-1.50639	-0.367567	-1.67841	1.02273	-0.200153	1.14811	-0.839444	1.57614	-1.61552	0.630443	0.107652	-0.286788	-1.39947	0.745115	-0.762902	0.33274	-0.784424	1.21027	-1.00696	2.34025	-1.72625	
0.694688	0.00711834	1.23172	-0.925793	1.30221	-1.48375	0.699611	-1.70765	-0.89535	-2.05196	1.18636	-0.397899	1.16823	-0.889068	1.11632	-1.66827	0.792265	0.176201	-0.562267	-1.83803	0.967557	-0.662233	0.339522	-0.863635	1.35726	-1.12583	2.28403	-1.6013	
0.85765	0.215208	1.34504	-0.68062	1.28609	-1.32123	0.389934	-1.85852	-1.49618	-2.49227	1.33164	-0.431309	1.50844	-0.834899	0.615894	-1.76365	0.947193	0.15128	-0.892388	-2.39735	1.08183	-0.469967	0.203546	-0.911331	1.52499	-1.12344	2.20479	-1.41558	
0.979362	0.675541	1.39277	-0.173846	1.20727	-1.0417	0.0515731	-1.9456	-2.04104	-2.91272	1.4249	-0.252163	2.04598	-0.659836	0.178378	-1.91446	1.10131	0.0537427	-1.22779	-2.96148	1.09972	-0.186996	-0.0398692	-0.926491	1.66551	-0.971004	2.10859	-1.22821	
1.04545	1.23134	1.36943	0.46104	1.09655	-0.686929	-0.22936	-1.94567	-2.39135	-3.20226	1.43573	0.0994562	2.59791	-0.384724	-0.11696	-2.08102	1.23018	-0.0787684	-1.49706	-3.37891	1.04484	0.143179	-0.312413	-0.902188	1.7257	-0.659637	1.99515	-1.07006	
1.03902	1.67099	1.27608	1.01098	0.984265	-0.330133	-0.374989	-1.83558	-2.45165	-3.27089	1.3583	0.546946	2.98706	-0.0582741	-0.204575	-2.18499	1.28642	-0.214075	-1.63454	-3.53065	0.93978	0.436394	-0.535914	-0.83755	1.67885	-0.244827	1.87425	-0.943802	
0.949537	1.81045	1.11584	1.30733	0.891373	-0.0287203	-0.355214	-1.60939	-2.20438	-3.08608	1.21732	0.944528	3.14068	0.237433	-0.0798386	-2.15215	1.22765	-0.330786	-1.60669	-3.36424	0.801698	0.614441	-0.652629	-0.734618	1.53541	0.207135	1.76258	-0.828973	
0.776968	1.54572	0.908782	1.25351	0.82531	0.161341	-0.195332	-1.28962	-1.7293	-2.69273	1.06425	1.18321	3.0984	0.432832	0.231003	-1.93964	1.03296	-0.435503	-1.43771	-2.93522	0.636227	0.611008	-0.661372	-0.614346	1.3585	0.60528	1.69457	-0.691192	
0.532848	0.921031	0.675459	0.878155	0.769658	0.205885	0.0287671	-0.92276	-1.16573	-2.18341	0.954643	1.20316	2.94767	0.479614	0.659229	-1.5438	0.718885	-0.550258	-1.19372	-2.36419	0.440826	0.413511	-0.60508	-0.509343	1.20691	0.841287	1.68785	-0.502059	
0.239165	0.0836162	0.441182	0.308929	0.702918	0.0958944	0.223722	-0.570591	-0.670487	-1.67434	0.922576	0.969213	2.82299	0.347264	1.11151	-1.00832	0.335323	-0.701189	-0.965434	-1.8082	0.215555	0.0518763	-0.553637	-0.455865	1.13825	0.845247	1.74807	-0.25095	
-0.0742837	-0.747457	0.23052	-0.284328	0.606475	-0.145721	0.317712	-0.291229	-0.361506	-1.26287	0.96731	0.538368	2.80472	0.0645996	1.50237	-0.414373	-0.046885	-0.898659	-0.828493	-1.39535	-0.0299115	-0.40497	-0.56275	-0.480169	1.16618	0.608353	1.85389	0.0510924	
-0.368906	-1.37905	0.0636293	-0.752631	0.476655	-0.471015	0.290724	-0.12433	-0.271566	-0.991476	1.06547	0.00289979	2.87224	-0.308967	1.76806	0.146735	-0.35412	-1.12284	-0.807674	-1.17342	-0.264616	-0.863651	-0.64153	-0.58221	1.26002	0.174867	1.95898	0.361936	
-0.610463	-1.70981	-0.0463423	-1.04352	0.327857	-0.82212	0.178781	-0.0735665	-0.36	-0.850143	1.1676	-0.508517	2.94384	-0.685204	1.88326	0.599941	-0.541895	-1.3324	-0.877295	-1.1222	-0.451819	-1.25121	-0.757921	-0.739012	1.35886	-0.366664	2.01621	0.635718	
-0.773863	-1.74857	-0.0958354	-1.17138	0.188271	-1.13323	0.0518817	-0.11456	-0.528375	-0.791141	1.22653	-0.90082	2.91987	-0.985415	1.84756	0.89386	-0.603952	-1.47442	-0.968736	-1.15649	-0.554043	-1.51255	-0.842247	-0.905499	1.40098	-0.90369	1.97845	0.830684	
-0.839604	-1.59892	-0.0850423	-1.21346	0.0941695	-1.33973	-0.0121362	-0.203968	-0.672331	-0.762094	1.22295	-1.0747	2.72633	-1.1276	1.70101	0.996913	-0.563796	-1.50122	-1.0038	-1.18595	-0.547032	-1.62939	-0.827305	-1.02716	1.35405	-1.29537	1.84041	0.915128	
-0.809724	-1.39378	-0.0304032	-1.24763	0.0646351	-1.40012	0.0280582	-0.291613	-0.723539	-0.723105	1.15611	-0.983961	2.35241	-1.06995	1.48732	0.926989	-0.472555	-1.39765	-0.928941	-1.14548	-0.438698	-1.6116	-0.680207	-1.06399	1.2136	-1.47177	1.61741	0.897162	
-0.699454	-1.2482	0.0448648	-1.30288	0.104478	-1.29998	0.167539	-0.342123	-0.672856	-0.67358	1.05674	-0.670238	1.88637	-0.832415	1.25428	0.713612	-0.38306	-1.18094	-0.738258	-1.03043	-0.26317	-1.48704	-0.417242	-0.99816	1.01965	-1.39649	1.36261	0.796021	
-0.538102	-1.20328	0.117975	-1.353	0.199951	-1.05679	0.345574	-0.350719	-0.581433	-0.654014	0.958018	-0.179386	1.4791	-0.451677	1.03236	0.396551	-0.331365	-0.904552	-0.489294	-0.901934	-0.0731086	-1.29593	-0.109127	-0.850735	0.837407	-1.09066	1.14041	0.652751	
-0.360115	-1.23654	0.166802	-1.33203	0.319168	-0.727004	0.484143	-0.332965	-0.52059	-0.700833	0.892712	0.388361	1.23046	-0.00809276	0.844713	0.033418	-0.327514	-0.633016	-0.260991	-0.828594	0.0790983	-1.06863	0.157456	-0.664786	0.718015	-0.646578	0.996998	0.508797	
-0.199608	-1.26182	0.175382	-1.17475	0.428519	-0.373758	0.519021	-0.315503	-0.542807	-0.82762	0.868252	0.925392	1.1916	0.413916	0.699451	-0.314891	-0.354421	-0.422225	-0.130167	-0.857502	0.158085	-0.83227	0.305369	-0.493336	0.678075	-0.14993	0.952832	0.396645	
-0.0827398	-1.20906	0.144208	-0.868587	0.50373	-0.0698395	0.427783	-0.324126	-0.652663	-1.01112	0.864586	1.31723	1.31236	0.728366	0.594922	-0.58188	-0.384462	-0.302839	-0.136722	-0.980797	0.160179	-0.608871	0.301296	-0.382132	0.707739	0.286001	0.984451	0.333983	
