0.966001	0.359706	1.25403	0.675378	0.514581	-0.136003	-0.581515	-1.56009	0.314099	-1.83161	0.717527	0.74872	0.467505	-0.312036	0.161691	-1.78016	0.604006	0.13762	-1.4042	-1.44864	0.520305	0.653654	1.6226	-0.715669	0.648657	0.121089	0.249998	-0.96724	
0.930095	0.523505	1.15954	0.920492	0.0989812	0.0207896	-0.909557	-1.53905	-0.141065	-1.87818	0.937664	0.587076	0.326295	-0.0404692	-0.298259	-1.53264	1.25947	0.0160704	-1.6149	-1.26946	0.958311	0.758839	1.29346	-0.596074	0.562856	0.349357	-0.197087	-0.686053	
0.767638	0.689579	0.842807	1.0192	-0.346139	0.190299	-1.1453	-1.33856	-0.525122	-1.58759	0.970156	0.352482	0.115431	0.101169	-0.73836	-1.07561	1.74898	-0.0998517	-1.63245	-0.874057	1.2661	0.763086	0.937583	-0.408488	0.369843	0.564119	-0.62001	-0.306934	
0.492943	0.789442	0.335206	0.912724	-0.733906	0.301532	-1.17452	-0.978634	-0.678088	-0.991114	0.761766	0.0456901	-0.123102	0.0965403	-1.01416	-0.505303	1.91625	-0.201223	-1.40699	-0.307417	1.33601	0.628455	0.749237	-0.190942	0.0755268	0.672372	-0.896809	0.0885381	
0.146854	0.78004	-0.266693	0.601188	-0.994967	0.29876	-0.9488	-0.524822	-0.541909	-0.205854	0.341725	-0.322995	-0.35037	-0.00717251	-1.0368	0.0732056	1.72023	-0.278845	-0.956814	0.343551	1.14612	0.361339	0.826376	0.0120623	-0.282687	0.611211	-0.956859	0.412927	
-0.206364	0.659282	-0.826123	0.152416	-1.09051	0.165547	-0.499244	-0.0717901	-0.186017	0.568043	-0.179085	-0.709268	-0.519411	-0.136785	-0.812009	0.557637	1.23995	-0.323318	-0.367609	0.937509	0.767965	0.0173309	1.16638	0.161626	-0.633017	0.375236	-0.800411	0.592062	
-0.4889	0.462965	-1.20112	-0.312992	-1.02239	-0.061878	0.0599975	0.283084	0.171261	1.0998	-0.631239	-1.04234	-0.583279	-0.224412	-0.447636	0.876721	0.659291	-0.321264	0.232208	1.32212	0.350921	-0.30896	1.65816	0.236998	-0.884542	0.0291501	-0.503755	0.592051	
-0.647369	0.243586	-1.30244	-0.671117	-0.841914	-0.317997	0.573833	0.468728	0.32303	1.23799	-0.858304	-1.25666	-0.526651	-0.246635	-0.10002	1.01093	0.198255	-0.268225	0.709522	1.41838	0.069514	-0.524678	2.11348	0.246736	-0.968941	-0.325768	-0.184055	0.426818	
-0.659689	0.0636046	-1.12447	-0.833466	-0.62896	-0.522386	0.895772	0.467578	0.163859	0.9498	-0.773351	-1.3027	-0.36326	-0.229349	0.083234	0.990353	0.0225572	-0.168858	0.969205	1.23343	0.0445542	-0.567862	2.3364	0.216724	-0.866871	-0.580764	0.0317053	0.153228	
-0.546976	-0.0484739	-0.74551	-0.781409	-0.458053	-0.618761	0.942519	0.319155	-0.267666	0.350585	-0.404519	-1.17737	-0.137681	-0.224843	0.0403326	0.882043	0.165224	-0.0442132	0.983247	0.869767	0.291147	-0.43876	2.22412	0.180134	-0.613249	-0.670436	0.0731498	-0.143488	
-0.368546	-0.100133	-0.310355	-0.575453	-0.377198	-0.591621	0.721161	0.111922	-0.767926	-0.303728	0.113369	-0.924876	0.0892624	-0.281828	-0.185616	0.764451	0.509622	0.0697048	0.794696	0.501932	0.698289	-0.2024	1.79033	0.160999	-0.295221	-0.599056	-0.060175	-0.381586	
-0.203709	-0.12831	0.0286119	-0.3256	-0.39546	-0.470371	0.318449	-0.0546946	-1.05507	-0.727634	0.589886	-0.626349	0.253226	-0.407442	-0.461869	0.703519	0.850342	0.132177	0.49415	0.309895	1.0796	0.0384516	1.14102	0.164318	-0.0182963	-0.429504	-0.298399	-0.50093	
-0.117095	-0.183233	0.165026	-0.147829	-0.469345	-0.309694	-0.124695	-0.0995553	-0.922815	-0.718625	0.843399	-0.367829	0.320442	-0.549807	-0.621219	0.728473	0.960788	0.115121	0.188001	0.376431	1.23896	0.180593	0.459293	0.179752	0.134089	-0.25842	-0.520625	-0.479568	
-0.132894	-0.292416	0.0790958	-0.111296	-0.530828	-0.165672	-0.469467	0.00725211	-0.336392	-0.252775	0.782523	-0.208225	0.299885	-0.616243	-0.535537	0.816831	0.705153	0.0164201	-0.0387807	0.661302	1.05584	0.165764	-0.0994142	0.184299	0.135152	-0.165806	-0.615378	-0.338381	
-0.239779	-0.455231	-0.166135	-0.219342	-0.522478	-0.0766405	-0.623015	0.238176	0.564922	0.521303	0.428569	-0.165789	0.223814	-0.521814	-0.171372	0.919347	0.105785	-0.138707	-0.146317	1.02888	0.545421	0.000679178	-0.470538	0.162847	0.014025	-0.188728	-0.522709	-0.125157	
-0.384766	-0.622882	-0.446734	-0.407145	-0.415939	-0.0440865	-0.566722	0.523385	1.47985	1.32345	-0.0847518	-0.20129	0.147798	-0.236232	0.387954	0.975982	-0.672064	-0.300744	-0.141134	1.27712	-0.157537	-0.24491	-0.685905	0.11376	-0.152017	-0.300185	-0.263546	0.0993041	
-0.50458	-0.728213	-0.633496	-0.570086	-0.232341	-0.0456243	-0.355925	0.768062	2.07188	1.84826	-0.570301	-0.240605	0.115292	0.190626	0.971122	0.943306	-1.36404	-0.415948	-0.0688988	1.24795	-0.828181	-0.466205	-0.842359	0.0519429	-0.275722	-0.422595	0.0709593	0.28573	
-0.548778	-0.712973	-0.643156	-0.618987	-0.0302265	-0.0490945	-0.0869241	0.895426	2.13126	1.91004	-0.862942	-0.213481	0.143666	0.63073	1.38821	0.811054	-1.73167	-0.444889	0.0143497	0.895551	-1.25478	-0.571164	-1.03313	0.00250351	-0.298306	-0.47881	0.356869	0.399665	
-0.498717	-0.547124	-0.469933	-0.512079	0.110559	-0.0328602	0.137021	0.868862	1.66328	1.50547	-0.87964	-0.0740715	0.20969	0.919623	1.50481	0.610949	-1.64556	-0.381325	0.0642672	0.323471	-1.31495	-0.51127	-1.32047	-0.0135378	-0.212801	-0.414992	0.478624	0.432712	
-0.372987	-0.259731	-0.180097	-0.275689	0.128682	0.0074251	0.246312	0.703947	0.861629	0.804121	-0.647304	0.170585	0.268525	0.929476	1.29364	0.400615	-1.13967	-0.250722	0.0622499	-0.271161	-1.01692	-0.302838	-1.6622	0.0136788	-0.0623449	-0.233492	0.383729	0.400564	
-0.214972	0.0772968	0.124921	0.00826723	0.00842048	0.0528864	0.223775	0.458452	0.0407423	0.0952319	-0.279135	0.463939	0.278874	0.625521	0.849209	0.23647	-0.413997	-0.10801	0.0170068	-0.664654	-0.510179	-0.0203915	-1.93828	0.0697603	0.0877804	0.00777862	0.100148	0.323153	
-0.084965	0.359055	0.338824	0.2361	-0.22663	0.0730951	0.100924	0.200482	-0.475939	-0.341715	0.0761	0.722877	0.214409	0.085363	0.343994	0.158573	0.278262	-0.0155103	-0.0533844	-0.686071	0.00199012	0.237078	-2.00978	0.124375	0.170456	0.223485	-0.277385	0.22595	
-0.0214476	0.497169	0.408714	0.33019	-0.500725	0.0502636	-0.0601607	-0.00990437	-0.530668	-0.362472	0.299338	0.86997	0.0962515	-0.514425	-0.0389685	0.167378	0.699922	-0.015316	-0.129477	-0.329705	0.325413	0.385025	-1.77101	0.14309	0.160386	0.339005	-0.614351	0.126533	
-0.0361065	0.456209	0.334298	0.272186	-0.734788	-0.0147868	-0.198046	-0.148912	-0.15929	-0.00607671	0.345309	0.860536	-0.0311219	-0.962784	-0.175057	0.233889	0.751877	-0.117077	-0.204789	0.278918	0.368572	0.387445	-1.24285	0.102411	0.0720797	0.328171	-0.799052	0.038853	
-0.115042	0.255729	0.167071	0.102837	-0.866522	-0.100809	-0.268092	-0.228103	0.444304	0.535176	0.253628	0.694363	-0.109866	-1.10753	-0.0360962	0.310883	0.489239	-0.291984	-0.282338	0.918307	0.165272	0.261893	-0.555262	0.000221144	-0.0435174	0.210953	-0.772646	-0.0320583	
-0.22478	-0.0378279	-0.0213041	-0.0972459	-0.872699	-0.17317	-0.258389	-0.276498	1.01016	1.02573	0.114037	0.424921	-0.101708	-0.906728	0.303186	0.364287	0.0738328	-0.488476	-0.363683	1.37452	-0.164453	0.0694423	0.087465	-0.143485	-0.128021	0.0513767	-0.559055	-0.0814202	
-0.332731	-0.331619	-0.175373	-0.2453	-0.78017	-0.201902	-0.187403	-0.330204	1.31487	1.262	0.0220603	0.124598	-0.00952514	-0.442603	0.698425	0.383513	-0.271249	-0.645609	-0.446395	1.51501	-0.446757	-0.113442	0.504762	-0.289542	-0.149439	-0.0765396	-0.24715	-0.102271	
-0.415609	-0.54472	-0.270394	-0.295526	-0.637956	-0.181787	-0.0854565	-0.408635	1.28892	1.17941	0.0293939	-0.143312	0.128116	0.107323	1.00375	0.378548	-0.389537	-0.720725	-0.514565	1.3457	-0.552294	-0.230965	0.625072	-0.402223	-0.108662	-0.132403	0.0488837	-0.100338	
-0.469213	-0.635804	-0.326866	-0.251555	-0.514102	-0.133268	0.0126576	-0.506468	1.01966	0.86264	0.126506	-0.337784	0.247583	0.532502	1.12231	0.389448	-0.215305	-0.701869	-0.54466	0.997838	-0.425819	-0.261025	0.481951	-0.454626	-0.0470705	-0.114896	0.225556	-0.0783038	
-0.500264	-0.604319	-0.37753	-0.1649	-0.451911	-0.091943	0.0823941	-0.596623	0.683397	0.472497	0.25455	-0.449873	0.298185	0.686087	1.03862	0.447553	0.186732	-0.607477	-0.513782	0.637688	-0.115485	-0.223301	0.235912	-0.440322	-0.0136096	-0.0650603	0.238524	-0.0457309	
-0.518415	-0.499644	-0.448814	-0.103984	-0.467881	-0.0927799	0.108045	-0.642635	0.46067	0.19184	0.337592	-0.501779	0.261382	0.544045	0.810593	0.570041	0.664878	-0.480306	-0.414016	0.418381	0.256024	-0.16205	0.0809854	-0.37563	-0.0446341	-0.0396006	0.097952	-0.0102514	
-0.530519	-0.368173	-0.541825	-0.114101	-0.554486	-0.151334	0.0773443	-0.624953	0.422971	0.107061	0.333091	-0.517467	0.161028	0.195057	0.530405	0.75259	1.07864	-0.367912	-0.269623	0.38517	0.57057	-0.119677	0.159692	-0.287197	-0.144336	-0.0736606	-0.13527	0.0269211	
-0.531004	-0.25637	-0.629615	-0.199257	-0.681436	-0.254477	-0.0152603	-0.54398	0.533194	0.195133	0.241448	-0.507845	0.0524446	-0.188646	0.290245	0.971082	1.32025	-0.308918	-0.127225	0.484358	0.734134	-0.121855	0.505543	-0.207846	-0.280422	-0.163189	-0.380788	0.0703052	
-0.508807	-0.165616	-0.669673	-0.311441	-0.824911	-0.362892	-0.176251	-0.427849	0.654357	0.33502	0.114378	-0.466265	-0.011809	-0.426745	0.138711	1.19968	1.38451	-0.321989	-0.0482525	0.593395	0.733926	-0.164299	0.991995	-0.161076	-0.404475	-0.255612	-0.57197	0.13397	
-0.458645	-0.0776215	-0.628999	-0.380109	-0.96754	-0.433863	-0.401875	-0.322475	0.657815	0.396315	0.0272586	-0.372341	-0.00607712	-0.41871	0.0815319	1.41762	1.32957	-0.405331	-0.0860327	0.608983	0.612632	-0.225454	1.42279	-0.163172	-0.469083	-0.286186	-0.677636	0.226648	
-0.387467	0.0182577	-0.502542	-0.349367	-1.10048	-0.439301	-0.670477	-0.264475	0.491685	0.333248	0.0288218	-0.206772	0.0563282	-0.170484	0.0952353	1.62773	1.219	-0.542141	-0.258013	0.504914	0.426697	-0.28115	1.60753	-0.222489	-0.454646	-0.207283	-0.704009	0.351653	
-0.318943	0.134925	-0.324203	-0.209804	-1.218	-0.38118	-0.94281	-0.274648	0.219256	0.184522	0.124369	0.0281251	0.125248	0.205394	0.151005	1.8407	1.09857	-0.707417	-0.542799	0.337584	0.227819	-0.321198	1.47767	-0.335853	-0.377758	-0.0192975	-0.675955	0.49469	
-0.284653	0.237146	-0.152785	-0.0116221	-1.30557	-0.29907	-1.16295	-0.347922	0.0217732	0.0860861	0.265085	0.285686	0.148796	0.551949	0.243331	2.06409	0.951001	-0.876718	-0.880812	0.24289	0.0272363	-0.358293	1.12377	-0.499849	-0.279805	0.211892	-0.621703	0.621032	
-0.313851	0.284409	-0.0496369	0.159878	-1.3438	-0.248857	-1.27932	-0.460766	0.0628914	0.180619	0.379186	0.498061	0.100169	0.719063	0.387718	2.29406	0.742807	-1.03126	-1.20008	0.341858	-0.17597	-0.416379	0.74489	-0.699834	-0.207052	0.389409	-0.550274	0.692059	
-0.418369	0.216929	-0.0541516	0.206003	-1.30534	-0.283211	-1.25268	-0.578184	0.447402	0.535582	0.401616	0.588534	0.00499501	0.64619	0.620716	2.49666	0.42282	-1.15484	-1.4316	0.682924	-0.403688	-0.523407	0.597745	-0.915746	-0.184257	0.412328	-0.447067	0.672101	
-0.587446	0.00561087	-0.16391	0.0613652	-1.17444	-0.42549	-1.07806	-0.670977	1.13923	1.10192	0.310373	0.498831	-0.0673429	0.385273	0.961764	2.62202	-0.0168689	-1.23809	-1.53389	1.2102	-0.657403	-0.692672	0.850524	-1.12085	-0.204495	0.226813	-0.291186	0.549215	
-0.784271	-0.339113	-0.338768	-0.273383	-0.954953	-0.656685	-0.790837	-0.729729	1.95171	1.69739	0.147608	0.230651	-0.0273297	0.0593972	1.38998	2.61509	-0.516601	-1.27399	-1.50814	1.76011	-0.90115	-0.912251	1.53678	-1.28282	-0.22803	-0.145523	-0.0698255	0.344673	
-0.958105	-0.765183	-0.513219	-0.734676	-0.670495	-0.923434	-0.451276	-0.757969	2.63205	2.10341	-0.0104742	-0.15697	0.191847	-0.160268	1.84226	2.44066	-0.994183	-1.26399	-1.38399	2.13338	-1.09562	-1.14931	2.52395	-1.37866	-0.203195	-0.614467	0.210916	0.107014	
-1.06355	-1.17929	-0.631523	-1.21039	-0.377772	-1.15329	-0.1338	-0.773971	2.96717	2.14463	-0.080638	-0.563748	0.579467	-0.16032	2.21966	2.11006	-1.33404	-1.21757	-1.2123	2.18537	-1.18496	-1.35944	3.55167	-1.38994	-0.101411	-1.04507	0.513459	-0.0984677	
-1.07624	-1.49596	-0.66426	-1.58544	-0.141237	-1.288	0.101608	-0.795688	2.88683	1.79312	-0.0139047	-0.878571	1.05392	0.0910227	2.42754	1.6792	-1.47373	-1.15359	-1.03903	1.89701	-1.1561	-1.50578	4.34555	-1.32212	0.0712052	-1.31845	0.775645	-0.214523	
-0.999945	-1.6603	-0.616059	-1.77846	-0.0111733	-1.30094	0.223831	-0.828106	2.47137	1.19203	0.177856	-1.01455	1.48125	0.515572	2.40942	1.23932	-1.42326	-1.09646	-0.892237	1.38084	-1.0423	-1.57055	4.71837	-1.19752	0.27158	-1.37132	0.935513	-0.213768	
-0.865488	-1.66809	-0.526279	-1.77421	-0.0110327	-1.2093	0.240797	-0.859556	1.92965	0.599229	0.423227	-0.949371	1.72123	0.96628	2.18128	0.888702	-1.26836	-1.06872	-0.775295	0.845624	-0.918389	-1.56399	4.66108	-1.05209	0.432502	-1.22605	0.956543	-0.109936	
-0.723206	-1.56401	-0.450362	-1.62163	-0.126356	-1.06431	0.190214	-0.867173	1.51418	0.290787	0.624697	-0.734741	1.69295	1.28434	1.8304	0.705094	-1.1331	-1.08593	-0.675343	0.510764	-0.869136	-1.51655	4.30752	-0.924335	0.494063	-0.97724	0.84229	0.0461113	
-0.620908	-1.42973	-0.436783	-1.40834	-0.317737	-0.924758	0.117569	-0.826762	1.37503	0.442847	0.700957	-0.471041	1.40421	1.35311	1.47542	0.730395	-1.10913	-1.14629	-0.579891	0.518782	-0.937162	-1.46483	3.88195	-0.835304	0.425722	-0.748963	0.637493	0.194146	
-0.595524	-1.34813	-0.508037	-1.23271	-0.526614	-0.837384	0.0647026	-0.717162	1.518	1.07005	0.621732	-0.275896	0.96403	1.16595	1.24026	0.957578	-1.24763	-1.23547	-0.480748	0.881203	-1.12728	-1.43957	3.58349	-0.792159	0.247269	-0.649974	0.413981	0.286031	
-0.661647	-1.36679	-0.662362	-1.16802	-0.707727	-0.816763	0.0503201	-0.539793	1.82812	1.99606	0.42067	-0.240114	0.535572	0.806279	1.2076	1.34402	-1.50688	-1.32914	-0.387585	1.48045	-1.37494	-1.45726	3.49172	-0.781842	0.015745	-0.724102	0.243314	0.305088	
-0.810795	-1.48382	-0.870945	-1.24184	-0.832275	-0.847711	0.0730844	-0.317829	2.12116	2.932	0.183231	-0.387031	0.283377	0.427479	1.39862	1.82073	-1.80533	-1.40888	-0.322476	2.11744	-1.60047	-1.51967	3.56082	-0.789865	-0.19028	-0.941503	0.177173	0.275614	
-1.01418	-1.65923	-1.08935	-1.43616	-0.886756	-0.895841	0.117529	-0.0912655	2.25404	3.59099	0.00665279	-0.669359	0.313001	0.189432	1.76932	2.3055	-2.06071	-1.4655	-0.309821	2.58747	-1.73935	-1.61704	3.64372	-0.80805	-0.30011	-1.21433	0.236709	0.242672	
-1.23717	-1.80843	-1.28214	-1.69775	-0.891801	-0.929546	0.162141	0.0875607	2.20097	3.79343	-0.0454558	-0.998249	0.607193	0.196245	2.22917	2.7369	-2.19636	-1.50626	-0.371381	2.77715	-1.75256	-1.73387	3.5688	-0.837709	-0.29117	-1.43561	0.400663	0.255246	
-1.44096	-1.85798	-1.42575	-1.95759	-0.871616	-0.932607	0.193951	0.173371	2.0671	3.52857	0.0381589	-1.26681	1.05875	0.458138	2.67947	3.07406	-2.19565	-1.5461	-0.511339	2.67358	-1.65976	-1.85069	3.21317	-0.89331	-0.184332	-1.52237	0.616802	0.341718	
-1.58803	-1.76564	-1.50687	-2.1484	-0.854946	-0.907582	0.202482	0.13888	2.00932	2.93865	0.212347	-1.39015	1.5013	0.890372	3.02706	3.30068	-2.06946	-1.59581	-0.721379	2.35677	-1.5024	-1.94254	2.56722	-0.984079	-0.0402733	-1.44256	0.819506	0.495526	
-1.6528	-1.53293	-1.52284	-2.2218	-0.861078	-0.8737	0.183893	-0.0138815	2.16317	2.26143	0.39898	-1.34427	1.77287	1.35204	3.22209	3.41966	-1.85705	-1.65816	-0.980513	1.95646	-1.33304	-1.98282	1.74845	-1.10996	0.0695645	-1.22726	0.947085	0.676385	
-1.62309	-1.20459	-1.48668	-2.15683	-0.903625	-0.848612	0.130192	-0.255328	2.56374	1.71906	0.520562	-1.17023	1.7785	1.69542	3.25289	3.45906	-1.57534	-1.7165	-1.26641	1.58299	-1.1669	-1.94457	0.927142	-1.24652	0.0876285	-0.94533	0.960331	0.833006	
-1.50517	-0.856857	-1.41557	-1.95662	-0.987644	-0.834871	0.0289315	-0.528584	3.08966	1.4366	0.535745	-0.942161	1.52137	1.82761	3.13078	3.46658	-1.22622	-1.74438	-1.55902	1.28203	-0.990801	-1.80513	0.279207	-1.34923	-0.0064104	-0.671985	0.850598	0.931524	
-1.32267	-0.588606	-1.33272	-1.66104	-1.10444	-0.81807	-0.129681	-0.756914	3.53381	1.44843	0.451467	-0.746234	1.0992	1.73866	2.8921	3.50262	-0.829795	-1.71579	-1.83214	1.04903	-0.788873	-1.56659	-0.104317	-1.37234	-0.187829	-0.468043	0.638529	0.972223	
-1.12127	-0.470653	-1.26725	-1.33479	-1.24175	-0.77166	-0.346748	-0.868637	3.70566	1.67189	0.308297	-0.641858	0.657394	1.50216	2.59334	3.62465	-0.427776	-1.62317	-2.0623	0.839354	-0.557593	-1.2596	-0.227894	-1.28673	-0.403357	-0.354849	0.372533	0.992597	
-0.9519	-0.54387	-1.2456	-1.05956	-1.37132	-0.673172	-0.601278	-0.810473	3.52088	1.99922	0.158817	-0.638564	0.331662	1.25184	2.30025	3.8726	-0.133573	-1.48599	-2.21917	0.616482	-0.359888	-0.948388	-0.154457	-1.10415	-0.590261	-0.323181	0.110116	1.05292	
-0.860463	-0.803215	-1.28151	-0.913648	-1.46146	-0.522514	-0.855263	-0.574101	3.05942	2.32544	0.0451965	-0.70037	0.200001	1.12467	2.07079	4.24514	-0.0754173	-1.34586	-2.27819	0.381747	-0.2886	-0.711824	0.0310395	-0.874857	-0.701376	-0.345926	-0.0916119	1.20276	
-0.870529	-1.18276	-1.36819	-0.946089	-1.48185	-0.349548	-1.05825	-0.207	2.53811	2.58222	-0.0169922	-0.764311	0.258921	1.20705	1.95334	4.68144	-0.355722	-1.25459	-2.22633	0.17963	-0.437325	-0.620125	0.278826	-0.677343	-0.720686	-0.397623	-0.192755	1.44845	
-0.964774	-1.57754	-1.47361	-1.15477	-1.41178	-0.204698	-1.16399	0.191879	2.2013	2.72345	-0.0283647	-0.772414	0.439268	1.49276	1.97217	5.07077	-0.974306	-1.24291	-2.06898	0.0619803	-0.834443	-0.703478	0.564013	-0.584168	-0.658149	-0.463131	-0.18004	1.74394	
-1.08529	-1.86532	-1.53494	-1.46793	-1.24456	-0.135121	-1.15215	0.492795	2.1784	2.67592	0.00736768	-0.685635	0.647615	1.89555	2.0992	5.25732	-1.78749	-1.30228	-1.83936	0.0311556	-1.39994	-0.924891	0.905347	-0.631689	-0.535708	-0.529063	-0.0662281	1.9969	
-1.1438	-1.93685	-1.47536	-1.7607	-0.997246	-0.166026	-1.04024	0.568837	2.40359	2.36065	0.106218	-0.511216	0.799699	2.27207	2.25913	5.08919	-2.5182	-1.37928	-1.59096	0.0403704	-1.93982	-1.18898	1.30463	-0.799133	-0.372569	-0.584255	0.10371	2.0965	
-1.04978	-1.71315	-1.2289	-1.87783	-0.70574	-0.27921	-0.883167	0.330271	2.60175	1.64447	0.301815	-0.286694	0.860282	2.46652	2.33605	4.45979	-2.80795	-1.3855	-1.39167	-0.0385221	-2.174	-1.35517	1.71893	-1.00714	-0.173601	-0.598561	0.277553	1.95913	
-0.734965	-1.18864	-0.759062	-1.68584	-0.405357	-0.413585	-0.752608	-0.235953	2.36967	0.42133	0.635914	-0.0541159	0.84622	2.38101	2.19806	3.35127	-2.37335	-1.22613	-1.29473	-0.371002	-1.86207	-1.28857	2.07328	-1.14644	0.0746222	-0.531201	0.409699	1.56252	
-0.185439	-0.436176	-0.0851376	-1.12741	-0.127074	-0.490111	-0.709984	-1.05783	1.37806	-1.3256	1.13389	0.145164	0.811641	1.99314	1.75326	1.85117	-1.10504	-0.839802	-1.31853	-1.07179	-0.88364	-0.908288	2.24394	-1.11734	0.389952	-0.346612	0.479182	0.956385	
0.544313	0.421082	0.719616	-0.249847	0.115167	-0.436722	-0.780839	-1.98856	-0.469828	-3.47297	1.76816	0.287166	0.818628	1.36303	0.98876	0.135892	0.845818	-0.226965	-1.43737	-2.15427	0.6809	-0.22306	2.13041	-0.869668	0.776402	-0.0323675	0.496893	0.250209	
1.35095	1.23294	1.54462	0.800456	0.326385	-0.217781	-0.944862	-2.84021	-2.986	-5.7519	2.45758	0.372445	0.89922	0.615804	-0.0167969	-1.56087	3.09354	0.545884	-1.58501	-3.51364	2.5514	0.666665	1.70545	-0.42002	1.21449	0.385237	0.49186	-0.417852	
2.10306	1.86194	2.26273	1.81784	0.511034	0.145616	-1.14912	-3.4393	-5.70483	-7.79597	3.0754	0.409644	1.03443	-0.105442	-1.12109	-3.00205	5.15752	1.35852	-1.68106	-4.92222	4.34392	1.59709	1.04139	0.151638	1.64503	0.838046	0.492746	-0.926513	
2.68507	2.22157	2.77228	2.60145	0.661545	0.582946	-1.33004	-3.67266	-8.05357	-9.2349	3.49412	0.401583	1.16456	-0.689716	-2.15324	-4.00703	6.61543	2.07561	-1.65818	-6.10183	5.69195	2.39251	0.290386	0.734446	1.98647	1.23286	0.504087	-1.20775	
3.02807	2.32894	3.01467	3.02447	0.739061	0.995496	-1.44638	-3.52455	-9.53058	-9.83599	3.62903	0.337219	1.2005	-1.11038	-2.97466	-4.49052	7.29665	2.59019	-1.49135	-6.80172	6.40535	2.92721	-0.409143	1.23247	2.1493	1.48631	0.490874	-1.26056	
3.12984	2.26949	3.00016	3.06971	0.69191	1.29488	-1.49696	-3.07227	-9.8965	-9.57354	3.47462	0.191869	1.06107	-1.40195	-3.53257	-4.47914	7.30863	2.85868	-1.20537	-6.89331	6.50897	3.16054	-0.939322	1.59559	2.07788	1.55374	0.386215	-1.14287	
3.05283	2.17608	2.79186	2.83478	0.46449	1.43205	-1.52738	-2.45722	-9.25906	-8.63563	3.11325	-0.0549318	0.69612	-1.63749	-3.87683	-4.09206	7.01253	2.90908	-0.866253	-6.38986	6.24381	3.14653	-1.29088	1.8352	1.76423	1.45179	0.104333	-0.941378	
2.89054	2.18686	2.48656	2.49087	0.0234029	1.41176	-1.60901	-1.84348	-8.0052	-7.37024	2.68412	-0.40582	0.101699	-1.90793	-4.14181	-3.50118	6.87846	2.82661	-0.558832	-5.43621	5.96962	3.00582	-1.535	2.01372	1.2537	1.25342	-0.419591	-0.742867	
2.74387	2.38961	2.19211	2.21589	-0.598218	1.29081	-1.80302	-1.36302	-6.68902	-6.16791	2.33756	-0.814228	-0.667041	-2.25662	-4.48629	-2.89526	7.25821	2.71977	-0.351318	-4.28893	5.9953	2.87462	-1.76278	2.20411	0.650003	1.06484	-1.18906	-0.604029	
2.67943	2.78812	1.98722	2.13153	-1.31351	1.14368	-2.13421	-1.08774	-5.76986	-5.31727	2.17828	-1.20722	-1.52995	-2.66899	-5.03168	-2.42409	8.27683	2.6774	-0.271482	-3.18659	6.48009	2.85265	-2.07842	2.45603	0.0705091	0.97986	-2.13463	-0.546014	
2.71733	3.30681	1.92224	2.26649	-1.98363	1.0403	-2.57208	-1.01276	-5.49719	-4.92517	2.22792	-1.49977	-2.3807	-3.07128	-5.80614	-2.1839	9.74343	2.73968	-0.300145	-2.31354	7.35026	2.97093	-2.5035	2.76563	-0.370388	1.04928	-3.12006	-0.560055	
2.83928	3.84052	2.00967	2.56184	-2.46414	1.01629	-3.04347	-1.08016	-5.83985	-4.91915	2.42678	-1.60141	-3.12239	-3.36446	-6.73672	-2.20497	11.258	2.89163	-0.385947	-1.76337	8.35013	3.19261	-2.99305	3.07684	-0.598363	1.26302	-3.98486	-0.624257	
3.00092	4.26105	2.23371	2.90104	-2.64658	1.05971	-3.4553	-1.21042	-6.52953	-5.07901	2.66524	-1.47099	-3.67522	-3.46718	-7.67169	-2.45959	12.3538	3.07359	-0.470856	-1.52541	9.14113	3.43267	-3.41505	3.30015	-0.591216	1.55084	-4.58236	-0.723508	
3.16274	4.48315	2.56053	3.17246	-2.50094	1.12713	-3.73505	-1.33718	-7.20731	-5.15151	2.83403	-1.11604	-3.99012	-3.34379	-8.44344	-2.88491	12.6926	3.20963	-0.520102	-1.51676	9.44458	3.60489	-3.63929	3.34763	-0.380538	1.81897	-4.8389	-0.852446	
3.30179	4.49776	2.94707	3.31743	-2.10104	1.15856	-3.86044	-1.43794	-7.55569	-4.95946	2.87439	-0.606402	-4.06723	-3.0482	-8.93365	-3.3952	12.2283	3.24204	-0.54393	-1.61302	9.17391	3.66209	-3.61144	3.17814	-0.0441186	1.98865	-4.7753	-1.01714	
3.42718	4.37141	3.35919	3.34735	-1.57861	1.11367	-3.8635	-1.53053	-7.44418	-4.48038	2.80447	-0.0380251	-3.92323	-2.68037	-9.10172	-3.91935	11.1664	3.14898	-0.592279	-1.73135	8.42718	3.60923	-3.35128	2.80147	0.340483	2.02973	-4.48956	-1.22243	
3.56717	4.19376	3.76002	3.33022	-1.08735	0.984431	-3.81462	-1.6548	-6.91717	-3.83141	2.70206	0.49966	-3.60922	-2.34624	-8.99679	-4.39935	9.88481	2.95036	-0.728032	-1.82102	7.44361	3.49843	-2.97305	2.27985	0.702707	1.96383	-4.1231	-1.4588	
3.74459	4.05534	4.11295	3.34983	-0.747001	0.798802	-3.78854	-1.84841	-6.16156	-3.2114	2.66715	0.942193	-3.18092	-2.13295	-8.71235	-4.80551	8.76255	2.68961	-1.00404	-1.86868	6.49076	3.39587	-2.60236	1.70037	0.999842	1.85401	-3.79911	-1.70108	
3.96545	4.02307	4.38712	3.45523	-0.590597	0.608152	-3.82758	-2.12507	-5.3901	-2.83133	2.77354	1.29093	-2.68428	-2.05287	-8.33707	-5.1396	8.00464	2.41366	-1.43001	-1.91372	5.73554	3.34794	-2.32818	1.13652	1.2294	1.77071	-3.57687	-1.91464	
4.20513	4.08756	4.55385	3.63139	-0.562354	0.46049	-3.91915	-2.45869	-4.75116	-2.79895	3.03043	1.57802	-2.14955	-2.05618	-7.91255	-5.41689	7.57892	2.1537	-1.9609	-1.99074	5.1941	3.35434	-2.16199	0.633322	1.41145	1.75503	-3.42277	-2.06588	
4.41715	4.18875	4.59799	3.80882	-0.554222	0.389664	-4.00713	-2.78665	-4.28988	-3.08133	3.37406	1.85654	-1.59247	-2.03561	-7.42675	-5.65097	7.2518	1.9156	-2.50564	-2.11911	4.73927	3.3731	-2.05489	0.197919	1.57324	1.80739	-3.25439	-2.13227	
4.54364	4.2406	4.51556	3.88946	-0.462386	0.395607	-4.0157	-3.03241	-3.95179	-3.50995	3.68983	2.16943	-1.03054	-1.8882	-6.84084	-5.83629	6.72948	1.68655	-2.955	-2.28464	4.1886	3.33818	-1.91611	-0.182152	1.72632	1.88306	-2.97955	-2.11077	
4.53916	4.17104	4.32802	3.79495	-0.230887	0.450788	-3.88363	-3.13361	-3.6557	-3.86151	3.86505	2.52238	-0.474937	-1.55598	-6.12156	-5.95299	5.79431	1.44526	-3.21827	-2.45619	3.40074	3.19118	-1.65917	-0.5236	1.86824	1.91906	-2.54248	-2.01969	
4.38387	3.93114	4.06788	3.5013	0.116634	0.511979	-3.59398	-3.06	-3.31314	-3.92669	3.82555	2.87959	0.0394862	-1.0427	-5.29146	-5.96231	4.42088	1.18029	-3.24457	-2.57404	2.35645	2.91062	-1.27228	-0.8274	1.97572	1.85847	-1.9664	-1.88492	
4.09014	3.52781	3.76987	3.05971	0.474329	0.539775	-3.18933	-2.82672	-2.91608	-3.59202	3.57241	3.16231	0.456871	-0.444508	-4.44774	-5.8173	2.82834	0.898849	-3.04925	-2.56706	1.20333	2.52757	-0.813464	-1.06515	2.01119	1.68631	-1.35198	-1.72823	
3.70238	3.01346	3.47176	2.57313	0.722384	0.517683	-2.74896	-2.47922	-2.51746	-2.90499	3.17611	3.30861	0.724759	0.128834	-3.72318	-5.4937	1.3373	0.6281	-2.69173	-2.42006	0.158271	2.11174	-0.389532	-1.20206	1.95459	1.43549	-0.833882	-1.55987	
3.27339	2.45232	3.1877	2.15189	0.770968	0.456213	-2.35974	-2.07336	-2.19218	-2.02006	2.73841	3.28604	0.798959	0.573522	-3.25081	-4.99377	0.247108	0.401367	-2.25742	-2.13397	-0.572751	1.74149	-0.0935393	-1.20787	1.79984	1.17176	-0.525368	-1.37015	
2.84719	1.91039	2.90693	1.87278	0.595389	0.387348	-2.08289	-1.65612	-1.98124	-1.1319	2.34808	3.11399	0.66222	0.839008	-3.09276	-4.35286	-0.297506	0.241118	-1.82907	-1.73948	-0.893426	1.4735	0.032804	-1.08086	1.55606	0.970246	-0.47833	-1.14063	
2.44909	1.43532	2.60216	1.74344	0.269954	0.351184	-1.92852	-1.25079	-1.87124	-0.434263	2.04722	2.86748	0.353872	0.961894	-3.21008	-3.64372	-0.388136	0.152727	-1.46399	-1.31505	-0.875947	1.31756	0.0434764	-0.859411	1.2562	0.884905	-0.642614	-0.852767	
2.08604	1.04864	2.24323	1.70841	-0.0734639	0.380552	-1.85684	-0.855453	-1.81411	-0.0397423	1.81623	2.64084	-0.0436718	1.03135	-3.47348	-2.94653	-0.293556	0.118855	-1.18802	-0.951411	-0.716292	1.2376	0.066074	-0.604372	0.935814	0.932727	-0.890166	-0.499279	
1.74784	0.740432	1.80273	1.67007	-0.297529	0.489666	-1.79572	-0.445351	-1.7305	0.0757473	1.58263	2.52243	-0.422983	1.16762	-3.6937	-2.32088	-0.35999	0.106019	-0.990108	-0.713704	-0.670716	1.1649	0.199532	-0.383489	0.621421	1.08614	-1.0667	-0.0858308	
1.41526	0.491316	1.26575	1.53443	-0.331638	0.667872	-1.6799	0.0024324	-1.58454	0.0654406	1.26283	2.5423	-0.69249	1.45617	-3.71184	-1.77442	-0.826519	0.0752448	-0.849073	-0.609111	-0.920441	1.02961	0.493842	-0.239595	0.315449	1.29188	-1.06122	0.370911	
1.07798	0.276298	0.6595	1.25138	-0.177156	0.880488	-1.46489	0.493029	-1.37852	0.104507	0.805471	2.68598	-0.794578	1.92655	-3.43292	-1.29198	-1.76579	-0.00180677	-0.738396	-0.62088	-1.53031	0.785246	0.928572	-0.187428	0.0168354	1.48646	-0.831398	0.837732	
0.734265	0.0725135	0.0379404	0.830362	0.0865175	1.08122	-1.15379	0.998517	-1.15198	0.349137	0.22047	2.8826	-0.733194	2.53427	-2.878	-0.830766	-3.03463	-0.136267	-0.649491	-0.673363	-2.40248	0.429345	1.39464	-0.2111	-0.276475	1.62402	-0.425497	1.2812	
0.391984	-0.133583	-0.530031	0.338653	0.329243	1.21969	-0.789192	1.46138	-0.950474	0.891182	-0.421241	3.03027	-0.576013	3.16193	-2.16309	-0.346617	-4.32903	-0.323063	-0.591635	-0.661035	-3.3169	0.00107185	1.7617	-0.275964	-0.56598	1.68162	0.0387727	1.66632	
0.0732171	-0.343515	-0.965093	-0.127177	0.458553	1.26221	-0.42691	1.8079	-0.803912	1.6454	-0.999668	3.06203	-0.395466	3.69003	-1.43328	0.158374	-5.34832	-0.537554	-0.585487	-0.539691	-4.04852	-0.431465	1.93302	-0.35885	-0.819312	1.6666	0.445129	1.96173	
-0.202125	-0.547182	-1.21287	-0.481038	0.436613	1.19397	-0.119146	1.96799	-0.681444	2.42911	-1.3999	2.94945	-0.266744	4.01877	-0.812072	0.645199	-5.8884	-0.752507	-0.655891	-0.299601	-4.43513	-0.800918	1.90662	-0.453982	-0.997532	1.60008	0.714006	2.14465	
-0.417932	-0.725815	-1.25036	-0.678784	0.309839	1.02411	0.109007	1.90476	-0.503406	3.02333	-1.54928	2.72815	-0.217367	4.10185	-0.336868	1.03645	-5.94167	-0.943921	-0.814172	0.00888978	-4.45739	-1.06097	1.75066	-0.582215	-1.0566	1.50127	0.838192	2.20021	
-0.566451	-0.860369	-1.10863	-0.729075	0.174115	0.784609	0.255272	1.627	-0.203962	3.25219	-1.44467	2.46861	-0.226211	3.96517	0.028461	1.27008	-5.65358	-1.09245	-1.05676	0.289014	-4.20777	-1.19639	1.58869	-0.76878	-0.976519	1.38594	0.87173	2.13071	
-0.646546	-0.935657	-0.853905	-0.678483	0.131002	0.522078	0.340835	1.19686	0.234447	3.03986	-1.15552	2.24982	-0.240228	3.67454	0.368754	1.31808	-5.25385	-1.18542	-1.35661	0.432858	-3.84922	-1.22296	1.55234	-1.02138	-0.775607	1.25794	0.898367	1.95759	
-0.6662	-0.944462	-0.586499	-0.595161	0.230523	0.289696	0.390409	0.718394	0.74412	2.4791	-0.803692	2.12375	-0.20779	3.31408	0.763799	1.23406	-4.94424	-1.21621	-1.66759	0.385929	-3.53092	-1.1732	1.6599	-1.3111	-0.516098	1.11938	0.980309	1.72969	
-0.65047	-0.897997	-0.418816	-0.545087	0.43282	0.128023	0.423808	0.31454	1.20193	1.82503	-0.528135	2.07476	-0.120946	2.94541	1.23555	1.14794	-4.80683	-1.18646	-1.92923	0.193105	-3.32579	-1.09098	1.85079	-1.56926	-0.3035	0.966891	1.12146	1.51141	
-0.625031	-0.826118	-0.425532	-0.566332	0.642882	0.0610206	0.455865	0.0911554	1.46351	1.34585	-0.432486	2.04765	-0.0160063	2.60408	1.73655	1.20585	-4.80124	-1.09981	-2.07752	-0.0502047	-3.22234	-1.00932	2.00134	-1.71015	-0.233363	0.807144	1.26826	1.36428	
-0.624342	-0.782531	-0.640572	-0.66979	0.738547	0.083684	0.494967	0.105836	1.44142	1.26522	-0.565609	1.95328	0.0246825	2.29468	2.16317	1.52738	-4.79261	-0.968745	-2.06243	-0.197028	-3.13608	-0.952308	2.01561	-1.66091	-0.373019	0.648972	1.33677	1.33175	
-0.684599	-0.80352	-1.04029	-0.841324	0.624742	0.167294	0.550038	0.354732	1.14747	1.68161	-0.907117	1.711	-0.0887409	1.99561	2.4064	2.14966	-4.6329	-0.81684	-1.85916	-0.108809	-2.96824	-0.930063	1.84896	-1.39442	-0.733727	0.501806	1.24925	1.42116	
-0.8304	-0.908444	-1.55909	-1.05011	0.277767	0.267938	0.633089	0.769743	0.700742	2.49032	-1.38051	1.28693	-0.405631	1.68934	2.40921	3.00625	-4.22484	-0.669061	-1.47707	0.26451	-2.64755	-0.938124	1.53821	-0.93888	-1.26145	0.375763	0.981601	1.59971	
-1.06836	-1.08101	-2.10043	-1.25957	-0.236497	0.339365	0.760111	1.23753	0.299702	3.42272	-1.87751	0.708506	-0.895021	1.3729	2.21	3.92443	-3.58641	-0.55096	-0.964057	0.862584	-2.18278	-0.967008	1.21113	-0.383913	-1.84942	0.267866	0.587322	1.79875	
-1.37533	-1.27047	-2.56414	-1.43917	-0.784928	0.348021	0.937927	1.63398	0.135359	4.15331	-2.29145	0.0659667	-1.4446	1.06515	1.93357	4.6885	-2.83715	-0.480005	-0.397071	1.53081	-1.6509	-1.00051	0.976692	0.14964	-2.36575	0.168924	0.176532	1.93707	
-1.70766	-1.41475	-2.88457	-1.56288	-1.23222	0.284191	1.15306	1.86154	0.312384	4.42707	-2.54533	-0.534106	-1.89875	0.784579	1.7336	5.12125	-2.12247	-0.459168	0.131973	2.08063	-1.14792	-1.02064	0.906971	0.554474	-2.70864	0.0662781	-0.127658	1.94873	
-2.00135	-1.44824	-3.03516	-1.60791	-1.48545	0.165442	1.36956	1.87452	0.787914	4.14493	-2.60581	-0.99617	-2.11476	0.543528	1.73243	5.14253	-1.55284	-0.474938	0.540699	2.35395	-0.747828	-1.00746	0.961007	0.768416	-2.82714	-0.0448612	-0.241087	1.80606	
-2.19131	-1.35156	-3.03451	-1.56221	-1.52365	0.0272567	1.54087	1.68981	1.40321	3.3996	-2.49098	-1.27423	-2.01801	0.336321	1.97086	4.79311	-1.16492	-0.499477	0.779569	2.28578	-0.472585	-0.946239	1.01975	0.794051	-2.73536	-0.165159	-0.141551	1.53153	
-2.23397	-1.13486	-2.93284	-1.42564	-1.40868	-0.0888091	1.6202	1.37699	1.94367	2.46349	-2.25689	-1.38332	-1.65241	0.138206	2.37829	4.22062	-0.905245	-0.502134	0.844853	1.94858	-0.286129	-0.832142	0.925572	0.690074	-2.51006	-0.288063	0.107046	1.18354	
-2.11408	-0.848318	-2.78557	-1.21053	-1.24488	-0.150194	1.58284	1.02975	2.22742	1.64517	-1.97913	-1.39066	-1.16796	-0.0846565	2.79773	3.61347	-0.661732	-0.454841	0.781594	1.50398	-0.112044	-0.668893	0.57198	0.548834	-2.25155	-0.39669	0.383626	0.835293	
-1.85354	-0.573332	-2.63243	-0.943007	-1.12919	-0.144424	1.43841	0.732606	2.1608	1.19315	-1.73246	-1.38382	-0.762347	-0.361047	3.04951	3.12346	-0.331113	-0.345102	0.663299	1.14081	0.117824	-0.472962	0.00934346	0.45542	-2.04946	-0.480452	0.565842	0.544172	
-1.50323	-0.362801	-2.48819	-0.662623	-1.11481	-0.0842558	1.23058	0.531558	1.78821	1.1845	-1.56923	-1.43132	-0.609807	-0.700712	3.00714	2.81288	0.140959	-0.179498	0.567717	1.00487	0.43432	-0.268705	-0.599689	0.456136	-1.9534	-0.533809	0.571138	0.332032	
-1.13429	-0.234698	-2.35555	-0.402504	-1.21296	0.00142329	1.01592	0.426121	1.27954	1.51681	-1.51343	-1.57361	-0.812623	-1.10202	2.63745	2.65132	0.768565	0.0195668	0.549125	1.15029	0.838693	-0.0779988	-1.02594	0.561191	-1.97619	-0.555301	0.37627	0.184792	
-0.811063	-0.165403	-2.21915	-0.183185	-1.385	0.0776094	0.843784	0.376558	0.812369	1.96719	-1.54795	-1.79664	-1.33802	-1.54631	2.01947	2.53851	1.50782	0.222569	0.621067	1.5176	1.2918	0.0858141	-1.08235	0.737698	-2.08244	-0.549847	0.0276248	0.05982	
-0.579682	-0.0957985	-2.06948	-0.0103798	-1.57329	0.115586	0.73821	0.327207	0.546108	2.28696	-1.63029	-2.05598	-2.03393	-2.00333	1.31467	2.36202	2.28026	0.399413	0.754179	1.96823	1.73621	0.21752	-0.713953	0.931076	-2.21377	-0.526467	-0.386512	-0.0848341	
-0.458247	0.0300012	-1.90986	0.132637	-1.74363	0.106419	0.681889	0.231415	0.524054	2.32047	-1.6994	-2.29319	-2.69272	-2.45402	0.693074	2.06237	3.03056	0.526621	0.88782	2.35328	2.14002	0.325316	-0.0343769	1.09489	-2.31706	-0.489246	-0.779659	-0.26947	
-0.437965	0.249249	-1.75864	0.267552	-1.89148	0.055564	0.633666	0.0732368	0.689787	2.06259	-1.69627	-2.46983	-3.11684	-2.89227	0.28349	1.66526	3.7223	0.590072	0.961053	2.57353	2.49118	0.417782	0.693085	1.19957	-2.35598	-0.439756	-1.09137	-0.478615	
-0.491876	0.531336	-1.63935	0.405751	-2.03038	-0.0235267	0.551215	-0.127506	0.921272	1.65183	-1.58354	-2.57702	-3.18265	-3.30886	0.137699	1.26683	4.32775	0.585422	0.938068	2.60454	2.79429	0.494861	1.17565	1.24002	-2.315	-0.387232	-1.28873	-0.670909	
-0.584412	0.806128	-1.56197	0.538085	-2.17294	-0.11709	0.418453	-0.326506	1.10171	1.27773	-1.35042	-2.62314	-2.88095	-3.68626	0.220994	0.980661	4.81128	0.516654	0.828479	2.49878	3.04856	0.545031	1.20345	1.2237	-2.19524	-0.345615	-1.37457	-0.800625	
-0.686479	1.00129	-1.52215	0.642053	-2.32067	-0.216861	0.251284	-0.474426	1.17644	1.09473	-1.02272	-2.63643	-2.32652	-3.99758	0.434891	0.892713	5.14301	0.394058	0.68026	2.34553	3.24898	0.548305	0.734202	1.16848	-2.0143	-0.32758	-1.37546	-0.835098	
-0.769424	1.04685	-1.48263	0.687328	-2.4321	-0.318984	0.10109	-0.540528	1.12048	1.12548	-0.643054	-2.62619	-1.6804	-4.20581	0.669666	1.00163	5.27439	0.234646	0.561145	2.19896	3.36568	0.489569	-0.0568193	1.08574	-1.77917	-0.346137	-1.30336	-0.778105	
-0.81846	0.937593	-1.40345	0.643177	-2.44891	-0.429432	0.0308508	-0.523012	1.01226	1.27221	-0.274539	-2.59241	-1.10898	-4.26728	0.845378	1.22708	5.16464	0.0561911	0.530412	2.07691	3.35352	0.358441	-0.869391	0.976422	-1.50333	-0.416122	-1.16414	-0.665679	
-0.822634	0.723142	-1.25237	0.512385	-2.32706	-0.547754	0.0827805	-0.453162	0.930031	1.32662	0.0300215	-2.51793	-0.729056	-4.16264	0.932704	1.4364	4.83827	-0.117359	0.609857	1.93831	3.20202	0.173609	-1.40493	0.846867	-1.20621	-0.532429	-0.957634	-0.551903	
-0.776947	0.502503	-1.02293	0.323306	-2.05949	-0.66849	0.25646	-0.373459	0.922475	1.12586	0.235027	-2.38363	-0.575245	-3.90294	0.946559	1.50904	4.36518	-0.265883	0.778542	1.73462	2.91988	-0.0304149	-1.48668	0.703341	-0.915208	-0.679844	-0.695855	-0.485828	
-0.682207	0.366166	-0.744334	0.124708	-1.69019	-0.780277	0.502259	-0.32002	0.992522	0.633201	0.326315	-2.18747	-0.597192	-3.52637	0.930535	1.39037	3.85322	-0.375588	0.975946	1.44264	2.54973	-0.211241	-1.13599	0.557171	-0.665727	-0.836469	-0.402795	-0.488966	
-0.546116	0.365818	-0.467009	-0.0268733	-1.30225	-0.865228	0.739652	-0.309245	1.09423	-0.0526939	0.313894	-1.94225	-0.700862	-3.09025	0.928514	1.10375	3.40795	-0.44572	1.13081	1.08828	2.14777	-0.330912	-0.529308	0.421919	-0.490464	-0.97397	-0.121837	-0.547646	
-0.389596	0.510169	-0.25515	-0.0890526	-1.00089	-0.914044	0.880663	-0.332828	1.18107	-0.694783	0.220374	-1.68817	-0.796298	-2.66593	0.956716	0.75147	3.11292	-0.490837	1.18296	0.761214	1.77281	-0.374259	0.0704626	0.306516	-0.416087	-1.06961	0.09025	-0.620125	
-0.234894	0.732477	-0.152328	-0.0451079	-0.853687	-0.925455	0.87121	-0.365649	1.17603	-1.06251	0.0841214	-1.46743	-0.805868	-2.3034	1.00912	0.4585	2.98417	-0.530957	1.10939	0.542779	1.46402	-0.348575	0.447993	0.214078	-0.436865	-1.10942	0.204749	-0.656556	
-0.106741	0.948696	-0.167396	0.0840388	-0.873652	-0.914016	0.710737	-0.378719	1.0682	-1.0064	-0.0622821	-1.31009	-0.706742	-2.01206	1.05812	0.320027	2.96453	-0.590024	0.937235	0.489779	1.22175	-0.289744	0.515313	0.135162	-0.521847	-1.09847	0.213434	-0.628891	
-0.0233155	1.08845	-0.265852	0.259709	-1.01234	-0.898636	0.452941	-0.358843	0.867776	-0.575111	-0.18904	-1.21886	-0.517064	-1.78343	1.0788	0.35596	2.97101	-0.67923	0.725647	0.576524	1.03447	-0.236895	0.344841	0.0587033	-0.618271	-1.04637	0.145721	-0.537344	
0.0134674	1.13808	-0.38057	0.434651	-1.16949	-0.894762	0.185246	-0.311195	0.585261	0.00427299	-0.270855	-1.15823	-0.273675	-1.58105	1.06114	0.505994	2.90924	-0.79278	0.546558	0.683365	0.869363	-0.222591	0.131777	-0.0253231	-0.661103	-0.967369	0.0591471	-0.418617	
0.0167009	1.12036	-0.44465	0.564746	-1.24543	-0.910181	-0.00812767	-0.255679	0.25383	0.450274	-0.296966	-1.08752	-0.0206634	-1.37473	1.00436	0.671342	2.73285	-0.906484	0.456497	0.67434	0.710497	-0.258042	0.0767668	-0.112405	-0.610161	-0.883729	0.00826249	-0.326118	
0.0107917	1.08994	-0.408178	0.628735	-1.17164	-0.934885	-0.0712198	-0.217279	-0.125929	0.50337	-0.264172	-0.973917	0.208684	-1.16023	0.926205	0.753985	2.46195	-0.979702	0.479847	0.430072	0.57027	-0.326231	0.289299	-0.179049	-0.455997	-0.811469	0.0327603	-0.306067	
0.023345	1.11937	-0.26531	0.623646	-0.949095	-0.950716	0.00114886	-0.214175	-0.524142	0.0800039	-0.179589	-0.819418	0.385406	-0.964409	0.842701	0.70301	2.17494	-0.976742	0.600233	-0.0605703	0.481006	-0.394234	0.718386	-0.198207	-0.2334	-0.764509	0.125641	-0.384385	
0.0722535	1.22219	-0.050987	0.558746	-0.630193	-0.935559	0.168457	-0.245558	-0.920015	-0.68636	-0.0625239	-0.66171	0.505301	-0.836098	0.768783	0.53595	1.95315	-0.877286	0.770153	-0.69877	0.470164	-0.428326	1.20038	-0.147907	0.000188863	-0.757755	0.259508	-0.546238	
0.159398	1.3566	0.179943	0.443877	-0.291819	-0.877644	0.369551	-0.293884	-1.24071	-1.50503	0.0609208	-0.556516	0.567957	-0.810142	0.71666	0.31437	1.82498	-0.692288	0.936474	-1.29583	0.52952	-0.414492	1.5316	-0.0334201	0.188084	-0.802578	0.39012	-0.755777	
0.262687	1.44457	0.368874	0.287064	-0.00961746	-0.783947	0.543563	-0.337714	-1.38462	-2.04427	0.157491	-0.562382	0.575172	-0.91256	0.688695	0.110072	1.77207	-0.462072	1.05075	-1.6415	0.626436	-0.361855	1.59294	0.113243	0.290342	-0.902473	0.480269	-0.961292	
