-0.387503	0.524165	-0.502237	0.283909	0.274047	0.0222716	0.575924	0.0686077	-0.0180442	-0.327744	-0.298761	0.253368	0.403265	0.111569	0.372709	-0.184631	-0.459281	-0.354555	0.329494	-0.247117	-0.547782	0.0454262	0.022694	-0.0894285	-0.345043	0.158551	0.509076	-0.192949	
-0.465115	0.243062	-0.484795	0.197245	0.168911	0.0405529	0.50673	0.184555	-0.133432	-0.344271	-0.255727	0.105702	0.307235	0.0644573	0.546616	-0.344522	-0.473377	-0.212612	0.476847	-0.304831	-0.376493	0.112242	0.264954	0.00315314	-0.300145	0.166506	0.408257	-0.101707	
-0.537574	-0.219514	-0.425061	-0.0179445	0.0565791	0.00310828	0.416457	0.210179	-0.274115	-0.405414	0.00514603	-0.0469249	0.275858	-0.0643941	0.657542	-0.479982	-0.465489	-0.0572765	0.594643	-0.364664	-0.045377	0.138662	0.779682	0.0434246	-0.186468	0.13106	0.327129	-0.0492768	
-0.543302	-0.733502	-0.297053	-0.289636	-0.0539122	-0.0964858	0.288071	0.109671	-0.449583	-0.51616	0.458947	-0.170081	0.312932	-0.213562	0.629802	-0.58155	-0.375053	0.103054	0.615318	-0.437384	0.417256	0.137656	1.45052	0.0167512	-0.012897	0.0433561	0.25203	-0.0652138	
-0.421162	-1.1325	-0.0707865	-0.518015	-0.159991	-0.250253	0.0961943	-0.121273	-0.6563	-0.666865	1.02379	-0.23965	0.391856	-0.327737	0.41903	-0.662538	-0.139673	0.261502	0.482139	-0.533595	0.954793	0.142827	2.09767	-0.0732606	0.204109	-0.0931743	0.157781	-0.164935	
-0.144778	-1.29387	0.265007	-0.618329	-0.258487	-0.441966	-0.170608	-0.450578	-0.88192	-0.830565	1.5875	-0.246467	0.460789	-0.383219	0.045903	-0.746962	0.26791	0.405429	0.180879	-0.656981	1.49963	0.189409	2.5732	-0.206583	0.447371	-0.272507	0.0263103	-0.34554	
0.259651	-1.17347	0.681987	-0.554451	-0.33964	-0.643556	-0.495271	-0.812682	-1.08855	-0.968511	2.03932	-0.206265	0.465309	-0.385749	-0.407163	-0.84184	0.813971	0.521982	-0.248896	-0.791194	1.97082	0.292781	2.7751	-0.352847	0.68764	-0.479532	-0.141136	-0.577836	
0.711278	-0.822456	1.10421	-0.345086	-0.388843	-0.81865	-0.833572	-1.12575	-1.2173	-1.04196	2.2796	-0.141509	0.37562	-0.375352	-0.814146	-0.937755	1.39499	0.598918	-0.721634	-0.899984	2.29166	0.442186	2.68077	-0.476688	0.88773	-0.681384	-0.316192	-0.808726	
1.09441	-0.371386	1.42679	-0.0664257	-0.386862	-0.929675	-1.11654	-1.31087	-1.20911	-1.01124	2.25292	-0.0884706	0.193931	-0.378911	-1.05454	-0.99308	1.86231	0.626073	-1.12707	-0.928988	2.39695	0.593126	2.33659	-0.547397	1.00702	-0.844474	-0.456422	-0.968704	
1.29564	0.0310468	1.54848	0.187556	-0.317928	-0.94181	-1.26504	-1.31507	-1.02055	-0.859699	1.93908	-0.07486	-0.0388672	-0.409047	-1.05061	-0.952472	2.06832	0.600843	-1.36955	-0.830776	2.24741	0.686509	1.81279	-0.548375	1.00815	-0.923528	-0.515112	-0.992579	
1.24253	0.26315	1.40948	0.335323	-0.182979	-0.835902	-1.22985	-1.12752	-0.651497	-0.586838	1.38493	-0.112827	-0.259953	-0.45159	-0.789933	-0.77717	1.92187	0.52563	-1.3996	-0.581627	1.84444	0.668922	1.19288	-0.480867	0.8779	-0.889216	-0.468886	-0.840838	
0.93421	0.283964	1.02077	0.34156	-0.00226094	-0.613791	-1.00606	-0.784499	-0.148888	-0.219744	0.689936	-0.197396	-0.407542	-0.463154	-0.348128	-0.455953	1.4265	0.407481	-1.23383	-0.196334	1.22951	0.515777	0.528275	-0.36292	0.627798	-0.728587	-0.322408	-0.514332	
0.442204	0.136988	0.46463	0.230465	0.184577	-0.300261	-0.635573	-0.358195	0.402338	0.197576	-0.0519729	-0.300885	-0.442842	-0.400927	0.152859	-0.022388	0.685156	0.25734	-0.940978	0.272105	0.485605	0.247404	-0.14998	-0.220691	0.296834	-0.453226	-0.114964	-0.0632554	
-0.10869	-0.0780421	-0.126105	0.0632591	0.32855	0.0589552	-0.202522	0.0651605	0.900171	0.613305	-0.724231	-0.3962	-0.367483	-0.239761	0.57666	0.457908	-0.128186	0.0883329	-0.615907	0.743661	-0.280675	-0.0801679	-0.820613	-0.0815211	-0.0540551	-0.108223	0.0879402	0.428418	
-0.581644	-0.239613	-0.617044	-0.0775052	0.388639	0.410229	0.199727	0.409588	1.26357	0.973675	-1.25735	-0.449626	-0.221451	0.0129589	0.823131	0.887099	-0.827416	-0.0824517	-0.34449	1.13666	-0.965734	-0.387983	-1.46674	0.0363537	-0.366596	0.253195	0.224239	0.866523	
-0.875346	-0.278962	-0.914162	-0.140335	0.344881	0.697678	0.489287	0.633009	1.46063	1.24473	-1.61204	-0.45551	-0.0659735	0.320008	0.859387	1.18956	-1.2765	-0.237759	-0.16619	1.39796	-1.4864	-0.6076	-2.03448	0.125671	-0.595078	0.560596	0.250959	1.17192	
-0.95085	-0.183719	-0.99131	-0.112645	0.212885	0.879049	0.637587	0.730635	1.50565	1.40597	-1.79108	-0.422308	0.0412391	0.61486	0.723102	1.32397	-1.43012	-0.362253	-0.0714715	1.50967	-1.8047	-0.70336	-2.46551	0.190171	-0.721863	0.763618	0.172128	1.30058	
-0.83855	-0.0127563	-0.890838	-0.0314664	0.0365176	0.93135	0.660117	0.732731	1.4609	1.45856	-1.82702	-0.384389	0.0673114	0.834644	0.513604	1.29014	-1.3363	-0.442525	-0.00565662	1.49796	-1.92557	-0.682544	-2.69568	0.239952	-0.755589	0.825242	0.026266	1.2535	
-0.618698	0.134508	-0.69423	0.0341515	-0.120613	0.850791	0.613348	0.685557	1.40344	1.41961	-1.75086	-0.389137	0.0172106	0.925337	0.34261	1.12985	-1.10847	-0.473862	0.0966595	1.41721	-1.88664	-0.59137	-2.68519	0.282279	-0.716466	0.733494	-0.119748	1.06915	
-0.388311	0.169526	-0.486965	0.0174914	-0.195267	0.656355	0.57816	0.630058	1.39026	1.30988	-1.61046	-0.473594	-0.0720824	0.873714	0.301517	0.897895	-0.873793	-0.456185	0.283012	1.32355	-1.74208	-0.491922	-2.44214	0.317586	-0.632705	0.504457	-0.190953	0.802909	
-0.225098	0.0403629	-0.321277	-0.124083	-0.150471	0.378843	0.607392	0.589085	1.44449	1.15655	-1.4094	-0.659559	-0.15045	0.682938	0.430564	0.658074	-0.722077	-0.400924	0.560154	1.25999	-1.53868	-0.438456	-2.01209	0.335796	-0.519358	0.166524	-0.14389	0.504949	
-0.15932	-0.225093	-0.203109	-0.37805	0.0161963	0.0624549	0.721888	0.559802	1.54061	0.980584	-1.1585	-0.925533	-0.176567	0.378823	0.699942	0.445903	-0.674486	-0.324149	0.885106	1.23849	-1.31131	-0.455238	-1.49003	0.324927	-0.385327	-0.22833	0.0290329	0.211187	
-0.1718	-0.552353	-0.0977099	-0.69107	0.267443	-0.243742	0.889105	0.524462	1.62777	0.798228	-0.868501	-1.22542	-0.13172	0.00167301	1.03018	0.27022	-0.687584	-0.24141	1.18993	1.24338	-1.07157	-0.525457	-0.974959	0.278155	-0.230837	-0.6291	0.285831	-0.0632589	
-0.209443	-0.830287	0.0414769	-0.981455	0.539787	-0.491319	1.0453	0.461548	1.64855	0.625466	-0.567401	-1.48605	-0.0313094	-0.411278	1.32169	0.12052	-0.682372	-0.164229	1.39819	1.2442	-0.825114	-0.604609	-0.564725	0.200704	-0.0584493	-0.975956	0.551239	-0.314782	
-0.211064	-0.966737	0.244003	-1.17278	0.765254	-0.640695	1.11384	0.360136	1.56307	0.47486	-0.294443	-1.64134	0.0887672	-0.813949	1.48759	-0.0273068	-0.584024	-0.091897	1.45926	1.2086	-0.576207	-0.638577	-0.319496	0.109688	0.11988	-1.21973	0.744228	-0.541044	
-0.137162	-0.925384	0.505232	-1.22481	0.893518	-0.673174	1.03119	0.225061	1.36882	0.355192	-0.0789821	-1.64731	0.200007	-1.16407	1.47368	-0.19	-0.359112	-0.0202546	1.35665	1.11812	-0.332366	-0.588116	-0.247574	0.0282066	0.292883	-1.33073	0.802513	-0.732155	
0.0197848	-0.722905	0.786846	-1.13655	0.90931	-0.591246	0.780314	0.0712593	1.08485	0.260383	0.0473041	-1.49298	0.288896	-1.413	1.27199	-0.367505	-0.0264466	0.0619449	1.10671	0.966593	-0.108906	-0.444469	-0.320122	-0.0224035	0.44516	-1.29459	0.711309	-0.871671	
0.234212	-0.435164	1.03731	-0.953308	0.831148	-0.428804	0.382461	-0.0847248	0.749772	0.177872	0.120953	-1.21233	0.368069	-1.51721	0.914452	-0.553708	0.354558	0.159064	0.749569	0.762513	0.0842661	-0.232218	-0.466398	-0.0360109	0.574186	-1.13314	0.498081	-0.945603	
0.465851	-0.147345	1.21612	-0.737671	0.707139	-0.237911	-0.0994773	-0.232807	0.403485	0.0892341	0.180938	-0.869303	0.470152	-1.45263	0.465156	-0.731065	0.716826	0.268526	0.325428	0.523448	0.242355	-0.00126233	-0.621612	-0.0240038	0.690505	-0.891626	0.229168	-0.947764	
0.675246	0.0635109	1.31314	-0.549738	0.592597	-0.0819996	-0.586185	-0.377511	0.0678692	-0.0278114	0.309517	-0.540696	0.62839	-1.22409	-0.00329843	-0.879932	1.00922	0.379058	-0.132274	0.264175	0.378435	0.195962	-0.72504	-0.0155388	0.814729	-0.637152	-0.0137538	-0.896979	
0.837424	0.170498	1.34814	-0.422378	0.529781	-0.0128253	-1.00368	-0.529777	-0.239294	-0.180367	0.566082	-0.286794	0.849568	-0.874072	-0.420282	-0.985246	1.21575	0.469003	-0.602518	0.00456581	0.505369	0.319748	-0.753122	-0.0452356	0.964675	-0.435123	-0.164387	-0.825645	
0.95002	0.195449	1.36042	-0.353568	0.539211	-0.0543221	-1.29444	-0.695991	-0.505566	-0.351695	0.948229	-0.144638	1.09837	-0.486808	-0.727698	-1.02507	1.34868	0.517646	-1.06425	-0.229877	0.630555	0.354777	-0.718274	-0.136848	1.13865	-0.333368	-0.186645	-0.773121	
1.02082	0.191434	1.38219	-0.319335	0.61463	-0.192408	-1.42758	-0.863564	-0.704627	-0.500061	1.3873	-0.119984	1.31496	-0.15515	-0.88543	-0.99297	1.42767	0.507487	-1.48555	-0.405381	0.740241	0.310442	-0.665937	-0.288514	1.31301	-0.351343	-0.0878803	-0.764634	
1.06048	0.220204	1.41999	-0.282703	0.729685	-0.376138	-1.3982	-0.997938	-0.790861	-0.56607	1.73327	-0.192343	1.42004	0.0346677	-0.86876	-0.870334	1.46051	0.43789	-1.82293	-0.476966	0.79376	0.212557	-0.675101	-0.469712	1.43741	-0.462373	0.0891229	-0.79932	
1.06677	0.310573	1.44955	-0.225206	0.852743	-0.543952	-1.21934	-1.05567	-0.715383	-0.490029	1.84939	-0.334507	1.36165	0.0393443	-0.674943	-0.64137	1.42786	0.318902	-2.02421	-0.403751	0.737896	0.0850836	-0.812157	-0.63358	1.45957	-0.620336	0.290297	-0.855354	
1.02615	0.450834	1.42738	-0.149957	0.955957	-0.634194	-0.92009	-0.993968	-0.433372	-0.236038	1.61566	-0.520705	1.14023	-0.133811	-0.320893	-0.303368	1.29621	0.171121	-2.04759	-0.158161	0.521614	-0.0556728	-1.12825	-0.729632	1.34379	-0.762728	0.462094	-0.882783	
0.917376	0.582524	1.3137	-0.0853939	1.0225	-0.617996	-0.535481	-0.80069	0.0570716	0.183092	1.01596	-0.730202	0.809372	-0.417838	0.154172	0.134729	1.03242	0.0184033	-1.87988	0.250012	0.13238	-0.205146	-1.60942	-0.727221	1.08931	-0.83857	0.573754	-0.83912	
0.723997	0.63339	1.09101	-0.0708697	1.04596	-0.503452	-0.108704	-0.500276	0.713753	0.710355	0.144573	-0.946635	0.471349	-0.706735	0.693902	0.62128	0.631147	-0.125085	-1.54527	0.773558	-0.400804	-0.368207	-2.19108	-0.626186	0.73849	-0.821156	0.621679	-0.700173	
0.447712	0.543579	0.778867	-0.138017	1.02701	-0.332252	0.313596	-0.152692	1.44228	1.25184	-0.811974	-1.1548	0.232709	-0.897755	1.22566	1.09017	0.129312	-0.25168	-1.10563	1.32983	-0.998277	-0.549341	-2.76464	-0.458003	0.361712	-0.713155	0.625265	-0.471515	
0.108325	0.292887	0.42038	-0.298358	0.968606	-0.162296	0.690117	0.164375	2.12533	1.7058	-1.63749	-1.33322	0.172282	-0.913981	1.68152	1.46239	-0.401938	-0.364189	-0.637636	1.82594	-1.55655	-0.747642	-3.20187	-0.274408	0.034096	-0.54773	0.616021	-0.190969	
-0.255972	-0.0826261	0.0659608	-0.529898	0.865254	-0.0399147	0.981929	0.386219	2.65803	1.995	-2.16438	-1.44718	0.29742	-0.738125	2.00809	1.67889	-0.876778	-0.466648	-0.212348	2.18753	-1.98118	-0.947804	-3.40435	-0.126373	-0.200199	-0.361481	0.616007	0.0947246	
-0.603612	-0.499407	-0.24983	-0.788409	0.71507	0.017158	1.17125	0.486046	2.97619	2.09719	-2.32881	-1.46428	0.540639	-0.403366	2.1757	1.71597	-1.23182	-0.562624	0.13175	2.38188	-2.22022	-1.13078	-3.32756	-0.0453064	-0.340019	-0.19021	0.634112	0.343097	
-0.901099	-0.852952	-0.52409	-1.02162	0.516912	0.0276149	1.25888	0.493427	3.0877	2.05461	-2.20985	-1.37023	0.786712	0.018937	2.19906	1.60675	-1.44934	-0.652164	0.399449	2.43475	-2.28992	-1.2794	-3.01593	-0.0293113	-0.431531	-0.0531857	0.65654	0.539065	
-1.13075	-1.05599	-0.777944	-1.18732	0.279531	0.03241	1.26678	0.479158	3.05415	1.95272	-1.96505	-1.17695	0.906961	0.441466	2.1104	1.42989	-1.56096	-0.723353	0.626095	2.41232	-2.25742	-1.38345	-2.58294	-0.0476375	-0.544316	0.048398	0.657773	0.6958	
-1.2912	-1.06481	-1.04015	-1.26992	0.0272973	0.0732969	1.23072	0.526369	2.97762	1.89859	-1.78979	-0.930497	0.818949	0.79055	1.96557	1.2888	-1.63062	-0.763969	0.85772	2.40618	-2.22089	-1.4482	-2.18667	-0.058912	-0.735354	0.116516	0.613795	0.838786	
-1.38862	-0.89507	-1.31798	-1.28209	-0.209938	0.171557	1.18	0.696318	2.94878	1.96853	-1.81703	-0.699405	0.510878	1.01854	1.81447	1.27502	-1.71855	-0.761927	1.11984	2.48633	-2.25734	-1.4867	-1.97118	-0.0285266	-1.01851	0.156957	0.507765	0.997652	
-1.42823	-0.620835	-1.5844	-1.26227	-0.395692	0.309235	1.13386	0.994441	3.01816	2.18684	-2.0662	-0.558406	0.0561912	1.10978	1.69282	1.43063	-1.84938	-0.713018	1.40402	2.68041	-2.3883	-1.51605	-2.00516	0.0489311	-1.35184	0.157569	0.344165	1.17251	
-1.40728	-0.339143	-1.77895	-1.25205	-0.505968	0.433025	1.08896	1.36115	3.17246	2.50935	-2.438	-0.555365	-0.412824	1.07628	1.62251	1.73657	-1.99543	-0.625687	1.66135	2.95654	-2.571	-1.54596	-2.26776	0.148965	-1.65043	0.101304	0.148013	1.32914	
-1.3132	-0.135967	-1.82586	-1.27997	-0.526988	0.482012	1.02067	1.69236	3.34121	2.84252	-2.74761	-0.698118	-0.751605	0.944446	1.58429	2.09987	-2.08298	-0.513953	1.81861	3.23676	-2.70885	-1.57444	-2.65872	0.22621	-1.81471	-0.0252544	-0.0432428	1.41227	
-1.13611	-0.0646952	-1.67121	-1.35298	-0.46376	0.40724	0.901002	1.87242	3.43637	3.07768	-2.82543	-0.947721	-0.851311	0.744807	1.55964	2.4055	-2.029	-0.397548	1.8094	3.42983	-2.69646	-1.58998	-3.02442	0.233183	-1.77332	-0.225447	-0.189341	1.36142	
-0.876421	-0.120425	-1.30953	-1.44666	-0.336828	0.203518	0.708913	1.8195	3.37654	3.13157	-2.56609	-1.22312	-0.68193	0.505362	1.51489	2.53942	-1.77932	-0.29002	1.59571	3.46092	-2.46325	-1.57286	-3.23133	0.143148	-1.51619	-0.468968	-0.261299	1.14452	
-0.557367	-0.255465	-0.797574	-1.52286	-0.169904	-0.0858332	0.447629	1.51835	3.13619	2.98357	-1.99602	-1.43604	-0.295069	0.254731	1.43401	2.44218	-1.34504	-0.202244	1.18721	3.30798	-2.01302	-1.51093	-3.20556	-0.0399524	-1.10004	-0.706667	-0.247164	0.77464	
-0.225236	-0.397014	-0.242899	-1.54193	0.0077297	-0.382574	0.144516	1.03126	2.74999	2.67769	-1.2577	-1.51834	0.194339	0.0304581	1.32268	2.13442	-0.808038	-0.141313	0.637445	3.00354	-1.42915	-1.40507	-2.96704	-0.27763	-0.63038	-0.874175	-0.156704	0.320865	
0.0636913	-0.484555	0.231897	-1.48236	0.175013	-0.602959	-0.152269	0.476671	2.31155	2.31601	-0.538291	-1.45498	0.655396	-0.132748	1.19842	1.70664	-0.294361	-0.10821	0.0256952	2.63111	-0.847626	-1.2714	-2.62291	-0.517671	-0.225169	-0.925468	-0.0143025	-0.117079	
0.25423	-0.488562	0.527108	-1.35039	0.314973	-0.691157	-0.380592	-0.0073605	1.94047	2.01969	-0.0218264	-1.2817	0.97059	-0.213865	1.1055	1.30842	0.0648052	-0.106025	-0.564704	2.29416	-0.415774	-1.13896	-2.32019	-0.710891	0.0236557	-0.84716	0.149005	-0.433721	
0.313681	-0.41873	0.599229	-1.17797	0.417	-0.636351	-0.4946	-0.304226	1.7446	1.89037	0.182914	-1.07767	1.0769	-0.19976	1.08886	1.08511	0.183709	-0.138648	-1.06954	2.08241	-0.234961	-1.04047	-2.19867	-0.833305	0.0819172	-0.670239	0.301761	-0.553603	
0.236198	-0.331145	0.468173	-1.02113	0.472631	-0.483831	-0.467021	-0.349396	1.79554	1.97923	0.0734458	-0.937712	0.974921	-0.115616	1.19179	1.13466	0.0456534	-0.211965	-1.4437	2.04807	-0.331751	-1.00382	-2.31037	-0.888295	-0.0282355	-0.468204	0.42478	-0.453168	
0.0462695	-0.285707	0.200484	-0.93235	0.476779	-0.310101	-0.295012	-0.142593	2.10238	2.2802	-0.273267	-0.939596	0.72018	0.000469173	1.43587	1.48065	-0.29072	-0.326844	-1.66514	2.19463	-0.659563	-1.04414	-2.63608	-0.90186	-0.249802	-0.329361	0.513777	-0.169833	
-0.210483	-0.331356	-0.114235	-0.947222	0.433181	-0.190171	-6.1687e-05	0.260483	2.6201	2.73159	-0.74369	-1.11935	0.395798	0.0893469	1.81903	2.05047	-0.719216	-0.475168	-1.72463	2.48259	-1.11828	-1.16006	-3.07984	-0.904431	-0.512135	-0.326093	0.578171	0.215374	
-0.484628	-0.476958	-0.404485	-1.07111	0.354593	-0.167674	0.382666	0.774933	3.26565	3.23853	-1.24829	-1.45796	0.0911382	0.0998647	2.30767	2.70911	-1.12933	-0.637645	-1.61908	2.84491	-1.59823	-1.33665	-3.52027	-0.911621	-0.762365	-0.484878	0.632516	0.609295	
-0.733753	-0.683973	-0.631727	-1.27165	0.269088	-0.238407	0.817141	1.30612	3.93107	3.69865	-1.74127	-1.89165	-0.12127	0.0136398	2.84556	3.28267	-1.44243	-0.783137	-1.35373	3.20253	-2.01553	-1.54877	-3.865	-0.917325	-0.972296	-0.775899	0.699093	0.921958	
-0.934454	-0.883375	-0.797816	-1.49438	0.213349	-0.355212	1.27289	1.77716	4.51202	4.02961	-2.2244	-2.32931	-0.207188	-0.159734	3.36202	3.6304	-1.63894	-0.881259	-0.943902	3.48577	-2.33781	-1.76872	-4.06981	-0.892074	-1.14233	-1.11849	0.792997	1.10269	
-1.07606	-0.995498	-0.924745	-1.67365	0.225519	-0.451392	1.71767	2.12899	4.91418	4.17383	-2.71375	-2.6835	-0.152272	-0.364756	3.78488	3.66962	-1.74333	-0.906776	-0.433119	3.63673	-2.57113	-1.96836	-4.16076	-0.804112	-1.27147	-1.41403	0.923134	1.13385	
-1.15032	-0.964098	-1.02603	-1.75301	0.332057	-0.47249	2.11446	2.32029	5.0599	4.09825	-3.18931	-2.88488	0.0337932	-0.540097	4.04178	3.38106	-1.7987	-0.846152	0.110139	3.61188	-2.73484	-2.11559	-4.19043	-0.633236	-1.34463	-1.57421	1.08623	1.02789	
-1.14763	-0.765451	-1.0978	-1.69899	0.535999	-0.396406	2.42045	2.32638	4.90318	3.80037	-3.59035	-2.90259	0.322146	-0.627755	4.08427	2.83642	-1.83608	-0.703371	0.596816	3.39035	-2.84279	-2.18202	-4.22631	-0.389396	-1.3338	-1.55431	1.26435	0.814009	
-1.04937	-0.425403	-1.10215	-1.50899	0.813385	-0.248692	2.58399	2.12824	4.41025	3.28756	-3.80279	-2.732	0.668731	-0.600674	3.88927	2.13429	-1.84498	-0.492277	0.939388	2.95779	-2.86606	-2.13842	-4.27996	-0.115223	-1.19412	-1.36406	1.43406	0.517889	
-0.836769	-0.00577711	-0.99276	-1.21255	1.11475	-0.0824261	2.55311	1.73289	3.59461	2.58966	-3.7176	-2.39637	1.02496	-0.467183	3.44678	1.38426	-1.78029	-0.236874	1.08224	2.32879	-2.75299	-1.96387	-4.30957	0.131846	-0.900201	-1.05996	1.55956	0.171413	
-0.498177	0.422372	-0.731279	-0.855741	1.38284	0.0448018	2.29765	1.17312	2.49866	1.75323	-3.28021	-1.93471	1.33262	-0.27237	2.77334	0.672159	-1.57645	0.0445981	1.01857	1.5389	-2.44443	-1.65205	-4.23797	0.300394	-0.459617	-0.718133	1.61077	-0.203211	
-0.0424129	0.79785	-0.312878	-0.492308	1.56759	0.0964548	1.81668	0.514444	1.20948	0.846774	-2.52037	-1.39207	1.53483	-0.0770098	1.8999	0.0493076	-1.18583	0.33738	0.797978	0.651924	-1.91095	-1.21795	-3.98312	0.366295	0.0744806	-0.408688	1.55764	-0.575742	
0.49383	1.08949	0.222076	-0.166063	1.64411	0.0798474	1.14858	-0.15091	-0.14999	-0.0494088	-1.56763	-0.818798	1.59202	0.069183	0.876995	-0.46913	-0.608716	0.633487	0.502704	-0.246589	-1.17706	-0.702353	-3.51767	0.344138	0.615578	-0.167274	1.38592	-0.906692	
1.05206	1.29306	0.799224	0.0952713	1.61728	0.0319959	0.365532	-0.729722	-1.4514	-0.856649	-0.601897	-0.253314	1.49565	0.149536	-0.230375	-0.914883	0.0993895	0.929783	0.222851	-1.07329	-0.318151	-0.162858	-2.86816	0.279668	1.07499	0.0122149	1.09929	-1.15742	
1.55644	1.42447	1.32454	0.276692	1.51876	0.00565225	-0.437237	-1.14552	-2.56009	-1.50158	0.208651	0.257836	1.27698	0.182519	-1.3334	-1.30249	0.8265	1.21008	0.0181199	-1.74661	0.539969	0.326955	-2.13267	0.229582	1.38632	0.158417	0.724136	-1.29333	
1.94023	1.49855	1.72253	0.376794	1.39475	0.0338163	-1.16641	-1.37614	-3.38554	-1.94429	0.784432	0.684447	1.00489	0.197958	-2.32859	-1.65037	1.44834	1.452	-0.106635	-2.22283	1.28029	0.702039	-1.42383	0.231029	1.54325	0.308285	0.311463	-1.3108	
2.1598	1.52064	1.95266	0.398879	1.28734	0.1162	-1.75105	-1.45441	-3.87838	-2.1873	1.14873	1.01086	0.773185	0.23417	-3.10972	-1.96355	1.86137	1.61937	-0.199639	-2.49235	1.81728	0.919333	-0.837076	0.284631	1.59574	0.480729	-0.075454	-1.23232	
2.20496	1.48149	2.01634	0.348651	1.22163	0.212963	-2.14955	-1.46187	-4.03841	-2.26127	1.41301	1.23782	0.667064	0.301751	-3.5777	-2.22514	2.01245	1.6778	-0.341074	-2.57444	2.1257	0.964846	-0.419554	0.351175	1.62586	0.669297	-0.36869	-1.11544	
2.09691	1.35487	1.95105	0.22538	1.19693	0.252934	-2.35933	-1.50045	-3.91279	-2.21643	1.73701	1.38366	0.749559	0.387544	-3.66857	-2.41493	1.91458	1.60514	-0.601308	-2.51263	2.2439	0.858143	-0.138292	0.36142	1.71896	0.832157	-0.513074	-1.03271	
1.87758	1.12059	1.80944	0.0310338	1.1947	0.172965	-2.40235	-1.64727	-3.56267	-2.10088	2.22492	1.4702	1.03526	0.458262	-3.3806	-2.50466	1.62907	1.39955	-1.00936	-2.34357	2.24265	0.641275	0.0778228	0.249822	1.92203	0.917159	-0.478407	-1.04493	
1.59674	0.776822	1.63904	-0.224212	1.18522	-0.0575051	-2.31356	-1.92693	-3.06047	-1.94243	2.88722	1.52542	1.47712	0.472019	-2.77332	-2.48886	1.24725	1.08917	-1.52828	-2.09628	2.19734	0.369704	0.314065	-0.0166052	2.2228	0.886536	-0.277553	-1.18078	
1.29414	0.357915	1.46542	-0.516173	1.14467	-0.415679	-2.13009	-2.29521	-2.46523	-1.7468	3.62049	1.56196	1.98567	0.411002	-1.96736	-2.3594	0.85104	0.722005	-2.06734	-1.78183	2.14444	0.0933238	0.607655	-0.418632	2.55219	0.732684	0.0384567	-1.41968	
0.996148	-0.0701749	1.2902	-0.800978	1.05984	-0.825039	-1.8813	-2.65231	-1.82039	-1.49238	4.23405	1.58201	2.43673	0.283105	-1.1212	-2.12555	0.495723	0.359571	-2.50878	-1.3981	2.07625	-0.151075	0.926108	-0.883826	2.80714	0.493207	0.384891	-1.69422	
0.714017	-0.433016	1.10169	-1.02852	0.933391	-1.18347	-1.59221	-2.87832	-1.1684	-1.16182	4.52832	1.58177	2.71497	0.133673	-0.393855	-1.8108	0.203333	0.0572001	-2.7491	-0.952232	1.95243	-0.342075	1.19401	-1.31186	2.89752	0.237005	0.666149	-1.91015	
0.451934	-0.660785	0.885015	-1.14926	0.776662	-1.39681	-1.28709	-2.87886	-0.542363	-0.747896	4.38319	1.55138	2.73866	0.0188268	0.0917127	-1.43398	-0.0333645	-0.151897	-2.7381	-0.459244	1.72119	-0.476609	1.30778	-1.60531	2.77289	0.0435019	0.800008	-1.98154	
0.212949	-0.720574	0.638634	-1.13328	0.60014	-1.41255	-0.998522	-2.61824	0.0127775	-0.275152	3.80788	1.49018	2.48358	-0.0101314	0.280114	-1.01703	-0.228458	-0.262762	-2.4921	0.0375098	1.35951	-0.55714	1.21022	-1.70611	2.44472	-0.0267761	0.739424	-1.85917	
0.00742512	-0.613548	0.3765	-0.972448	0.410078	-1.23319	-0.763969	-2.13352	0.452841	0.197614	2.93484	1.41777	1.9816	0.0736173	0.187212	-0.590627	-0.389679	-0.299156	-2.0893	0.481035	0.886503	-0.587987	0.903216	-1.61247	1.97983	0.0556664	0.485538	-1.54574	
-0.149363	-0.382063	0.12418	-0.691035	0.201868	-0.915953	-0.614949	-1.52154	0.737857	0.603734	1.97991	1.36459	1.305	0.257515	-0.105685	-0.193461	-0.507779	-0.296729	-1.63431	0.816164	0.369919	-0.570274	0.466991	-1.37709	1.46683	0.274702	0.0873351	-1.09671	
-0.245046	-0.100804	-0.0883337	-0.341686	-0.0274013	-0.553041	-0.574198	-0.907219	0.843558	0.878973	1.16877	1.36064	0.57549	0.498216	-0.492233	0.137292	-0.564945	-0.291892	-1.22557	1.00006	-0.0959946	-0.504799	0.0417817	-1.08898	0.997291	0.574416	-0.369496	-0.605206	
-0.275568	0.159305	-0.241649	0.0133167	-0.278732	-0.232948	-0.638546	-0.39704	0.779088	0.988816	0.652799	1.42281	-0.092559	0.733506	-0.864884	0.372583	-0.545602	-0.308488	-0.921214	1.02571	-0.429512	-0.39662	-0.24276	-0.835642	0.626061	0.882439	-0.790664	-0.164362	
-0.252677	0.33903	-0.325979	0.317144	-0.538088	-0.0181891	-0.777535	-0.0539837	0.577831	0.934481	0.471481	1.54848	-0.597134	0.915418	-1.15436	0.487029	-0.44882	-0.352949	-0.728559	0.913704	-0.586174	-0.255525	-0.296981	-0.678881	0.372518	1.13153	-1.09784	0.154678	
-0.198896	0.417579	-0.349344	0.538944	-0.778893	0.0782482	-0.940569	0.115906	0.29985	0.751074	0.561787	1.7069	-0.876605	1.01666	-1.33019	0.471884	-0.296333	-0.414496	-0.615953	0.711738	-0.582355	-0.101291	-0.129652	-0.631066	0.216945	1.28069	-1.25105	0.328129	
-0.144669	0.406109	-0.327912	0.67492	-0.968368	0.0848653	-1.071	0.157875	0.0129987	0.496889	0.778076	1.847	-0.914556	1.04385	-1.40546	0.34662	-0.126121	-0.471765	-0.532872	0.474928	-0.482057	0.0426538	0.165943	-0.659672	0.125466	1.32055	-1.25223	0.377576	
-0.115643	0.342281	-0.27954	0.748085	-1.07269	0.0549145	-1.12107	0.134974	-0.224696	0.228036	0.968155	1.92199	-0.743914	1.02542	-1.41291	0.148301	0.0179697	-0.507499	-0.438509	0.249203	-0.374514	0.151983	0.450155	-0.708079	0.0715	1.27263	-1.14086	0.353976	
-0.124871	0.274827	-0.219701	0.795494	-1.07718	0.0402819	-1.06982	0.104127	-0.378156	-0.013524	1.03104	1.9034	-0.446162	0.989855	-1.3764	-0.0763318	0.104794	-0.511972	-0.317514	0.0630613	-0.334325	0.211158	0.587927	-0.71992	0.0385943	1.1776	-0.973858	0.317203	
-0.169993	0.238259	-0.157527	0.849491	-0.985294	0.0721787	-0.929733	0.0932569	-0.441943	-0.213164	0.9386	1.79044	-0.109141	0.963856	-1.31305	-0.280635	0.124156	-0.488539	-0.182901	-0.0809421	-0.395763	0.218206	0.514758	-0.663278	0.0285916	1.07312	-0.802282	0.308922	
-0.230342	0.256878	-0.0984662	0.928025	-0.823258	0.154515	-0.738096	0.0999288	-0.434284	-0.378419	0.725748	1.61787	0.173489	0.946197	-1.21386	-0.440076	0.0933715	-0.447352	-0.0639653	-0.194185	-0.543029	0.185245	0.242254	-0.538054	0.0438513	0.991577	-0.66047	0.34455	
-0.276032	0.330188	-0.0368065	1.02564	-0.626487	0.259015	-0.54388	0.095721	-0.396197	-0.524838	0.470472	1.43757	0.340636	0.92198	-1.07837	-0.56149	0.0506333	-0.399396	0.00873363	-0.296141	-0.71208	0.135089	-0.135252	-0.378082	0.0926615	0.943846	-0.552104	0.404609	
-0.279043	0.430975	0.0344457	1.11422	-0.432646	0.342982	-0.392884	0.0441558	-0.368903	-0.669967	0.264713	1.29713	0.370109	0.866668	-0.909416	-0.660939	0.0379166	-0.351861	0.0186738	-0.403768	-0.817877	0.0928264	-0.471213	-0.232036	0.169994	0.920694	-0.463161	0.447856	
-0.222065	0.524473	0.125679	1.15629	-0.268471	0.364116	-0.316356	-0.0751119	-0.383685	-0.823993	0.185328	1.22619	0.286024	0.748891	-0.731038	-0.773457	0.0892615	-0.306112	-0.0336504	-0.528415	-0.78394	0.078357	-0.630751	-0.144592	0.27024	0.904929	-0.373188	0.43469	
-0.104965	0.57427	0.247713	1.12293	-0.144932	0.300211	-0.318574	-0.264424	-0.461255	-0.986236	0.27048	1.23175	0.137745	0.568694	-0.5892	-0.929087	0.21551	-0.262289	-0.131554	-0.676039	-0.572107	0.102526	-0.520591	-0.14145	0.385528	0.876539	-0.2716	0.34005	
0.0577091	0.547192	0.408838	1.00105	-0.0582349	0.152213	-0.383893	-0.504017	-0.605915	-1.14908	0.536353	1.29438	-0.0103055	0.333239	-0.52779	-1.14707	0.404474	-0.220182	-0.258129	-0.849266	-0.186846	0.163378	-0.121308	-0.22254	0.516756	0.825304	-0.164315	0.167652	
0.238318	0.419658	0.607233	0.797094	0.00442224	-0.0533526	-0.485904	-0.762286	-0.806344	-1.30645	0.967201	1.37806	-0.0982021	0.0703006	-0.5784	-1.4117	0.621931	-0.183669	-0.402725	-1.04754	0.324936	0.248588	0.521237	-0.365417	0.67518	0.746551	-0.0673359	-0.0517394	
0.403897	0.188028	0.827798	0.536271	0.0542398	-0.275664	-0.595993	-1.01049	-1.03783	-1.45684	1.52781	1.45503	-0.096556	-0.18367	-0.737263	-1.67687	0.825143	-0.163595	-0.564896	-1.2657	0.887824	0.340531	1.31027	-0.536986	0.871183	0.651851	-0.00584846	-0.272026	
0.521651	-0.132189	1.04097	0.250809	0.0971304	-0.471678	-0.693351	-1.22718	-1.27481	-1.60199	2.16914	1.51371	-0.0049285	-0.39896	-0.964494	-1.88717	0.97349	-0.173289	-0.750271	-1.49227	1.42484	0.419776	2.13628	-0.70714	1.10793	0.56125	0.00702965	-0.444633	
0.564963	-0.515355	1.20404	-0.0276557	0.128097	-0.603572	-0.765622	-1.39972	-1.48927	-1.742	2.81029	1.55754	0.14601	-0.543734	-1.19412	-1.98216	1.03691	-0.223355	-0.955278	-1.70608	1.87002	0.473472	2.91062	-0.85165	1.36226	0.490468	-0.0220808	-0.533377	
0.522608	-0.914632	1.27513	-0.278345	0.140849	-0.650788	-0.810561	-1.52132	-1.65213	-1.87151	3.35748	1.59848	0.322192	-0.611488	-1.35857	-1.9269	1.00622	-0.314133	-1.16768	-1.87754	2.18112	0.492671	3.55958	-0.957546	1.59347	0.454156	-0.0688659	-0.522289	
0.400003	-1.27481	1.22807	-0.485675	0.127871	-0.609915	-0.834257	-1.58956	-1.75173	-1.97458	3.70098	1.65291	0.487606	-0.592424	-1.41977	-1.71758	0.892091	-0.435025	-1.36026	-1.97755	2.34362	0.480137	4.04399	-1.02006	1.75176	0.457283	-0.102195	-0.421293	
0.220773	-1.54435	1.0646	-0.639719	0.0874674	-0.497951	-0.842611	-1.60327	-1.78969	-2.03115	3.77709	1.71915	0.616895	-0.48321	-1.37914	-1.39023	0.722954	-0.565449	-1.50315	-1.98985	2.36714	0.444592	4.34308	-1.03749	1.79628	0.495845	-0.0982373	-0.260705	
0.0218319	-1.67949	0.817337	-0.728786	0.0251201	-0.342874	-0.848028	-1.56278	-1.77687	-2.02806	3.56781	1.78665	0.697767	-0.296111	-1.26878	-1.01499	0.537776	-0.679949	-1.57403	-1.91833	2.28037	0.402495	4.45426	-1.01056	1.71053	0.558773	-0.0544852	-0.0769541	
-0.152276	-1.65768	0.545456	-0.736667	-0.0501132	-0.17621	-0.860497	-1.47509	-1.74388	-1.96167	3.124	1.83833	0.722073	-0.0426009	-1.15463	-0.675244	0.379575	-0.75933	-1.56775	-1.79529	2.12149	0.375904	4.3956	-0.940297	1.51588	0.630099	0.00216069	0.0983147	
-0.261755	-1.48445	0.313151	-0.650239	-0.129412	-0.0295341	-0.888914	-1.35503	-1.7263	-1.84792	2.56959	1.8626	0.681957	0.250213	-1.0901	-0.442767	0.283388	-0.795093	-1.50074	-1.67157	1.93286	0.383654	4.20365	-0.833947	1.25781	0.698874	0.027427	0.242237	
-0.282263	-1.20066	0.171982	-0.466913	-0.205258	0.0745321	-0.939142	-1.22469	-1.74734	-1.71272	2.03978	1.85454	0.564829	0.541574	-1.09506	-0.358945	0.266496	-0.792878	-1.39924	-1.59651	1.75478	0.438999	3.94089	-0.705474	1.00147	0.749871	-0.0168357	0.343864	
-0.213431	-0.862951	0.138025	-0.203554	-0.274237	0.127953	-1.00578	-1.10393	-1.80841	-1.58558	1.65784	1.82107	0.355665	0.78326	-1.1532	-0.420105	0.324491	-0.766283	-1.28863	-1.59772	1.6125	0.540569	3.66668	-0.573097	0.792704	0.777059	-0.148722	0.407485	
-0.082476	-0.541249	0.186952	0.0987037	-0.334485	0.136431	-1.07871	-1.00195	-1.88873	-1.48725	1.47048	1.77863	0.0589002	0.928788	-1.21514	-0.576891	0.427026	-0.732088	-1.17662	-1.66815	1.51743	0.674167	3.44317	-0.456425	0.650121	0.777905	-0.352133	0.443255	
0.0633458	-0.305608	0.262418	0.377791	-0.381537	0.1196	-1.12733	-0.909674	-1.95445	-1.41998	1.44173	1.73248	-0.297681	0.948994	-1.22749	-0.755469	0.525274	-0.700651	-1.04671	-1.76817	1.46052	0.810323	3.3111	-0.364083	0.559013	0.75133	-0.569248	0.463829	
0.17135	-0.201854	0.298032	0.568042	-0.407916	0.0987684	-1.12349	-0.804487	-1.94928	-1.36764	1.46533	1.67661	-0.660871	0.832835	-1.14261	-0.872431	0.565785	-0.672663	-0.869378	-1.83006	1.41673	0.912605	3.26719	-0.294542	0.47756	0.699429	-0.731624	0.478265	
0.200848	-0.253365	0.244752	0.612623	-0.403754	0.0927116	-1.04528	-0.659036	-1.83722	-1.30217	1.41843	1.58627	-0.953904	0.600396	-0.963537	-0.855657	0.507457	-0.641279	-0.615997	-1.7917	1.35836	0.948739	3.27975	-0.232821	0.372271	0.622609	-0.778597	0.488777	
0.136824	-0.446028	0.0872376	0.489025	-0.363207	0.11038	-0.883228	-0.451747	-1.60435	-1.19876	1.22138	1.43121	-1.10567	0.304398	-0.726119	-0.684997	0.334794	-0.593895	-0.281694	-1.61573	1.25853	0.900137	3.2776	-0.155818	0.221633	0.527164	-0.685795	0.496394	
-0.004113	-0.74363	-0.143262	0.21281	-0.286807	0.144351	-0.657559	-0.1889	-1.26471	-1.0454	0.865412	1.18872	-1.07141	0.00664638	-0.476513	-0.391725	0.0650149	-0.523255	0.102424	-1.30782	1.11406	0.769451	3.20152	-0.0475145	0.0453562	0.414627	-0.472972	0.494896	
-0.179308	-1.09245	-0.385288	-0.165183	-0.187414	0.179973	-0.406837	0.0983268	-0.867491	-0.852867	0.433802	0.86111	-0.857638	-0.229837	-0.272323	-0.0442962	-0.251798	-0.429627	0.471448	-0.918437	0.942251	0.581617	3.01751	0.0951682	-0.115416	0.288703	-0.200899	0.486883	
-0.335391	-1.42931	-0.571397	-0.56769	-0.0932221	0.195284	-0.193452	0.354989	-0.469337	-0.643602	0.0638089	0.484914	-0.526571	-0.352411	-0.137917	0.276759	-0.54895	-0.329021	0.740613	-0.518239	0.779502	0.37759	2.73224	0.252185	-0.214206	0.156292	0.0426187	0.473609	
-0.427884	-1.70274	-0.652241	-0.918249	-0.0350213	0.174329	-0.0670065	0.518352	-0.129907	-0.451968	-0.108875	0.12318	-0.177069	-0.338854	-0.0596473	0.486896	-0.761329	-0.245624	0.836964	-0.182488	0.669221	0.202986	2.40313	0.385682	-0.21711	0.0272331	0.192343	0.455385	
-0.435534	-1.86253	-0.618042	-1.15087	-0.0398429	0.114204	-0.0593844	0.546158	0.125634	-0.297809	-0.023978	-0.151031	0.0835652	-0.20416	0.00509147	0.535277	-0.844788	-0.204923	0.722105	0.0487384	0.640589	0.0926344	2.09045	0.453854	-0.131376	-0.0840143	0.210928	0.438751	
-0.367421	-1.88519	-0.50087	-1.23199	-0.120123	0.0260292	-0.169862	0.428966	0.288655	-0.189382	0.288625	-0.278851	0.180316	0.00778602	0.100961	0.430315	-0.788009	-0.223068	0.41135	0.166427	0.702286	0.0640927	1.86061	0.424777	0.00208613	-0.163409	0.111703	0.422871	
-0.256482	-1.76692	-0.361209	-1.15936	-0.266717	-0.0649455	-0.357447	0.200743	0.376265	-0.121636	0.704026	-0.237706	0.0988975	0.240189	0.252672	0.218267	-0.616522	-0.299791	-0.0310186	0.196006	0.829601	0.111391	1.73602	0.29464	0.120957	-0.196119	-0.0517836	0.407671	
-0.142554	-1.51961	-0.260408	-0.952214	-0.450156	-0.133415	-0.564668	-0.0795691	0.423361	-0.0761483	1.05241	-0.0479856	-0.119694	0.426854	0.462899	-0.0270002	-0.379399	-0.418888	-0.513068	0.1836	0.975479	0.210222	1.69363	0.0880383	0.169088	-0.171363	-0.212249	0.382503	
-0.0564321	-1.17829	-0.235474	-0.650647	-0.626392	-0.158653	-0.726652	-0.342322	0.45253	-0.0460695	1.19391	0.231923	-0.388093	0.511793	0.686882	-0.224919	-0.130601	-0.54886	-0.940832	0.164666	1.08743	0.327941	1.68034	-0.144768	0.124096	-0.0875122	-0.313077	0.33779	
-0.00742003	-0.776356	-0.286906	-0.293961	-0.754677	-0.136084	-0.804927	-0.533395	0.474318	-0.0277051	1.06783	0.529552	-0.605985	0.472253	0.864277	-0.316607	0.086402	-0.656245	-1.25349	0.156379	1.12042	0.432649	1.61294	-0.345779	0.00173871	0.0483128	-0.335262	0.267426	
0.0151485	-0.364827	-0.379448	0.0738355	-0.806947	-0.0804869	-0.790366	-0.634942	0.475923	-0.0352263	0.72949	0.782285	-0.698547	0.31584	0.948266	-0.293007	0.248694	-0.714375	-1.43072	0.143953	1.06023	0.50387	1.44835	-0.471909	-0.144118	0.217478	-0.289331	0.170586	
0.0355676	0.014957	-0.458534	0.413296	-0.777331	-0.0174522	-0.709372	-0.661378	0.438745	-0.0835042	0.312449	0.953811	-0.645954	0.0783338	0.917651	-0.180077	0.356163	-0.714558	-1.49228	0.101674	0.924118	0.530955	1.17951	-0.505743	-0.249947	0.392999	-0.214623	0.0602295	
0.0759463	0.328455	-0.475244	0.688908	-0.681613	0.0202164	-0.610948	-0.655091	0.341115	-0.181924	-0.0211214	1.04144	-0.484807	-0.170896	0.789514	-0.0272848	0.426808	-0.665562	-1.48199	0.00528183	0.755205	0.516359	0.856915	-0.464533	-0.266941	0.541298	-0.153517	-0.0462773	
0.14095	0.549213	-0.407085	0.866845	-0.551883	0.00751198	-0.541296	-0.66107	0.172471	-0.326577	-0.141867	1.06858	-0.276496	-0.357903	0.611889	0.102944	0.479046	-0.593823	-1.44129	-0.151434	0.607493	0.466949	0.570741	-0.390026	-0.180419	0.630113	-0.125109	-0.128745	
0.216978	0.675638	-0.268629	0.928925	-0.42523	-0.0673836	-0.528961	-0.709775	-0.0514744	-0.490498	-0.0111802	1.06536	-0.0889348	-0.428386	0.44815	0.165175	0.528333	-0.529893	-1.39604	-0.343525	0.523483	0.390075	0.404374	-0.33063	-0.0198374	0.638017	-0.122611	-0.171805	
0.275966	0.706293	-0.10192	0.8722	-0.334377	-0.199331	-0.571898	-0.802722	-0.307813	-0.641862	0.308519	1.05734	0.0326306	-0.365752	0.335802	0.154239	0.580275	-0.494913	-1.34289	-0.534292	0.532918	0.294768	0.435769	-0.321354	0.160368	0.559363	-0.114968	-0.17264	
0.29111	0.657624	0.0412466	0.716203	-0.297002	-0.371034	-0.641552	-0.916852	-0.563661	-0.750171	0.703303	1.04656	0.0836496	-0.187623	0.286975	0.0948745	0.633835	-0.495629	-1.2643	-0.685579	0.63786	0.189101	0.678459	-0.372215	0.300336	0.398006	-0.0674004	-0.146394	
0.251915	0.548502	0.12248	0.506825	-0.309265	-0.55534	-0.694399	-1.01619	-0.791212	-0.805979	1.03411	1.02105	0.099562	0.0448324	0.277641	0.0112059	0.686497	-0.517822	-1.13848	-0.777253	0.817166	0.086382	1.09365	-0.464449	0.364444	0.181621	0.0418484	-0.119628	
0.173806	0.402858	0.134874	0.302685	-0.353478	-0.724144	-0.691451	-1.06849	-0.974674	-0.823462	1.21154	0.958481	0.117705	0.234734	0.269437	-0.0704724	0.741664	-0.532327	-0.955367	-0.815449	1.0408	0.0023723	1.6003	-0.559169	0.352738	-0.0548525	0.203585	-0.12451	
0.0946142	0.249082	0.103338	0.160484	-0.401707	-0.857295	-0.615688	-1.06259	-1.11046	-0.838081	1.2171	0.848126	0.167234	0.304903	0.223416	-0.142258	0.813133	-0.503244	-0.731264	-0.830567	1.27511	-0.0456589	2.08656	-0.615625	0.294808	-0.275441	0.375467	-0.183759	
0.0579082	0.104495	0.0757962	0.112093	-0.425041	-0.943152	-0.478756	-1.00827	-1.20816	-0.889268	1.11329	0.69157	0.251139	0.209592	0.123176	-0.21315	0.911178	-0.403132	-0.496671	-0.863147	1.49408	-0.0450432	2.46089	-0.608559	0.228491	-0.453416	0.503391	-0.301591	
0.0970256	-0.0065365	0.0991087	0.154167	-0.398158	-0.977709	-0.312889	-0.931047	-1.26351	-0.994595	0.98979	0.503583	0.33188	-0.0475668	-0.00725057	-0.307198	1.04282	-0.224558	-0.290074	-0.931328	1.67513	0.00245863	2.64715	-0.537089	0.185805	-0.576752	0.539601	-0.462507	
0.21744	-0.0699519	0.201981	0.252704	-0.310676	-0.96107	-0.15886	-0.85586	-1.277	-1.14798	0.911746	0.315319	0.365636	-0.404893	-0.134763	-0.442184	1.19983	0.015486	-0.137352	-1.03099	1.80053	0.0833565	2.62437	-0.419795	0.16838	-0.643139	0.464942	-0.627451	
0.395001	-0.0750338	0.382511	0.347303	-0.167289	-0.899359	-0.0518787	-0.796667	-1.24361	-1.30695	0.917171	0.147638	0.312479	-0.767974	-0.212391	-0.609571	1.36088	0.275951	-0.0468333	-1.12956	1.85739	0.171081	2.40898	-0.289048	0.153236	-0.673807	0.294733	-0.754634	
0.583337	-0.0144096	0.601742	0.386028	0.0153128	-0.796162	-0.00516121	-0.746181	-1.15611	-1.4132	0.96893	0.0134007	0.17069	-1.03586	-0.222456	-0.781307	1.4936	0.506333	-0.0059991	-1.17928	1.82792	0.234991	2.03633	-0.17189	0.101646	-0.685727	0.0773684	-0.804135	
0.736449	0.0997575	0.809812	0.339279	0.205106	-0.658928	-0.0147117	-0.685934	-1.02541	-1.4152	0.996844	-0.0959136	-0.0389841	-1.1482	-0.17476	-0.900008	1.56841	0.664379	0.00821763	-1.14595	1.71506	0.256076	1.57913	-0.0799309	-0.0171875	-0.689649	-0.128248	-0.759742	
0.824541	0.257097	0.953384	0.215657	0.365444	-0.499847	-0.058867	-0.597336	-0.873023	-1.29051	0.925752	-0.186883	-0.261742	-1.08836	-0.108891	-0.916682	1.57143	0.725639	0.0131081	-1.02365	1.53078	0.230534	1.10136	-0.00925925	-0.198814	-0.690878	-0.276186	-0.634043	
0.844864	0.429298	1.00399	0.0564368	0.467359	-0.336596	-0.11274	-0.474934	-0.736312	-1.05914	0.733866	-0.272464	-0.435587	-0.892745	-0.0772545	-0.807509	1.50686	0.690411	0.0160528	-0.844499	1.30395	0.175899	0.672571	0.0542682	-0.413553	-0.682597	-0.346792	-0.463339	
0.822283	0.588129	0.959082	-0.0810872	0.491766	-0.191777	-0.159183	-0.335247	-0.641026	-0.772094	0.449058	-0.352791	-0.524205	-0.65264	-0.106586	-0.588773	1.40026	0.584564	0.00390517	-0.659461	1.07658	0.120235	0.343452	0.120169	-0.593389	-0.650409	-0.347635	-0.303414	
0.790066	0.700674	0.838286	-0.153929	0.435997	-0.0902277	-0.187324	-0.209032	-0.599129	-0.496603	0.153692	-0.416676	-0.515237	-0.454536	-0.19389	-0.31296	1.28034	0.446697	-0.041753	-0.519657	0.889388	0.089372	0.148105	0.187114	-0.679435	-0.587764	-0.302201	-0.199611	
0.775905	0.733706	0.683831	-0.15563	0.31978	-0.0560748	-0.200432	-0.134699	-0.595996	-0.287697	-0.0522243	-0.453594	-0.433448	-0.357299	-0.287667	-0.0519822	1.17153	0.316222	-0.13714	-0.449644	0.779819	0.0954834	0.103362	0.233106	-0.631377	-0.503928	-0.238679	-0.185457	
0.779507	0.669733	0.525472	-0.121047	0.182168	-0.102651	-0.197362	-0.135339	-0.579784	-0.163541	-0.0965794	-0.45681	-0.309236	-0.371918	-0.310553	0.121711	1.07281	0.216864	-0.276375	-0.424953	0.749383	0.120435	0.186932	0.225442	-0.447645	-0.426634	-0.164015	-0.266235	
0.774532	0.492645	0.388634	-0.114979	0.0622535	-0.227718	-0.180442	-0.208608	-0.489658	-0.0994853	0.0355113	-0.437255	-0.167573	-0.473055	-0.191558	0.170203	0.965161	0.148664	-0.42959	-0.385915	0.779784	0.130987	0.369781	0.137247	-0.174485	-0.387166	-0.069368	-0.41877	
0.7198	0.212803	0.273706	-0.20054	-0.013363	-0.413835	-0.145985	-0.325269	-0.275701	-0.045536	0.296887	-0.411353	-0.0112062	-0.60104	0.108455	0.110312	0.817716	0.0925315	-0.552462	-0.262896	0.824336	0.0843941	0.599427	-0.0401272	0.120004	-0.419156	0.0599175	-0.602035	
