-0.199691	-0.967496	-0.226269	-0.585446	-0.0356171	-0.0724876	0.107325	0.177971	0.19948	0.129938	-0.302093	-0.480509	0.981341	-0.190363	0.120451	0.157267	-0.150853	0.0448072	0.189073	0.27634	-0.109763	-0.220297	0.047031	0.0371738	-0.0658497	-0.0476937	0.0477737	0.143446	
-0.241952	-0.50915	-0.376079	-0.461577	-0.145128	-0.194449	0.176224	0.203515	0.365685	0.095619	-0.332702	-0.537779	1.0032	-0.573753	0.0999781	0.0658638	-0.0506292	0.0458031	0.325285	0.370199	-0.00176944	-0.227919	0.143865	0.279028	-0.345905	-0.175109	-0.0415188	0.0540242	
-0.226744	-0.0218705	-0.414745	-0.334341	-0.146282	-0.297128	0.309756	0.185992	0.53301	0.0643706	-0.392926	-0.644022	0.761013	-0.850261	0.14735	-0.0646043	0.0992596	0.0545818	0.441636	0.404431	0.114664	-0.197806	0.256285	0.509078	-0.465324	-0.335014	-0.00708401	-0.0772497	
-0.139228	0.450219	-0.35403	-0.230587	-0.0403462	-0.351312	0.469305	0.126134	0.65263	0.0233351	-0.483611	-0.810656	0.320183	-0.969724	0.246212	-0.203473	0.288798	0.074968	0.509669	0.364228	0.219826	-0.110007	0.365234	0.672793	-0.457434	-0.471291	0.133109	-0.219464	
0.00602199	0.851723	-0.239796	-0.165963	0.125449	-0.344195	0.608796	0.0368777	0.697085	-0.0245992	-0.57622	-1.00224	-0.204812	-0.937331	0.37115	-0.30957	0.489821	0.101993	0.512604	0.263028	0.293493	0.0316914	0.442818	0.734725	-0.408254	-0.534412	0.324476	-0.333297	
0.176451	1.13877	-0.128612	-0.139682	0.279155	-0.280958	0.682276	-0.0616902	0.66265	-0.076173	-0.618964	-1.16397	-0.647207	-0.805734	0.48583	-0.358742	0.665878	0.124291	0.45113	0.130239	0.328741	0.206474	0.466515	0.681548	-0.414328	-0.500166	0.484642	-0.390558	
0.327376	1.27606	-0.0638029	-0.141664	0.368857	-0.185693	0.673692	-0.148007	0.572654	-0.11526	-0.582774	-1.24182	-0.890575	-0.657182	0.562199	-0.344694	0.788906	0.131537	0.348545	0.0108665	0.341741	0.373691	0.428691	0.543687	-0.492568	-0.381379	0.557602	-0.378809	
0.421603	1.25458	-0.0557527	-0.157738	0.368303	-0.0857413	0.585437	-0.202523	0.458429	-0.137092	-0.450152	-1.21381	-0.870786	-0.563162	0.577368	-0.286543	0.834986	0.119355	0.233494	-0.0637052	0.349053	0.495785	0.338947	0.367993	-0.602429	-0.221554	0.509783	-0.304954	
0.440231	1.09988	-0.0922358	-0.18248	0.297506	-0.00403149	0.451857	-0.213128	0.355777	-0.139801	-0.254538	-1.10281	-0.639905	-0.563836	0.525775	-0.208567	0.802866	0.0927078	0.141591	-0.072472	0.36955	0.546385	0.225077	0.213646	-0.655019	-0.0741471	0.363519	-0.187359	
0.387274	0.853591	-0.139141	-0.212795	0.197488	0.0494046	0.312411	-0.178173	0.283974	-0.128699	-0.0517829	-0.961263	-0.306727	-0.640534	0.412538	-0.133798	0.702054	0.0609687	0.0932299	-0.0210857	0.400211	0.518815	0.115725	0.127038	-0.541983	0.0177106	0.173748	-0.0486056	
0.289256	0.590737	-0.170668	-0.239394	0.0975828	0.0833795	0.189473	-0.10274	0.245023	-0.112875	0.0894082	-0.829949	0.0309249	-0.710526	0.244917	-0.0719913	0.558071	0.0340114	0.08864	0.0657241	0.422343	0.434537	0.0284622	0.126748	-0.25271	0.0477928	-0.0162529	0.0933522	
0.180658	0.38127	-0.176806	-0.25502	0.00748022	0.11424	0.0881363	0.000725112	0.227046	-0.0896326	0.131249	-0.730961	0.299786	-0.69336	0.0341896	-0.011054	0.406707	0.0191104	0.114352	0.159366	0.408721	0.32721	-0.0342018	0.206855	0.150143	0.0418355	-0.177917	0.233175	
0.0948082	0.271149	-0.168519	-0.243782	-0.0948495	0.159546	-0.00402302	0.1201	0.212264	-0.0554481	0.0785537	-0.647943	0.469523	-0.519828	-0.195372	0.0716722	0.274071	0.0163272	0.144592	0.232013	0.330908	0.236105	-0.0832281	0.32793	0.497381	0.0469206	-0.312297	0.367619	
0.0530179	0.280484	-0.170557	-0.188969	-0.236627	0.224269	-0.100876	0.238728	0.187826	0.000271304	-0.0474114	-0.53763	0.546137	-0.198825	-0.40854	0.192092	0.187158	0.0239389	0.162162	0.26907	0.191937	0.188004	-0.13237	0.449537	0.617225	0.102527	-0.435632	0.492569	
0.0562018	0.386284	-0.196956	-0.0764709	-0.435942	0.294015	-0.212918	0.339036	0.14584	0.0824436	-0.182743	-0.343043	0.548489	0.205784	-0.569587	0.343561	0.155779	0.0369864	0.154579	0.265813	0.0203043	0.184499	-0.190803	0.53403	0.405968	0.21792	-0.568574	0.59297	
0.0993639	0.543418	-0.244285	0.0914209	-0.664261	0.346049	-0.33068	0.408278	0.0900429	0.188458	-0.281763	-0.0462869	0.479928	0.576841	-0.657465	0.50246	0.185298	0.0606132	0.129016	0.231049	-0.121345	0.212259	-0.24905	0.568245	-0.114937	0.366859	-0.712843	0.651849	
0.171103	0.692885	-0.283459	0.290154	-0.849638	0.355127	-0.422463	0.437571	0.0310167	0.308687	-0.316473	0.317747	0.302682	0.795594	-0.664337	0.629092	0.271968	0.106245	0.105555	0.182996	-0.162764	0.244029	-0.281777	0.568028	-0.775588	0.493757	-0.832844	0.653794	
0.257844	0.78409	-0.280019	0.47565	-0.914289	0.307551	-0.456512	0.429545	-0.0188087	0.419415	-0.291352	0.670294	0.0149831	0.801866	-0.60003	0.688399	0.391972	0.181748	0.0995516	0.138912	-0.0649835	0.254395	-0.264314	0.552192	-1.34191	0.537789	-0.883838	0.589501	
0.347215	0.795405	-0.206771	0.592689	-0.792869	0.203498	-0.410903	0.386265	-0.0471712	0.49531	-0.232408	0.909566	-0.352818	0.594003	-0.503353	0.663236	0.518598	0.28758	0.120209	0.112557	0.172566	0.225299	-0.181881	0.541732	-1.56494	0.459164	-0.825728	0.467154	
0.41985	0.726474	-0.0670627	0.594636	-0.476526	0.0554777	-0.280374	0.315587	-0.0448852	0.514444	-0.154148	0.959514	-0.745153	0.260032	-0.40034	0.564979	0.606434	0.403846	0.156486	0.110577	0.485641	0.148504	-0.0443759	0.533964	-1.32471	0.258308	-0.629914	0.30704	
0.46106	0.598468	0.100999	0.470842	-0.0288272	-0.109289	-0.0930275	0.22542	-0.00619857	0.467366	-0.0736924	0.810682	-1.03767	-0.0808646	-0.322254	0.430015	0.62304	0.499365	0.187793	0.132173	0.778608	0.0369051	0.113331	0.513142	-0.67562	-0.013044	-0.327239	0.141936	
0.454538	0.442235	0.24419	0.25134	0.433317	-0.265481	0.105148	0.114643	0.0651603	0.35647	0.0267942	0.528619	-1.11118	-0.30758	-0.273416	0.295295	0.551808	0.537399	0.183911	0.166308	0.953914	-0.091129	0.242007	0.450755	0.19187	-0.274145	0.0222939	-0.00156584	
0.396153	0.285697	0.307417	-5.15854e-05	0.769484	-0.391626	0.262939	-0.00849707	0.163165	0.198095	0.180314	0.22149	-0.89186	-0.362282	-0.235716	0.196907	0.400426	0.493931	0.125254	0.200815	0.947269	-0.207111	0.298284	0.319661	0.978875	-0.441191	0.325723	-0.106881	
0.294863	0.14993	0.269588	-0.195539	0.886821	-0.482443	0.346355	-0.149821	0.268801	0.00815178	0.396248	0.0182737	-0.416671	-0.250428	-0.178835	0.132142	0.208547	0.369941	0.00695975	0.21231	0.766612	-0.288723	0.262578	0.113504	1.43665	-0.458652	0.515678	-0.180515	
0.17479	0.05396	0.145529	-0.260657	0.75086	-0.53943	0.342516	-0.303805	0.357615	-0.195412	0.664742	0.00549688	0.190719	-0.0464662	-0.0687834	0.0813061	0.0282769	0.194289	-0.157004	0.182355	0.475085	-0.318881	0.144548	-0.152415	1.41678	-0.321643	0.550867	-0.241764	
0.074025	0.00771508	-0.00592528	-0.157969	0.42102	-0.571016	0.259555	-0.464422	0.402049	-0.395544	0.938672	0.19698	0.760924	0.147808	0.0794673	0.0114769	-0.0767471	0.0205768	-0.3359	0.0995565	0.188759	-0.290859	-0.0180122	-0.431831	0.97335	-0.0710784	0.431673	-0.310735	
0.0257612	0.0236777	-0.117808	0.0874616	0.0171411	-0.582269	0.135246	-0.61597	0.386754	-0.572006	1.1408	0.515404	1.11265	0.255774	0.246389	-0.0996674	-0.0689802	-0.0961842	-0.492242	-0.0297239	0.0143893	-0.213766	-0.173091	-0.668471	0.297311	0.216328	0.217961	-0.393968	
0.0495683	0.103122	-0.144859	0.399235	-0.336781	-0.569787	0.00526724	-0.725231	0.314389	-0.697892	1.20318	0.839523	1.1575	0.243688	0.376832	-0.235561	0.050699	-0.11951	-0.59182	-0.177938	0.00841	-0.102567	-0.276808	-0.814941	-0.377101	0.461552	-0.0288571	-0.476184	
0.133181	0.237946	-0.0740195	0.671156	-0.53661	-0.53443	-0.101555	-0.776007	0.197954	-0.75701	1.08123	1.04706	0.937048	0.148532	0.417308	-0.368432	0.238722	-0.0536513	-0.623199	-0.318064	0.159473	0.0121704	-0.31246	-0.855596	-0.788907	0.601303	-0.233736	-0.53195	
0.238586	0.401539	0.052997	0.805845	-0.563472	-0.471098	-0.170009	-0.742076	0.0742468	-0.727842	0.807965	1.06169	0.567833	0.0376677	0.353505	-0.436252	0.417175	0.0626306	-0.587901	-0.409839	0.378349	0.103103	-0.291266	-0.807915	-0.86788	0.614852	-0.364412	-0.523003	
0.311031	0.534589	0.170711	0.757135	-0.451992	-0.385058	-0.204586	-0.626615	-0.0237952	-0.605806	0.456034	0.90064	0.232904	-0.0140925	0.185245	-0.393195	0.509	0.166709	-0.504373	-0.431323	0.551197	0.14648	-0.246355	-0.711638	-0.649521	0.523138	-0.412567	-0.428372	
0.304305	0.57305	0.214415	0.538524	-0.285298	-0.28297	-0.213802	-0.44675	-0.0680467	-0.403203	0.134417	0.637898	0.0699506	0.0295056	-0.020727	-0.224176	0.461718	0.200007	-0.395282	-0.377004	0.571952	0.133793	-0.212761	-0.618212	-0.289907	0.369312	-0.400944	-0.252787	
0.203872	0.455402	0.157421	0.229805	-0.147323	-0.178954	-0.210299	-0.233577	-0.0528069	-0.151667	-0.0504872	0.392288	0.125328	0.149472	-0.19078	0.0440962	0.276706	0.137316	-0.280192	-0.262941	0.397673	0.0783704	-0.210696	-0.564977	0.0186068	0.210607	-0.365235	-0.0305589	
0.0333824	0.159688	0.0266502	-0.057535	-0.0675895	-0.0928793	-0.196958	-0.0384651	-0.000544836	0.0929768	-0.0614692	0.261042	0.325283	0.287245	-0.261659	0.3335	0.00680871	-0.0055882	-0.174797	-0.130888	0.0689765	0.0059413	-0.235173	-0.569105	0.164122	0.085564	-0.31753	0.176215	
-0.146796	-0.286048	-0.11483	-0.21667	-0.0499524	-0.03341	-0.179456	0.103664	0.0539775	0.280389	0.0970015	0.287928	0.52405	0.369256	-0.210583	0.567873	-0.262404	-0.172592	-0.0850514	-0.0181257	-0.316569	-0.0441537	-0.264767	-0.618966	0.0857457	0.0160716	-0.28154	0.309984	
-0.27155	-0.808544	-0.18989	-0.19801	-0.0448275	-0.00836267	-0.153861	0.16136	0.0751576	0.370802	0.337093	0.440347	0.598668	0.343411	-0.0664006	0.680083	-0.44547	-0.29812	-0.0143133	0.0471929	-0.634826	-0.047815	-0.273634	-0.684049	-0.114204	-0.00565686	-0.241431	0.330068	
-0.293018	-1.3001	-0.149328	-0.0177821	-0.00844664	-0.00982713	-0.112674	0.136603	0.0522048	0.358434	0.558139	0.625089	0.459359	0.219971	0.124085	0.653075	-0.495501	-0.330292	0.0365723	0.0657073	-0.794296	0.00207398	-0.245338	-0.731842	-0.327399	0.000911741	-0.186792	0.239469	
-0.207237	-1.66352	0.00409314	0.246275	0.0835999	-0.0276116	-0.0559445	0.054656	-0.00207715	0.269873	0.664169	0.750966	0.163603	0.043585	0.279287	0.528038	-0.421496	-0.259179	0.0665671	0.0627826	-0.765239	0.0864461	-0.184307	-0.739189	-0.4259	0.0112266	-0.103791	0.0789621	
-0.0585348	-1.83639	0.214446	0.480981	0.214252	-0.0495367	0.0136494	-0.0448766	-0.051917	0.149199	0.626311	0.753548	-0.164814	-0.108091	0.360318	0.372695	-0.292996	-0.121843	0.0726871	0.0711553	-0.598777	0.163606	-0.116035	-0.709931	-0.351003	0.00293653	0.00528837	-0.0895245	
0.079661	-1.81529	0.393749	0.598559	0.31707	-0.0636428	0.084224	-0.113509	-0.055863	0.04655	0.476177	0.647641	-0.366744	-0.166382	0.361292	0.266508	-0.202955	0.0172626	0.0552017	0.120456	-0.399295	0.191108	-0.0756407	-0.662111	-0.150775	-0.0252834	0.11671	-0.198685	
0.130092	-1.66096	0.461587	0.560805	0.337001	-0.0680938	0.146359	-0.121247	0.0118133	-0.00545946	0.286743	0.51582	-0.341684	-0.107714	0.311412	0.255447	-0.230051	0.0908966	0.0221927	0.213968	-0.272751	0.135454	-0.0850916	-0.618039	0.08453	-0.0693927	0.210363	-0.210405	
0.0570488	-1.46712	0.384368	0.404847	0.219762	-0.0571357	0.178975	-0.0548733	0.144793	-0.000596058	0.165028	0.474936	-0.083519	0.0581276	0.259375	0.338551	-0.402224	0.0639688	-0.0129091	0.325814	-0.28957	0.000699062	-0.148569	-0.593421	0.225897	-0.112292	0.237668	-0.121588	
-0.119803	-1.32482	0.196408	0.216561	-0.0158202	-0.0333517	0.171587	0.06898	0.297877	0.0347548	0.165834	0.617939	0.317041	0.26787	0.242982	0.465046	-0.674734	-0.050199	-0.0327816	0.406092	-0.444074	-0.176639	-0.238061	-0.586282	0.222929	-0.137326	0.190064	0.0290173	
-0.325825	-1.27837	-0.015179	0.102993	-0.308048	0.00275015	0.120157	0.213551	0.409798	0.0578081	0.300371	0.968848	0.660244	0.450452	0.275901	0.560265	-0.953488	-0.193818	-0.0259243	0.400384	-0.66468	-0.330519	-0.311394	-0.585349	0.0650227	-0.127831	0.0638777	0.182619	
-0.464932	-1.31189	-0.145713	0.134048	-0.561484	0.0455757	0.025938	0.330225	0.425827	0.0269449	0.511531	1.45229	0.822428	0.54866	0.311127	0.565976	-1.12761	-0.294472	0.00733303	0.278674	-0.842619	-0.394964	-0.329818	-0.575506	-0.159361	-0.0789536	-0.116276	0.279391	
-0.461985	-1.36672	-0.122284	0.309416	-0.692899	0.0874189	-0.0917674	0.374982	0.330778	-0.0748756	0.718875	1.91717	0.735653	0.559102	0.315365	0.456924	-1.12161	-0.300395	0.0536183	0.0519963	-0.886995	-0.334275	-0.279818	-0.550108	-0.347185	0.00344437	-0.31029	0.283195	
-0.297069	-1.36092	0.0651169	0.555977	-0.664146	0.115972	-0.19815	0.324131	0.165552	-0.229937	0.828155	2.18108	0.46732	0.520451	0.26564	0.264835	-0.930501	-0.206114	0.0877797	-0.219203	-0.763202	-0.157426	-0.178736	-0.520901	-0.411885	0.103567	-0.466482	0.194946	
-0.0193032	-1.23868	0.354933	0.755066	-0.481865	0.113257	-0.247558	0.179429	0.0142418	-0.39187	0.792919	2.10673	0.171765	0.486051	0.174808	0.0629712	-0.617033	-0.0577868	0.0862989	-0.443108	-0.502805	0.0797296	-0.0658801	-0.506983	-0.326309	0.198761	-0.529572	0.0501247	
0.268162	-0.996038	0.636416	0.791238	-0.222035	0.064398	-0.195434	-0.0312482	-0.0156424	-0.502285	0.631985	1.65766	0.0226032	0.51089	0.122504	-0.0665181	-0.307646	0.0622731	0.0318659	-0.526269	-0.206087	0.291131	0.00542936	-0.539989	-0.152179	0.262487	-0.471983	-0.099819	
0.447856	-0.686725	0.799566	0.597939	0.033627	-0.0426067	-0.0128515	-0.266605	0.152252	-0.519575	0.401771	0.905551	0.150994	0.617416	0.196819	-0.0673274	-0.126066	0.0727411	-0.0754034	-0.411557	0.0116852	0.391143	0.000991228	-0.63727	0.0277926	0.271311	-0.276425	-0.208172	
0.436377	-0.39962	0.773361	0.195611	0.209872	-0.205971	0.305498	-0.479877	0.539103	-0.428569	0.182306	0.0279486	0.532093	0.774934	0.491043	0.0704226	-0.153255	-0.0696226	-0.215318	-0.0986836	0.0602008	0.327902	-0.0840361	-0.792224	0.107692	0.212177	0.0414258	-0.247376	
0.221989	-0.217111	0.566201	-0.321201	0.280199	-0.410382	0.721015	-0.636126	1.09086	-0.249808	0.0482505	-0.770283	1.0723	0.925364	1.00311	0.310354	-0.389656	-0.347451	-0.355978	0.350715	-0.0824494	0.104343	-0.219331	-0.974911	0.0457869	0.0836424	0.433247	-0.220946	
-0.12597	-0.179966	0.253907	-0.801863	0.258413	-0.622533	1.15949	-0.716021	1.68319	-0.0293648	0.0305284	-1.29767	1.5798	1.00411	1.66308	0.584959	-0.746793	-0.683989	-0.463956	0.828689	-0.362663	-0.216586	-0.354957	-1.13193	-0.146584	-0.0882131	0.826709	-0.150501	
-0.489379	-0.257202	-0.052585	-1.11813	0.193109	-0.805995	1.53299	-0.718976	2.17578	0.183683	0.104577	-1.47833	1.8989	0.96527	2.32788	0.833414	-1.10316	-0.975564	-0.519233	1.22045	-0.683064	-0.539259	-0.441419	-1.2235	-0.399966	-0.269055	1.1454	-0.0704771	
-0.744576	-0.365819	-0.254492	-1.19162	0.138377	-0.929631	1.75664	-0.663698	2.4467	0.354611	0.217843	-1.33903	1.94636	0.81395	2.81416	1.02222	-1.3336	-1.1316	-0.521944	1.43728	-0.93266	-0.766483	-0.451364	-1.22334	-0.620901	-0.415407	1.32643	-0.00645846	
-0.81582	-0.413282	-0.306836	-1.02727	0.116086	-0.976867	1.78135	-0.578197	2.44204	0.478834	0.303522	-0.995092	1.75739	0.597594	3.00141	1.15663	-1.37509	-1.1133	-0.493224	1.44642	-1.04077	-0.840282	-0.396728	-1.14412	-0.738836	-0.493335	1.33657	0.0258834	
-0.700579	-0.333882	-0.232656	-0.705746	0.110186	-0.950513	1.60409	-0.487658	2.18877	0.585912	0.318896	-0.605916	1.46904	0.399108	2.84734	1.27667	-1.23851	-0.947557	-0.464223	1.27881	-0.997868	-0.756811	-0.318046	-1.02364	-0.739577	-0.485758	1.17764	0.0315703	
-0.47095	-0.127916	-0.116673	-0.336512	0.0708234	-0.869711	1.27986	-0.404968	1.78722	0.728883	0.249607	-0.291611	1.20951	0.287993	2.43785	1.43775	-1.0023	-0.711513	-0.45721	1.02144	-0.856723	-0.566357	-0.26654	-0.902689	-0.677594	-0.396663	0.89041	0.0325572	
-0.23973	0.136266	-0.0512752	-0.0253694	-0.0412523	-0.766898	0.903548	-0.332842	1.37405	0.95379	0.125322	-0.112768	1.07416	0.303495	1.93364	1.67267	-0.782121	-0.501953	-0.481799	0.777636	-0.70572	-0.35265	-0.278983	-0.824334	-0.63308	-0.257841	0.549238	0.0432336	
-0.117796	0.343694	-0.112794	0.180968	-0.264059	-0.673364	0.579218	-0.263984	1.07269	1.28362	-0.0186846	-0.0290941	1.05814	0.447004	1.54383	1.98006	-0.676505	-0.397615	-0.522828	0.637817	-0.634844	-0.200973	-0.363905	-0.79924	-0.709492	-0.110653	0.23206	0.0747614	
-0.165882	0.383608	-0.310917	0.284876	-0.580861	-0.613576	0.38811	-0.187469	0.95709	1.70164	-0.147479	0.0323984	1.08415	0.651446	1.41698	2.32039	-0.734501	-0.425594	-0.551574	0.648382	-0.693217	-0.167182	-0.49645	-0.817275	-0.938329	-0.00217542	-0.00236914	0.119736	
-0.374005	0.204045	-0.592096	0.34299	-0.926388	-0.599292	0.372827	-0.0968544	1.03846	2.15889	-0.248159	0.168332	1.01551	0.832242	1.596	2.63161	-0.931291	-0.555998	-0.534156	0.806421	-0.869269	-0.261253	-0.62283	-0.841279	-1.30459	0.0330223	-0.116577	0.163421	
-0.67291	-0.174052	-0.865715	0.420521	-1.22444	-0.62433	0.518461	0.00429852	1.27249	2.58287	-0.335071	0.433272	0.777511	0.909194	2.00971	2.85493	-1.18889	-0.719543	-0.448468	1.06773	-1.10185	-0.448899	-0.694334	-0.831045	-1.72485	-0.0126759	-0.123253	0.189354	
-0.962636	-0.649745	-1.03878	0.549702	-1.40168	-0.672901	0.769652	0.107769	1.58378	2.89851	-0.426236	0.793369	0.380868	0.834824	2.50167	2.95168	-1.41788	-0.839979	-0.297639	1.36233	-1.31037	-0.667524	-0.678442	-0.768976	-2.09464	-0.125143	-0.0601438	0.184852	
-1.16394	-1.09429	-1.065	0.721199	-1.41723	-0.728468	1.05736	0.194044	1.901	3.04954	-0.543535	1.16686	-0.0883844	0.63212	2.90507	2.91298	-1.55446	-0.869852	-0.10623	1.62471	-1.42614	-0.861913	-0.575105	-0.65721	-2.32005	-0.275266	0.0312418	0.151251	
-1.23948	-1.39818	-0.953514	0.87853	-1.2788	-0.774826	1.31616	0.247997	2.176	3.00464	-0.681523	1.43418	-0.469975	0.351315	3.09656	2.75613	-1.58702	-0.804273	0.0827693	1.80675	-1.42005	-0.994452	-0.415763	-0.529706	-2.34426	-0.425961	0.110502	0.0956681	
-1.21097	-1.51286	-0.779152	0.958431	-1.04137	-0.800744	1.51768	0.264515	2.39909	2.77372	-0.815161	1.51447	-0.645766	0.0873054	3.07151	2.51286	-1.55306	-0.681748	0.235826	1.89712	-1.31339	-1.06155	-0.240027	-0.416591	-2.2178	-0.545069	0.169234	0.0380596	
-1.13495	-1.47376	-0.634325	0.914288	-0.779731	-0.797664	1.65601	0.25093	2.57695	2.39022	-0.910663	1.38267	-0.557012	-0.0809172	2.90053	2.2082	-1.51548	-0.554849	0.337545	1.90753	-1.16035	-1.08145	-0.0849339	-0.336545	-1.99703	-0.610187	0.207803	-0.00173795	
-1.07059	-1.36508	-0.592203	0.746183	-0.540561	-0.763827	1.75506	0.228047	2.71324	1.89636	-0.937833	1.09047	-0.277738	-0.106456	2.70318	1.8478	-1.52665	-0.463348	0.398509	1.85721	-1.01986	-1.0798	0.046406	-0.286182	-1.77005	-0.617894	0.268434	-0.0147238	
-1.05292	-1.28403	-0.682065	0.508045	-0.364595	-0.698634	1.82923	0.216076	2.79273	1.33165	-0.885821	0.75936	0.0668886	0.0231984	2.58432	1.42086	-1.59989	-0.417146	0.450116	1.76085	-0.933682	-1.07607	0.166842	-0.234281	-1.61858	-0.574193	0.37508	0.000953507	
-1.06735	-1.29151	-0.865557	0.280899	-0.252925	-0.604552	1.87013	0.237871	2.76982	0.724354	-0.768032	0.508065	0.326715	0.245214	2.55803	0.917196	-1.70314	-0.382506	0.529989	1.61611	-0.903744	-1.06703	0.307441	-0.143877	-1.57403	-0.495068	0.527778	0.034955	
-1.06541	-1.38025	-1.05368	0.142037	-0.164187	-0.492284	1.85277	0.293257	2.58636	0.0922257	-0.611579	0.429554	0.386051	0.481636	2.55359	0.329604	-1.76302	-0.306584	0.663306	1.40585	-0.885734	-1.03875	0.497766	0.0190536	-1.60615	-0.4033	0.71939	0.0712421	
-0.980608	-1.48268	-1.14391	0.125558	-0.071648	-0.370078	1.7202	0.369744	2.18922	-0.555101	-0.440692	0.527864	0.279992	0.640028	2.41609	-0.319902	-1.70565	-0.135867	0.849571	1.10704	-0.817529	-0.965674	0.740918	0.25774	-1.64652	-0.317727	0.895656	0.0934844	
-0.763947	-1.5045	-1.05365	0.213866	0.0590289	-0.252749	1.43072	0.440588	1.55496	-1.21151	-0.249182	0.729638	0.0932514	0.654347	2.0081	-0.994949	-1.48343	0.154863	1.05762	0.70067	-0.634004	-0.831242	1.02079	0.544153	-1.61129	-0.25655	1.01644	0.0848587	
-0.406248	-1.36838	-0.75197	0.349017	0.222112	-0.150636	0.955657	0.46999	0.702643	-1.86402	-0.0115947	0.921327	-0.0151869	0.515458	1.24225	-1.64861	-1.09903	0.550108	1.23669	0.186252	-0.302919	-0.635985	1.29142	0.824246	-1.429	-0.230623	1.03243	0.0353736	
0.0594928	-1.05404	-0.267539	0.451919	0.407468	-0.0686434	0.312237	0.434572	-0.306144	-2.49407	0.310591	0.978107	0.0694311	0.252581	0.13667	-2.23415	-0.604692	1.0005	1.33398	-0.413934	0.168053	-0.395091	1.50781	1.03549	-1.06468	-0.245406	0.931665	-0.0599052	
0.566005	-0.607988	0.316565	0.476307	0.57776	-0.00297663	-0.439836	0.326795	-1.37263	-3.06803	0.754752	0.848563	0.362207	-0.046408	-1.16993	-2.72217	-0.0750299	1.43678	1.31945	-1.0459	0.731002	-0.136483	1.63568	1.14467	-0.561089	-0.290848	0.721191	-0.194375	
1.04582	-0.123409	0.897201	0.411167	0.707261	0.0609477	-1.20929	0.166551	-2.38975	-3.54735	1.30256	0.533737	0.758736	-0.300855	-2.47674	-3.09458	0.413885	1.80383	1.19988	-1.64079	1.31162	0.118285	1.67107	1.14893	0.00570363	-0.348696	0.43276	-0.353926	
1.4491	0.299872	1.38726	0.28898	0.797214	0.134429	-1.89406	-0.0120773	-3.26687	-3.8993	1.89716	0.108162	1.07906	-0.447396	-3.57478	-3.35682	0.819677	2.0682	1.01021	-2.13429	1.84248	0.354763	1.63931	1.07887	0.568926	-0.395994	0.126052	-0.522558	
1.76027	0.610287	1.72561	0.167994	0.844217	0.227157	-2.42116	-0.165046	-3.94155	-4.09761	2.43621	-0.322296	1.1576	-0.468091	-4.33854	-3.5098	1.13169	2.22879	0.808526	-2.47427	2.26642	0.573196	1.57661	0.983665	1.02591	-0.409666	-0.160153	-0.677545	
1.99291	0.806216	1.8984	0.100598	0.870172	0.331537	-2.74982	-0.255269	-4.38905	-4.13683	2.79891	-0.66155	0.882238	-0.406434	-4.73181	-3.55467	1.36775	2.30704	0.646913	-2.64136	2.56357	0.780926	1.51923	0.906661	1.32643	-0.380274	-0.392945	-0.802352	
2.17418	0.943502	1.9303	0.111649	0.88218	0.427142	-2.89287	-0.272143	-4.61721	-4.02806	2.90544	-0.850357	0.306518	-0.337583	-4.83743	-3.49172	1.56098	2.32946	0.556764	-2.64853	2.74418	0.981107	1.47871	0.871294	1.44063	-0.311144	-0.567626	-0.885787	
2.3306	1.09953	1.87082	0.179907	0.884245	0.487375	-2.8973	-0.230426	-4.65832	-3.80441	2.73223	-0.90529	-0.409311	-0.345061	-4.78922	-3.31976	1.73129	2.31579	0.533361	-2.5418	2.83794	1.17158	1.44286	0.862851	1.39719	-0.223438	-0.697589	-0.926363	
2.47055	1.32454	1.77072	0.277521	0.859134	0.487408	-2.82948	-0.16578	-4.55605	-3.50763	2.35027	-0.855133	-1.03823	-0.475178	-4.72206	-3.05207	1.88559	2.27088	0.540858	-2.38011	2.88568	1.33954	1.37978	0.850302	1.22705	-0.141888	-0.807969	-0.932758	
2.58919	1.62763	1.67181	0.371004	0.784417	0.420813	-2.74963	-0.125969	-4.35694	-3.18568	1.88395	-0.759078	-1.39768	-0.719696	-4.71442	-2.71835	2.01009	2.19057	0.526588	-2.22552	2.91533	1.47412	1.25454	0.789345	0.960607	-0.0870646	-0.924521	-0.920115	
2.66967	1.94956	1.60356	0.464151	0.649578	0.29731	-2.69756	-0.156346	-4.11011	-2.88385	1.48073	-0.636348	-1.40244	-1.01741	-4.76782	-2.36997	2.08777	2.06574	0.436929	-2.12897	2.94265	1.56685	1.04735	0.645681	0.662	-0.0659709	-1.05918	-0.912367	
2.69799	2.204	1.57133	0.596034	0.44935	0.146839	-2.68483	-0.282201	-3.8528	-2.62811	1.26169	-0.473753	-1.10397	-1.26802	-4.82287	-2.06319	2.11248	1.89582	0.245538	-2.10954	2.96179	1.61926	0.762441	0.416602	0.350713	-0.0629406	-1.21574	-0.924958	
2.67215	2.31843	1.56319	0.824293	0.200299	0.0105921	-2.69501	-0.499422	-3.61125	-2.42669	1.26083	-0.232456	-0.687643	-1.35919	-4.77986	-1.84199	2.09502	1.69056	-0.0466788	-2.15997	2.95424	1.65002	0.429114	0.120775	0.049388	-0.0418224	-1.38827	-0.963226	
2.60119	2.26611	1.56251	1.18663	-0.0635538	-0.0765091	-2.69723	-0.779462	-3.39453	-2.26805	1.43603	0.114631	-0.331699	-1.24159	-4.57243	-1.72454	2.06578	1.46545	-0.407243	-2.24853	2.90123	1.68037	0.089598	-0.200475	-0.22524	0.0351116	-1.55377	-1.02159	
2.49978	2.09148	1.55178	1.66715	-0.298146	-0.0985913	-2.65764	-1.07802	-3.19685	-2.13315	1.66852	0.543414	-0.187862	-0.935154	-4.18135	-1.69686	2.04805	1.2317	-0.792008	-2.33569	2.78581	1.72603	-0.215785	-0.517212	-0.442476	0.190251	-1.68807	-1.08817	
2.3716	1.87965	1.512	2.19555	-0.467708	-0.0648294	-2.54755	-1.34539	-2.99513	-1.99931	1.81366	0.993798	-0.299974	-0.536686	-3.6443	-1.7176	2.04821	0.989159	-1.15256	-2.3818	2.6019	1.78666	-0.461837	-0.806974	-0.586159	0.416781	-1.76024	-1.14903	
2.20893	1.71616	1.43782	2.63798	-0.54471	-0.00554807	-2.35501	-1.54609	-2.76371	-1.8555	1.76614	1.33482	-0.575143	-0.185902	-3.04659	-1.74308	2.04796	0.726908	-1.45298	-2.36732	2.3619	1.83869	-0.642934	-1.06632	-0.629484	0.670562	-1.74019	-1.19578	
1.99472	1.65748	1.33511	2.85955	-0.51822	0.0443242	-2.08208	-1.66089	-2.48085	-1.70129	1.48737	1.43957	-0.864503	-0.0206163	-2.47829	-1.73797	2.00989	0.430863	-1.6753	-2.29064	2.08968	1.84926	-0.765968	-1.30296	-0.544668	0.888911	-1.60919	-1.2296	
1.71632	1.69181	1.218	2.76744	-0.394067	0.0628193	-1.74633	-1.68699	-2.13933	-1.54225	1.03411	1.22125	-0.999041	-0.121739	-2.01798	-1.69299	1.89857	0.10113	-1.81018	-2.16254	1.81819	1.78654	-0.839676	-1.50883	-0.33815	1.01187	-1.36352	-1.25332	
1.38201	1.7506	1.10902	2.36379	-0.183918	0.0534548	-1.37817	-1.63337	-1.76249	-1.39376	0.536257	0.684979	-0.906791	-0.470123	-1.7049	-1.62864	1.69238	-0.23956	-1.86114	-2.00607	1.57877	1.64506	-0.863236	-1.6701	-0.0504972	1.01086	-1.02028	-1.27536	
1.019	1.73349	1.03143	1.74757	0.0973243	0.0372536	-1.00667	-1.52056	-1.38715	-1.26985	0.128321	-0.0651098	-0.620296	-0.96847	-1.53114	-1.58478	1.40274	-0.549612	-1.82984	-1.84045	1.39537	1.43981	-0.825967	-1.75497	0.275226	0.897884	-0.611025	-1.30169	
0.67699	1.55127	1.0008	1.09556	0.420943	0.0479224	-0.67172	-1.36858	-1.06553	-1.17441	-0.064346	-0.843791	-0.23278	-1.4693	-1.4734	-1.59822	1.07045	-0.775606	-1.71853	-1.67587	1.27451	1.20655	-0.713927	-1.7307	0.583045	0.729382	-0.194441	-1.33233	
0.407002	1.18885	1.00581	0.605317	0.751187	0.118382	-0.400442	-1.18904	-0.834283	-1.09726	-0.00542072	-1.42946	0.0822472	-1.80785	-1.4918	-1.67774	0.753103	-0.875252	-1.5274	-1.50598	1.20425	0.995158	-0.520138	-1.57388	0.79044	0.594955	0.167406	-1.35141	
0.242094	0.682003	1.02898	0.413663	1.04629	0.254813	-0.218685	-0.993339	-0.710753	-1.01803	0.285912	-1.65414	0.246172	-1.88196	-1.56848	-1.80513	0.505739	-0.836494	-1.26114	-1.31762	1.16367	0.836511	-0.258952	-1.2831	0.880567	0.569922	0.415789	-1.34082	
0.182011	0.125595	1.04153	0.564563	1.26881	0.434685	-0.129801	-0.786466	-0.678683	-0.916499	0.716262	-1.4438	0.226409	-1.68641	-1.67902	-1.9317	0.347366	-0.68653	-0.936423	-1.09544	1.12251	0.737736	0.0371135	-0.899791	0.858322	0.693325	0.517329	-1.28954	
0.182265	-0.372571	1.00104	0.977311	1.37783	0.608082	-0.116147	-0.573827	-0.686127	-0.775996	1.16113	-0.847649	0.0974394	-1.29681	-1.79541	-1.99757	0.256971	-0.48968	-0.57559	-0.827355	1.04544	0.669207	0.318735	-0.483967	0.747186	0.946904	0.474427	-1.18987	
0.176295	-0.755498	0.885678	1.49008	1.35043	0.719567	-0.151058	-0.361452	-0.677837	-0.594521	1.53321	-0.0225579	-0.0011596	-0.838833	-1.88123	-1.95579	0.180572	-0.321027	-0.209302	-0.519022	0.909982	0.581816	0.538467	-0.104079	0.605254	1.25287	0.317083	-1.05254	
0.09544	-1.00529	0.684934	1.90368	1.19813	0.726837	-0.181699	-0.154155	-0.591196	-0.379783	1.74951	0.805391	0.0257875	-0.442507	-1.87686	-1.78173	0.0607138	-0.244596	0.133794	-0.183096	0.712563	0.426018	0.668342	0.188414	0.47353	1.50813	0.113085	-0.892792	
-0.0948952	-1.18011	0.420865	2.06459	0.950733	0.624191	-0.171339	0.0423753	-0.399815	-0.145333	1.81681	1.42983	0.25726	-0.198762	-1.74193	-1.48333	-0.137511	-0.282834	0.434099	0.156567	0.463654	0.176896	0.709237	0.382082	0.392569	1.62149	-0.0731434	-0.731034	
-0.384711	-1.34723	0.128523	1.91719	0.678098	0.442912	-0.082917	0.225939	-0.114111	0.0823215	1.74948	1.71973	0.618473	-0.110607	-1.43208	-1.09921	-0.417752	-0.4141	0.678622	0.467155	0.186568	-0.14924	0.695897	0.48746	0.343202	1.54883	-0.166176	-0.584208	
-0.726645	-1.57319	-0.147648	1.50393	0.431263	0.238024	0.0858555	0.391241	0.224136	0.286056	1.6047	1.65063	1.0041	-0.117298	-0.953178	-0.677906	-0.743658	-0.587767	0.862368	0.721216	-0.0962962	-0.50507	0.66576	0.536817	0.300142	1.30805	-0.136467	-0.456613	
-1.04683	-1.87204	-0.365189	0.956988	0.260898	0.0739936	0.313767	0.533494	0.547463	0.448944	1.41744	1.30126	1.26109	-0.124317	-0.351701	-0.266056	-1.05725	-0.742471	0.980204	0.889728	-0.363061	-0.821789	0.653991	0.554022	0.229161	0.978751	0.0180076	-0.346703	
-1.28044	-2.18362	-0.509076	0.431043	0.181017	-0.00400741	0.559307	0.646137	0.796096	0.562004	1.21089	0.819209	1.27993	-0.0511874	0.288259	0.108746	-1.30201	-0.837938	1.02551	0.9542	-0.602942	-1.03645	0.669709	0.547945	0.0741819	0.671003	0.264765	-0.241976	
-1.39503	-2.43789	-0.566487	0.0603339	0.175187	0.0138352	0.763683	0.715353	0.920385	0.620937	1.00911	0.377104	1.05227	0.133534	0.860739	0.427902	-1.44547	-0.86883	0.988771	0.899019	-0.808276	-1.11927	0.69049	0.508632	-0.121484	0.479164	0.544442	-0.137385	
-1.39917	-2.54773	-0.546993	-0.0881467	0.215702	0.0993834	0.88878	0.735369	0.912644	0.624779	0.79889	0.107353	0.615301	0.406828	1.28541	0.685632	-1.49147	-0.861724	0.863404	0.724314	-0.974002	-1.07852	0.680508	0.408529	-0.316946	0.452539	0.800946	-0.033636	
-1.34046	-2.48293	-0.472971	-0.0325196	0.242942	0.202182	0.900351	0.701546	0.793242	0.576645	0.600536	0.0767248	0.130965	0.695769	1.50393	0.881413	-1.47801	-0.862039	0.652559	0.442412	-1.10486	-0.959877	0.59655	0.231364	-0.444735	0.579359	0.969921	0.0599329	
-1.27169	-2.25482	-0.36483	0.148085	0.233179	0.271002	0.804395	0.622127	0.602964	0.475468	0.410225	0.263375	-0.281072	0.923896	1.52522	1.00776	-1.45241	-0.899778	0.376558	0.0766675	-1.1974	-0.819584	0.426522	-0.0175518	-0.442725	0.787337	1.02966	0.127052	
-1.23395	-1.93547	-0.242981	0.348311	0.161755	0.278484	0.622503	0.519332	0.396849	0.338135	0.258438	0.589466	-0.520261	1.03788	1.38925	1.06372	-1.44429	-0.976734	0.076729	-0.323857	-1.24811	-0.703482	0.183999	-0.290966	-0.296224	0.985808	0.956431	0.161831	
-1.23364	-1.61529	-0.119914	0.477071	0.0529506	0.230348	0.4006	0.421209	0.214808	0.179797	0.149226	0.938362	-0.59058	1.02827	1.15705	1.04867	-1.46201	-1.05874	-0.195244	-0.70609	-1.25633	-0.629	-0.0784771	-0.522619	-0.022996	1.09392	0.777513	0.163207	
-1.24426	-1.35927	-0.0122415	0.491514	-0.061662	0.162553	0.188285	0.361977	0.0842284	0.0217647	0.0814723	1.20756	-0.565119	0.939857	0.905559	0.973437	-1.48719	-1.08898	-0.386275	-1.01239	-1.22726	-0.580243	-0.291776	-0.646357	0.274046	1.07044	0.527742	0.14701	
-1.22927	-1.20039	0.0637467	0.395628	-0.163434	0.123007	0.018191	0.363911	0.00734389	-0.114549	0.0453141	1.33094	-0.523139	0.830986	0.678177	0.862306	-1.49633	-1.02118	-0.462115	-1.19962	-1.1825	-0.524841	-0.405293	-0.624689	0.492935	0.92545	0.254352	0.137681	
-1.15223	-1.10032	0.09658	0.239582	-0.229905	0.154531	-0.0905355	0.43695	-0.0289592	-0.215618	0.00325197	1.29215	-0.581532	0.768774	0.489163	0.74255	-1.46704	-0.834969	-0.415566	-1.24945	-1.14118	-0.424868	-0.394143	-0.466648	0.531755	0.714165	0.00141018	0.160082	
-1.009	-0.9994	0.0759596	0.0797695	-0.271585	0.269373	-0.143858	0.565913	-0.0439768	-0.276585	-0.065083	1.1203	-0.742686	0.764991	0.328803	0.637118	-1.39728	-0.561189	-0.26986	-1.17248	-1.12476	-0.268444	-0.279212	-0.222458	0.349493	0.504868	-0.198869	0.225736	
-0.821222	-0.832053	0.00865803	-0.0389661	-0.294639	0.445352	-0.155908	0.716858	-0.0594897	-0.310903	-0.184003	0.862775	-0.976817	0.789475	0.173251	0.551282	-1.30945	-0.260891	-0.0693441	-1.00886	-1.13682	-0.0704602	-0.106979	0.0279664	-0.011827	0.347114	-0.314602	0.324315	
-0.633057	-0.574427	-0.0870532	-0.0903133	-0.330349	0.638876	-0.14952	0.855888	-0.0792932	-0.326226	-0.340278	0.586908	-1.20147	0.795509	0.0172284	0.477599	-1.22583	-0.00915442	0.140117	-0.803216	-1.16402	0.132211	0.0602667	0.218507	-0.456397	0.26644	-0.361732	0.434476	
-0.486338	-0.247392	-0.181483	-0.0912866	-0.373985	0.793833	-0.135629	0.946594	-0.103711	-0.341837	-0.524791	0.322926	-1.33571	0.715952	-0.141552	0.395851	-1.17136	0.138074	0.318778	-0.605152	-1.17984	0.293924	0.179529	0.307233	-0.849197	0.243181	-0.340558	0.518971	
-0.397009	0.0964355	-0.243462	-0.0720192	-0.42234	0.873989	-0.120632	0.975066	-0.12142	-0.366807	-0.70628	0.0807408	-1.32928	0.523345	-0.275282	0.287227	-1.14179	0.172167	0.450781	-0.445557	-1.14816	0.388077	0.237761	0.301125	-1.08841	0.237702	-0.28899	0.550101	
-0.349728	0.3904	-0.252038	-0.0711831	-0.452424	0.869793	-0.100278	0.944384	-0.120454	-0.398315	-0.862285	-0.15034	-1.19144	0.226064	-0.363288	0.149609	-1.10518	0.12975	0.540865	-0.330119	-1.04133	0.414834	0.251989	0.25103	-1.108	0.211395	-0.235734	0.519631	
-0.303039	0.598919	-0.207076	-0.109969	-0.435734	0.807173	-0.0696763	0.875142	-0.0977789	-0.430173	-0.98098	-0.386996	-1.01737	-0.107139	-0.396746	0.000724642	-1.02172	0.0798998	0.603924	-0.250101	-0.855961	0.408063	0.25863	0.214951	-0.949928	0.152072	-0.209693	0.444413	
-0.212243	0.724497	-0.128257	-0.191041	-0.364497	0.731432	-0.030221	0.796837	-0.0584983	-0.449972	-1.06703	-0.633181	-0.891782	-0.393994	-0.375139	-0.120726	-0.854547	0.0866769	0.651767	-0.188457	-0.616803	0.415631	0.288322	0.23825	-0.6847	0.0728694	-0.231862	0.363233	
-0.0493606	0.81474	-0.055393	-0.294196	-0.241466	0.689661	0.00826449	0.733722	-0.0258648	-0.45709	-1.14674	-0.871443	-0.895141	-0.558759	-0.33753	-0.170485	-0.60288	0.187222	0.68345	-0.139111	-0.373214	0.482247	0.352694	0.323916	-0.451221	0.0139687	-0.286585	0.322507	
0.173782	0.937008	-0.0250156	-0.379726	-0.10827	0.70983	0.019237	0.697687	-0.0302098	-0.459137	-1.2255	-1.05235	-1.04659	-0.555134	-0.314373	-0.121084	-0.300027	0.365175	0.679288	-0.113034	-0.187683	0.62685	0.427966	0.431689	-0.347851	0.0220356	-0.369873	0.353744	
0.409936	1.14255	-0.0582484	-0.411409	0.0101445	0.78424	-0.0202911	0.67679	-0.104388	-0.475144	-1.31957	-1.11586	-1.29879	-0.396859	-0.352596	0.0236947	-0.00794309	0.55895	0.612262	-0.137318	-0.102641	0.82534	0.47397	0.498125	-0.401589	0.122608	-0.441331	0.462335	
0.594577	1.43784	-0.153485	-0.367019	0.0729729	0.879418	-0.129132	0.652076	-0.265159	-0.525415	-1.40884	-1.02411	-1.53723	-0.142762	-0.462976	0.230183	0.201226	0.692995	0.463485	-0.2404	-0.135257	1.02707	0.449353	0.459646	-0.597285	0.307264	-0.478608	0.621431	
0.676311	1.78893	-0.279396	-0.245209	0.0681842	0.945435	-0.307799	0.600844	-0.505082	-0.616106	-1.46961	-0.768466	-1.63618	0.132129	-0.632606	0.443659	0.289343	0.708705	0.235423	-0.431031	-0.257249	1.1701	0.334037	0.295268	-0.832438	0.536831	-0.474046	0.781889	
0.637088	2.12894	-0.396828	-0.0696337	0.00628833	0.937222	-0.531103	0.510679	-0.790628	-0.739842	-1.47218	-0.393842	-1.52023	0.35141	-0.813933	0.610059	0.250393	0.591833	-0.0419497	-0.692776	-0.416375	1.20883	0.142901	0.0218076	-1.03291	0.751522	-0.428443	0.889077	
0.503225	2.39081	-0.458443	0.111585	-0.0818323	0.828532	-0.760054	0.380314	-1.06911	-0.874152	-1.39241	0.00248224	-1.15314	0.459395	-0.944222	0.690594	0.125767	0.379504	-0.322961	-0.981709	-0.543534	1.1278	-0.0779938	-0.304875	-1.08523	0.8831	-0.369027	0.894971	
0.336447	2.53462	-0.452423	0.248003	-0.164727	0.628919	-0.94204	0.230451	-1.27178	-0.975644	-1.23626	0.312208	-0.607195	0.451673	-0.978094	0.689405	-0.0141019	0.148929	-0.548696	-1.22438	-0.583	0.952476	-0.267984	-0.604223	-0.996229	0.895267	-0.322145	0.79276	
0.204368	2.55958	-0.388699	0.292003	-0.214802	0.371132	-1.0275	0.0866739	-1.34131	-1.00934	-1.02824	0.430515	-0.0033583	0.346703	-0.864925	0.636697	-0.107683	-0.019915	-0.67979	-1.35655	-0.518058	0.735845	-0.375681	-0.820163	-0.795735	0.777067	-0.30485	0.598451	
0.152801	2.50775	-0.305003	0.226054	-0.235852	0.108355	-0.993391	-0.0241771	-1.24438	-0.945378	-0.814169	0.323357	0.527994	0.194439	-0.60999	0.587119	-0.115526	-0.0780295	-0.703662	-1.33236	-0.371458	0.536496	-0.385545	-0.922298	-0.55487	0.562186	-0.329527	0.366107	
0.188229	2.42811	-0.251945	0.0589555	-0.245926	-0.108514	-0.836373	-0.0818152	-0.984939	-0.78452	-0.646194	0.00949705	0.879615	0.036948	-0.238942	0.587861	-0.0519615	-0.0245723	-0.641977	-1.15017	-0.20341	0.402736	-0.317801	-0.93426	-0.383624	0.301446	-0.368173	0.154075	
0.274664	2.3739	-0.264843	-0.171418	-0.266316	-0.250046	-0.585063	-0.0882988	-0.607415	-0.554604	-0.56728	-0.417211	1.02001	-0.0884185	0.198396	0.65436	0.039902	0.0904463	-0.543954	-0.852649	-0.081537	0.348684	-0.223271	-0.906399	-0.324334	0.0522803	-0.386283	0.00605337	
0.349855	2.365	-0.35759	-0.405208	-0.324379	-0.311407	-0.293489	-0.0585175	-0.185638	-0.301089	-0.583354	-0.820653	0.979159	-0.166648	0.632833	0.774339	0.10007	0.188797	-0.462811	-0.512592	-0.0566518	0.357	-0.166378	-0.897643	-0.399269	-0.138903	-0.354076	-0.0537544	
0.362322	2.39271	-0.501552	-0.593547	-0.403888	-0.313876	-0.0111812	-0.0217402	0.1973	-0.0821555	-0.680029	-1.08847	0.838475	-0.203682	1.01391	0.897541	0.0878769	0.204704	-0.440798	-0.214666	-0.134443	0.389865	-0.18484	-0.947972	-0.545611	-0.257161	-0.233252	-0.0404132	
0.296763	2.44084	-0.64805	-0.70278	-0.481723	-0.289037	0.217588	-0.00230729	0.478806	0.0670864	-0.81618	-1.14906	0.688181	-0.213355	1.30223	0.978091	0.0126686	0.115959	-0.486473	-0.0101658	-0.275276	0.411892	-0.283678	-1.04941	-0.699135	-0.303374	-0.029757	0.0175126	
0.185079	2.49356	-0.731057	-0.731619	-0.505782	-0.272835	0.366297	-0.0200673	0.617521	0.118336	-0.936397	-1.01589	0.624872	-0.220384	1.48343	0.972044	-0.0802311	-0.0463658	-0.584984	0.0722479	-0.403614	0.405547	-0.427859	-1.17493	-0.768574	-0.30503	0.233877	0.0710263	
0.0951049	2.56579	-0.700518	-0.703216	-0.446986	-0.284862	0.423766	-0.0834635	0.611505	0.0724673	-0.984406	-0.758141	0.670748	-0.233572	1.55706	0.867187	-0.113231	-0.208642	-0.699916	0.046642	-0.43675	0.379126	-0.562485	-1.27249	-0.691561	-0.285237	0.489259	0.0861109	
0.107354	2.68357	-0.533601	-0.657566	-0.282058	-0.328295	0.399252	-0.189399	0.484191	-0.0592732	-0.928771	-0.497303	0.800328	-0.262959	1.52489	0.677634	-0.0159398	-0.281393	-0.795844	-0.0522765	-0.307106	0.364866	-0.63063	-1.30287	-0.456545	-0.269281	0.680815	0.0430521	
0.277168	2.88006	-0.246699	-0.627553	-0.0273158	-0.389272	0.315607	-0.325634	0.281441	-0.25375	-0.780184	-0.335043	0.94516	-0.309606	1.41223	0.436716	0.244254	-0.199782	-0.850796	-0.18401	-0.00104986	0.401093	-0.598132	-1.25111	-0.0947617	-0.266203	0.762188	-0.0568089	
0.604993	3.16224	0.118485	-0.614195	0.257081	-0.444488	0.185154	-0.477583	0.0449108	-0.482842	-0.55456	-0.310273	1.02295	-0.362894	1.22512	0.187809	0.645555	0.0450207	-0.866022	-0.316705	0.43897	0.512721	-0.476481	-1.13257	0.335216	-0.271344	0.697593	-0.190021	
1.03919	3.49676	0.503415	-0.594219	0.509761	-0.470058	0.0240511	-0.628061	-0.196797	-0.728902	-0.299421	-0.401671	0.983025	-0.401184	0.970546	-0.0459341	1.1098	0.40581	-0.865957	-0.444746	0.927521	0.702102	-0.305621	-0.99355	0.747551	-0.274588	0.511042	-0.330935	
1.47973	3.80997	0.853675	-0.518045	0.670594	-0.457722	-0.151498	-0.767234	-0.42498	-0.971868	-0.0708702	-0.5214	0.794967	-0.414127	0.675715	-0.25484	1.53136	0.786992	-0.881707	-0.57303	1.35491	0.937298	-0.147003	-0.882933	1.07296	-0.263852	0.250964	-0.459488	
1.81612	4.00212	1.13478	-0.333857	0.707606	-0.414857	-0.335505	-0.885915	-0.639006	-1.1972	0.0969267	-0.558214	0.518663	-0.396929	0.355538	-0.442922	1.80754	1.08145	-0.939509	-0.71545	1.62816	1.16312	-0.05901	-0.843103	1.2699	-0.23774	-0.0192953	-0.569053	
1.95961	3.98255	1.32696	-0.0142923	0.614051	-0.35616	-0.510098	-0.972206	-0.828234	-1.37821	0.188643	-0.423832	0.202784	-0.34559	0.0524673	-0.6113	1.87279	1.20503	-1.04006	-0.868844	1.68417	1.31936	-0.0743991	-0.881696	1.29723	-0.19408	-0.242551	-0.658581	
1.87594	3.70429	1.43666	0.421513	0.431146	-0.305824	-0.65449	-1.01909	-0.979544	-1.4878	0.215486	-0.100905	-0.0621675	-0.277063	-0.196733	-0.751773	1.72621	1.12719	-1.16308	-1.00931	1.52213	1.35899	-0.18828	-0.974813	1.17183	-0.144443	-0.37523	-0.733816	
