0.662161	1.04233	0.626422	1.23875	0.0718305	0.353831	-0.381168	-0.925922	-0.586576	-0.599613	0.151723	0.808979	-0.44335	0.356754	0.290486	-0.728484	0.987554	-0.0183293	-1.32364	-0.483104	0.547575	0.644938	-1.14489	-0.556236	0.175088	0.94901	-0.135131	-0.409568	
0.49423	1.02605	0.396082	1.04072	0.112412	0.232299	-0.212453	-0.789712	-0.373181	-0.356282	-0.132145	0.836371	-0.181581	0.112891	0.568717	-0.662568	0.805286	-0.0393148	-1.19979	-0.200895	0.444972	0.46026	-1.08262	-0.492858	0.232532	0.69245	-0.0488481	-0.420047	
0.169372	0.861609	0.0154212	0.72907	0.0486315	0.0958814	0.0287308	-0.556112	-0.0554919	-0.00950404	-0.47325	0.792726	0.133617	-0.141076	0.83396	-0.500722	0.489919	-0.190226	-0.951772	0.136195	0.144106	0.171005	-0.8186	-0.402298	0.164431	0.398778	0.0499858	-0.246111	
-0.234142	0.548907	-0.416883	0.352031	-0.0830128	-0.00669788	0.277309	-0.237979	0.284294	0.381575	-0.779853	0.637656	0.457804	-0.342558	1.03131	-0.264794	0.0967555	-0.407599	-0.621498	0.46941	-0.275468	-0.15338	-0.453638	-0.277325	-0.00956724	0.121015	0.135355	0.0647062	
-0.598983	0.149869	-0.785956	-0.0151364	-0.228712	-0.034541	0.459104	0.132964	0.552401	0.738487	-0.963869	0.370544	0.700912	-0.450925	1.09411	0.00559369	-0.280885	-0.594425	-0.267994	0.735202	-0.683699	-0.421419	-0.117713	-0.11371	-0.237691	-0.0924752	0.178686	0.415134	
-0.813815	-0.244626	-0.986943	-0.297795	-0.340356	0.0263262	0.522113	0.508994	0.684948	0.985507	-0.972197	0.0363503	0.802357	-0.466578	0.99958	0.256977	-0.547679	-0.657852	0.0481852	0.882429	-0.945207	-0.554454	0.0704581	0.0848423	-0.459342	-0.225129	0.16001	0.687936	
-0.808969	-0.531823	-0.96788	-0.442537	-0.379814	0.163469	0.451544	0.840915	0.662385	1.07472	-0.814719	-0.293546	0.699907	-0.412617	0.753148	0.449257	-0.634469	-0.542081	0.282993	0.890105	-0.968364	-0.511673	0.0491413	0.306147	-0.620325	-0.275925	0.0711047	0.798913	
-0.584636	-0.64368	-0.738545	-0.428337	-0.337015	0.34075	0.279478	1.09117	0.516304	1.00593	-0.553392	-0.53872	0.38685	-0.346893	0.403987	0.554817	-0.526492	-0.246502	0.422092	0.778116	-0.735861	-0.303496	-0.181524	0.53089	-0.682621	-0.265489	-0.0579858	0.711992	
-0.205379	-0.577036	-0.366348	-0.276719	-0.227841	0.515345	0.056207	1.24008	0.303034	0.810729	-0.283073	-0.646003	-0.073524	-0.288204	0.00523082	0.565394	-0.267516	0.171881	0.481653	0.586587	-0.31041	0.0152253	-0.546765	0.737893	-0.6502	-0.217443	-0.198892	0.466512	
0.2204	-0.377734	0.0381702	-0.0451325	-0.0848876	0.646583	-0.15016	1.29121	0.0968559	0.557454	-0.0939506	-0.60322	-0.578067	-0.265384	-0.382302	0.498671	0.0565079	0.62402	0.50277	0.381497	0.186615	0.360305	-0.939019	0.907174	-0.548435	-0.154926	-0.300997	0.139187	
0.581507	-0.134648	0.377575	0.199949	0.0595524	0.707382	-0.288133	1.26563	-0.0406726	0.316747	-0.0415849	-0.44518	-0.997733	-0.270109	-0.706344	0.387969	0.347313	1.01732	0.532197	0.221806	0.623149	0.648462	-1.25712	1.02641	-0.42057	-0.0987641	-0.337546	-0.182877	
0.799966	0.0663491	0.578028	0.397772	0.173787	0.693056	-0.343806	1.19144	-0.0946627	0.13443	-0.127205	-0.237519	-1.23085	-0.265575	-0.941683	0.278398	0.528764	1.28269	0.603206	0.135692	0.895114	0.822352	-1.42422	1.08827	-0.323334	-0.0535284	-0.305054	-0.423116	
0.854204	0.168629	0.617923	0.512909	0.247649	0.613467	-0.326097	1.09477	-0.0757518	0.0336326	-0.302007	-0.0474198	-1.23639	-0.223013	-1.07313	0.197713	0.571232	1.40149	0.727806	0.128467	0.964697	0.865773	-1.42785	1.09508	-0.288064	-0.0261754	-0.212811	-0.564861	
0.77629	0.161711	0.52435	0.537879	0.283362	0.488161	-0.264394	0.988441	-0.0154512	-0.000320988	-0.494812	0.0794444	-1.03904	-0.12248	-1.09256	0.158377	0.495351	1.39205	0.886831	0.173434	0.858648	0.79916	-1.29372	1.0523	-0.33194	-0.0161016	-0.0979929	-0.627269	
0.629916	0.0808485	0.355865	0.491082	0.297368	0.339424	-0.190269	0.872705	0.0418635	-0.000721894	-0.63088	0.137948	-0.743922	0.0227267	-0.993172	0.153333	0.35623	1.30084	1.04059	0.228578	0.652787	0.665761	-1.08151	0.96736	-0.429017	-0.0252406	0.0170426	-0.658901	
0.481937	-0.0234174	0.174548	0.40342	0.303833	0.186842	-0.127881	0.737093	0.0636468	-0.0108176	-0.662571	0.14794	-0.475398	0.202727	-0.781753	0.152036	0.218188	1.17424	1.14053	0.245255	0.434652	0.51607	-0.842637	0.847407	-0.542744	-0.0534885	0.106804	-0.691837	
0.369489	-0.100944	0.0299734	0.295054	0.30957	0.0434924	-0.0811224	0.569971	0.0365101	-0.0584015	-0.58615	0.141542	-0.320459	0.359404	-0.473382	0.127026	0.123834	1.03935	1.14878	0.193999	0.26746	0.380248	-0.601526	0.697554	-0.622201	-0.0991469	0.173996	-0.73046	
0.292932	-0.127398	-0.0578863	0.176405	0.315943	-0.0873699	-0.0334325	0.372266	-0.0172853	-0.138897	-0.429004	0.142504	-0.323163	0.44681	-0.100938	0.0646144	0.0814603	0.900265	1.05222	0.0801781	0.171036	0.266287	-0.365833	0.52591	-0.624606	-0.164089	0.232816	-0.749945	
0.222881	-0.120534	-0.0963398	0.0408205	0.307054	-0.206553	0.0300847	0.151673	-0.0713548	-0.231315	-0.237713	0.142585	-0.42418	0.422367	0.283349	-0.0269639	0.0661886	0.733304	0.862914	-0.0720226	0.12254	0.161127	-0.105045	0.337518	-0.537547	-0.244045	0.293541	-0.699429	
0.124373	-0.106135	-0.108673	-0.124045	0.268763	-0.320063	0.121482	-0.0740666	-0.0917665	-0.292684	-0.0583854	0.112101	-0.523668	0.273174	0.61491	-0.125642	0.040741	0.514522	0.614451	-0.212545	0.0787081	0.0441667	0.201392	0.138443	-0.368238	-0.335226	0.362899	-0.550093	
-0.0216935	-0.112347	-0.116145	-0.318739	0.189056	-0.435014	0.241084	-0.282891	-0.0418491	-0.279611	0.078587	0.0156512	-0.498975	0.0109999	0.833822	-0.195251	-0.0252359	0.230173	0.344557	-0.28461	-0.000602824	-0.0981433	0.551051	-0.0663878	-0.154771	-0.430688	0.418191	-0.305605	
-0.20493	-0.149565	-0.129716	-0.522816	0.0639691	-0.551383	0.376412	-0.454007	0.0847874	-0.163569	0.16256	-0.159812	-0.285492	-0.333663	0.919039	-0.205705	-0.137278	-0.10357	0.08968	-0.244293	-0.128377	-0.260196	0.899901	-0.268497	0.0432798	-0.517818	0.449636	-0.0168047	
-0.384569	-0.199568	-0.153535	-0.694661	-0.100184	-0.663084	0.508818	-0.571218	0.291831	0.0626313	0.205592	-0.389745	0.0878702	-0.696785	0.875467	-0.145478	-0.26887	-0.442979	-0.128294	-0.0674129	-0.287916	-0.414018	1.17176	-0.455157	0.168082	-0.583268	0.423056	0.238368	
-0.512937	-0.229427	-0.186843	-0.787473	-0.290127	-0.755573	0.624483	-0.630969	0.560697	0.373053	0.213853	-0.616218	0.53261	-1.02384	0.761445	-0.0292344	-0.37806	-0.736282	-0.302756	0.23419	-0.442692	-0.526709	1.29436	-0.613876	0.176392	-0.613162	0.330699	0.384516	
-0.559733	-0.209051	-0.232181	-0.766753	-0.49228	-0.812026	0.717572	-0.634094	0.868181	0.722454	0.199428	-0.754663	0.901969	-1.24037	0.65915	0.118077	-0.428728	-0.939492	-0.437436	0.62162	-0.561323	-0.572309	1.21173	-0.731185	0.048603	-0.598262	0.180076	0.38641	
-0.528292	-0.134649	-0.301836	-0.630977	-0.693157	-0.814991	0.790319	-0.588721	1.17889	1.04914	0.1588	-0.750252	1.06391	-1.29846	0.642412	0.268131	-0.409674	-1.04078	-0.536235	1.02875	-0.634698	-0.547742	0.941184	-0.797002	-0.186926	-0.537303	-0.00476521	0.274713	
-0.460646	-0.0254984	-0.411936	-0.423971	-0.883075	-0.758168	0.851046	-0.507458	1.45363	1.29198	0.0880784	-0.591483	0.959394	-1.17012	0.759702	0.392056	-0.345595	-1.06182	-0.596483	1.38047	-0.683846	-0.478947	0.565982	-0.8074	-0.485206	-0.440604	-0.180935	0.129494	
-0.420441	0.0704305	-0.574011	-0.222849	-1.0461	-0.651272	0.909456	-0.401007	1.66256	1.40795	-0.0111813	-0.326244	0.628113	-0.888536	0.996233	0.480608	-0.288559	-1.05073	-0.605077	1.61601	-0.748442	-0.413826	0.220579	-0.765356	-0.775063	-0.333056	-0.310262	0.0521232	
-0.464572	0.101576	-0.790635	-0.113159	-1.16887	-0.51854	0.973063	-0.282314	1.7834	1.38091	-0.126913	-0.0616503	0.192467	-0.522098	1.2993	0.539476	-0.294673	-1.05958	-0.542113	1.70161	-0.864836	-0.401888	0.0457719	-0.680818	-1.00115	-0.246013	-0.355186	0.117874	
-0.617727	0.0307123	-1.03668	-0.164466	-1.22745	-0.398804	1.03746	-0.163874	1.80978	1.22664	-0.226974	0.0867477	-0.187769	-0.16473	1.57943	0.582068	-0.401211	-1.1223	-0.39254	1.63962	-1.04446	-0.477592	0.138737	-0.569962	-1.11633	-0.21741	-0.316978	0.34061	
-0.856703	-0.139426	-1.26524	-0.392445	-1.19344	-0.329694	1.10391	-0.0574355	1.761	0.990113	-0.290021	0.0276869	-0.368501	0.0624585	1.75215	0.611864	-0.605439	-1.23479	-0.154788	1.47344	-1.25807	-0.642623	0.508584	-0.45033	-1.10345	-0.271332	-0.197599	0.654066	
-1.12149	-0.376311	-1.42532	-0.754988	-1.05107	-0.338556	1.16907	0.0311648	1.67433	0.738687	-0.295048	-0.247544	-0.283507	0.0923124	1.77475	0.625205	-0.868523	-1.35313	0.151679	1.27453	-1.44787	-0.863503	1.05584	-0.334823	-0.991779	-0.411004	-0.0214029	0.941253	
-1.33404	-0.622432	-1.47955	-1.15954	-0.793912	-0.428947	1.23633	0.100385	1.59404	0.537923	-0.249875	-0.679062	0.0301456	-0.109833	1.6585	0.604182	-1.12341	-1.41279	0.490896	1.11848	-1.54515	-1.08341	1.61826	-0.230301	-0.815234	-0.619278	0.188454	1.07636	
-1.43378	-0.812267	-1.42057	-1.49383	-0.449135	-0.578752	1.30797	0.15015	1.56134	0.432493	-0.181723	-1.13886	0.463517	-0.47602	1.46636	0.52361	-1.30482	-1.35695	0.809197	1.05971	-1.50698	-1.24196	2.01305	-0.139644	-0.628871	-0.853481	0.404957	0.981956	
-1.40096	-0.906196	-1.27618	-1.66454	-0.069364	-0.74783	1.38299	0.183336	1.59281	0.43135	-0.138283	-1.47698	0.886999	-0.900073	1.2856	0.374333	-1.37302	-1.16385	1.05514	1.11132	-1.33466	-1.30055	2.11343	-0.0632674	-0.47268	-1.06484	0.610619	0.663029	
-1.26171	-0.884478	-1.10154	-1.62736	0.271385	-0.886176	1.45585	0.20206	1.6817	0.506233	-0.156014	-1.58261	1.18272	-1.25002	1.1906	0.176125	-1.32533	-0.860779	1.18939	1.24435	-1.0786	-1.25257	1.89017	-0.0015636	-0.380684	-1.20409	0.792141	0.20848	
-1.07716	-0.763693	-0.957402	-1.40871	0.501641	-0.95674	1.50368	0.201031	1.78021	0.592514	-0.254316	-1.41214	1.29445	-1.4	1.2204	-0.0354006	-1.19621	-0.521372	1.1932	1.38125	-0.822657	-1.12819	1.43865	0.0401518	-0.35412	-1.24835	0.922764	-0.232341	
-0.91054	-0.57632	-0.882632	-1.08677	0.570503	-0.941431	1.50264	0.171072	1.82899	0.614969	-0.422411	-1.01695	1.25074	-1.31409	1.34366	-0.206581	-1.0323	-0.235709	1.07508	1.43475	-0.642303	-0.97527	0.931649	0.0537972	-0.377749	-1.19671	0.993964	-0.518023	
-0.800168	-0.361856	-0.880329	-0.762449	0.468898	-0.847248	1.42652	0.106432	1.77281	0.522645	-0.612818	-0.51356	1.09519	-1.01939	1.48594	-0.282086	-0.872705	-0.0724588	0.865798	1.33844	-0.577372	-0.8374	0.547944	0.0362462	-0.421607	-1.06911	0.98099	-0.561622	
-0.743758	-0.14928	-0.911963	-0.523825	0.232488	-0.70615	1.2657	0.00249514	1.58181	0.300808	-0.768537	-0.0437894	0.904731	-0.641418	1.56364	-0.234223	-0.732812	-0.0554567	0.612612	1.0699	-0.611819	-0.740398	0.417087	-0.0122251	-0.455274	-0.911487	0.880824	-0.37408	
-0.699053	0.0472806	-0.910545	-0.411334	-0.0599955	-0.554403	1.03118	-0.137126	1.26894	-0.0137115	-0.830832	0.272354	0.708517	-0.319478	1.50039	-0.0788139	-0.596875	-0.149444	0.360774	0.667764	-0.67913	-0.676702	0.55376	-0.0826417	-0.456496	-0.760865	0.701796	-0.0497729	
-0.610747	0.218723	-0.821874	-0.409099	-0.323898	-0.429269	0.759499	-0.298382	0.892606	-0.341628	-0.779438	0.379998	0.514646	-0.168014	1.28523	0.132892	-0.433856	-0.275753	0.147271	0.221147	-0.695055	-0.617214	0.862217	-0.158084	-0.425393	-0.647925	0.472061	0.272602	
-0.441644	0.364621	-0.62661	-0.462477	-0.491183	-0.355691	0.499907	-0.464522	0.531325	-0.593594	-0.617335	0.289853	0.317336	-0.235709	0.966229	0.325074	-0.219773	-0.353734	-0.00793668	-0.162514	-0.596564	-0.530662	1.18889	-0.225764	-0.377878	-0.585215	0.234224	0.464623	
-0.196868	0.485558	-0.354677	-0.500023	-0.529539	-0.343002	0.309646	-0.621509	0.272283	-0.698707	-0.392466	0.0691606	0.099979	-0.475286	0.650636	0.41582	0.0433621	-0.330696	-0.10598	-0.390761	-0.378302	-0.400244	1.38295	-0.278715	-0.330977	-0.567759	0.0304067	0.464768	
0.0662666	0.580249	-0.0863648	-0.474284	-0.469773	-0.388751	0.227066	-0.767438	0.17309	-0.636857	-0.167139	-0.182432	-0.0785991	-0.769792	0.455523	0.360037	0.313167	-0.218882	-0.165777	-0.420448	-0.103892	-0.243964	1.37154	-0.326955	-0.314782	-0.582414	-0.100715	0.297779	
0.260443	0.645584	0.0851391	-0.380667	-0.365855	-0.480204	0.270422	-0.90724	0.254757	-0.437118	0.00874847	-0.386628	-0.17286	-0.982873	0.472121	0.163714	0.520791	-0.0883965	-0.21481	-0.266455	0.120101	-0.108724	1.18457	-0.391838	-0.340311	-0.609191	-0.146799	0.0641958	
0.294163	0.686083	0.0770499	-0.263563	-0.299431	-0.606809	0.430453	-1.05622	0.493636	-0.174695	0.103192	-0.497013	-0.0913337	-1.02128	0.753033	-0.120576	0.587797	-0.0482515	-0.279524	0.00169635	0.176269	-0.060381	0.954945	-0.502577	-0.419216	-0.640619	-0.116318	-0.106447	
0.115812	0.700183	-0.137998	-0.201204	-0.321032	-0.755639	0.675836	-1.22654	0.835259	0.0626654	0.119861	-0.522281	0.199224	-0.85593	1.24734	-0.40158	0.4617	-0.1978	-0.377789	0.290453	-0.00536155	-0.152599	0.850876	-0.681632	-0.524157	-0.673002	-0.0327306	-0.103855	
-0.265549	0.687408	-0.525171	-0.264049	-0.444405	-0.913797	0.970277	-1.40877	1.22282	0.219424	0.082352	-0.497216	0.672472	-0.557663	1.8609	-0.578609	0.136143	-0.573538	-0.506561	0.529695	-0.420108	-0.402874	0.986922	-0.924216	-0.632361	-0.709557	0.0805536	0.106265	
-0.779678	0.63993	-0.995896	-0.495503	-0.637675	-1.06556	1.27644	-1.57508	1.60324	0.283946	0.0212371	-0.464854	1.23187	-0.249115	2.47289	-0.584833	-0.344632	-1.13635	-0.643202	0.687761	-0.984845	-0.784208	1.38835	-1.20181	-0.716373	-0.757147	0.20218	0.478389	
-1.31192	0.540717	-1.43553	-0.878701	-0.825424	-1.1872	1.57662	-1.6743	1.96074	0.304751	-0.0489381	-0.465907	1.7027	-0.0579539	2.95902	-0.401727	-0.890135	-1.76258	-0.748064	0.794991	-1.55886	-1.22205	1.94934	-1.45537	-0.755849	-0.813706	0.329491	0.901055	
-1.74714	0.36875	-1.75133	-1.3476	-0.936071	-1.2562	1.85697	-1.65294	2.29102	0.360832	-0.129717	-0.513635	1.94309	-0.0558112	3.25698	-0.0707334	-1.39525	-2.29109	-0.77927	0.915709	-1.99933	-1.62378	2.47993	-1.61741	-0.753966	-0.873932	0.46629	1.2418	
-2.00136	0.105706	-1.89859	-1.80456	-0.91285	-1.26118	2.11499	-1.47677	2.60148	0.524629	-0.237394	-0.605674	1.84986	-0.242522	3.35194	0.325127	-1.76762	-2.57723	-0.702524	1.1156	-2.20553	-1.90446	2.78947	-1.63539	-0.72027	-0.93256	0.627147	1.39482	
-2.04778	-0.232932	-1.89182	-2.14775	-0.754903	-1.20652	2.34252	-1.15039	2.89229	0.826997	-0.390062	-0.723229	1.45337	-0.565658	3.29357	0.680547	-1.95171	-2.54055	-0.506876	1.42812	-2.15442	-2.01519	2.75876	-1.49074	-0.684669	-0.988443	0.806982	1.31505	
-1.91796	-0.614722	-1.7891	-2.31386	-0.503397	-1.11926	2.52702	-0.730082	3.14843	1.23752	-0.591959	-0.853903	0.87801	-0.894664	3.16239	0.905648	-1.943	-2.19898	-0.21473	1.83012	-1.90149	-1.95824	2.39317	-1.21338	-0.672321	-1.04901	0.988787	1.03255	
-1.68021	-0.980053	-1.65925	-2.28345	-0.233452	-1.04072	2.64749	-0.308313	3.33764	1.67818	-0.813278	-0.991334	0.320476	-1.12346	3.03248	0.955437	-1.77674	-1.65849	0.121493	2.24855	-1.55064	-1.77991	1.81766	-0.874627	-0.702855	-1.13093	1.14032	0.627146	
-1.41519	-1.2577	-1.55349	-2.09838	-0.0232151	-1.01837	2.6905	0.00699545	3.43395	2.05409	-1.00488	-1.14192	-0.0248306	-1.21	2.97564	0.835992	-1.51719	-1.07784	0.430584	2.58844	-1.21541	-1.55541	1.22748	-0.569927	-0.759505	-1.25046	1.21849	0.197975	
-1.18578	-1.39989	-1.48477	-1.83737	0.0758659	-1.08504	2.66387	0.13221	3.4413	2.30108	-1.10925	-1.31347	-0.0613664	-1.17476	3.0126	0.611965	-1.23578	-0.610478	0.646159	2.7802	-0.976848	-1.35861	0.811135	-0.383196	-0.829287	-1.41992	1.19932	-0.173127	
-1.0252	-1.39568	-1.42987	-1.59611	0.0518044	-1.24499	2.59314	0.0424962	3.40027	2.42382	-1.0837	-1.50699	0.217647	-1.09017	3.13266	0.37966	-0.997886	-0.350559	0.722879	2.81728	-0.862557	-1.24163	0.655276	-0.358429	-0.882388	-1.63906	1.07822	-0.446514	
-0.939154	-1.2936	-1.35599	-1.4592	-0.0638546	-1.47033	2.534	-0.217434	3.39417	2.50319	-0.930513	-1.7139	0.676663	-1.03479	3.31159	0.241337	-0.853434	-0.310529	0.661836	2.77096	-0.852264	-1.22303	0.730141	-0.485194	-0.902438	-1.89379	0.888031	-0.625236	
-0.916141	-1.17975	-1.24685	-1.48073	-0.21766	-1.70375	2.55212	-0.538935	3.53146	2.67193	-0.700692	-1.92116	1.12418	-1.07316	3.51137	0.277328	-0.83194	-0.423948	0.510545	2.77476	-0.898063	-1.29106	0.899307	-0.698557	-0.888988	-2.15686	0.675689	-0.738712	
-0.946597	-1.16394	-1.12746	-1.67353	-0.354306	-1.88208	2.70772	-0.785273	3.90645	3.06273	-0.487734	-2.12058	1.38241	-1.19874	3.71296	0.519744	-0.947148	-0.578526	0.352438	2.97582	-0.95913	-1.41634	0.98392	-0.900022	-0.87045	-2.39435	0.505154	-0.826581	
-1.02662	-1.32551	-1.05517	-2.00519	-0.44023	-1.95563	3.02312	-0.839786	4.54743	3.73796	-0.388471	-2.30443	1.34206	-1.35655	3.90281	0.942501	-1.19137	-0.666044	0.282835	3.46727	-1.01895	-1.56469	0.855208	-0.994503	-0.891892	-2.58985	0.425457	-0.914369	
-1.15787	-1.67897	-1.10401	-2.41227	-0.473822	-1.90524	3.47169	-0.640065	5.40364	4.65475	-0.47932	-2.47781	1.01532	-1.47192	4.06552	1.4743	-1.53756	-0.617758	0.37665	4.24845	-1.09059	-1.70934	0.478528	-0.917546	-0.981674	-2.73113	0.454876	-1.00455	
-1.33375	-2.17234	-1.3135	-2.80907	-0.475424	-1.74474	3.97345	-0.20511	6.33181	5.65711	-0.780316	-2.64896	0.499254	-1.46756	4.19209	2.01354	-1.93144	-0.427226	0.664419	5.20055	-1.19586	-1.8313	-0.0616442	-0.657841	-1.17231	-2.81778	0.568799	-1.08021	
-1.52625	-2.68542	-1.66785	-3.10846	-0.469907	-1.51512	4.40225	0.376945	7.11315	6.5074	-1.23628	-2.81923	-0.0447518	-1.31244	4.24401	2.4523	-2.29896	-0.141003	1.1142	6.1078	-1.34134	-1.91554	-0.605932	-0.257751	-1.44381	-2.85523	0.720869	-1.11813	
-1.68371	-3.0731	-2.07758	-3.23464	-0.471011	-1.26504	4.61836	0.975602	7.50682	6.95506	-1.73641	-2.97014	-0.484219	-1.04059	4.16226	2.70864	-2.55273	0.167541	1.64116	6.71199	-1.49948	-1.943	-0.980795	0.203266	-1.72986	-2.83935	0.854164	-1.09669	
-1.73757	-3.21167	-2.40204	-3.14768	-0.473399	-1.02939	4.49741	1.46336	7.30907	6.80861	-2.14471	-3.06251	-0.737922	-0.718609	3.88584	2.74008	-2.61335	0.433164	2.13148	6.78693	-1.60563	-1.89018	-1.07049	0.637691	-1.9474	-2.75794	0.908543	-1.00161	
-1.62358	-3.04202	-2.50023	-2.84093	-0.456821	-0.814493	3.96393	1.76242	6.40852	6.00029	-2.34448	-3.04626	-0.798098	-0.408735	3.34979	2.55262	-2.42999	0.629666	2.47495	6.20634	-1.57979	-1.72896	-0.866512	0.983534	-2.02197	-2.5838	0.852428	-0.825286	
-1.3044	-2.58285	-2.27207	-2.34948	-0.387738	-0.601019	3.00792	1.85485	4.80889	4.59812	-2.27073	-2.87573	-0.724151	-0.146638	2.51496	2.19249	-1.99416	0.771139	2.59845	4.97325	-1.35161	-1.43904	-0.455819	1.21335	-1.8934	-2.29504	0.680771	-0.565846	
-0.788156	-1.92066	-1.71245	-1.74321	-0.246189	-0.3551	1.69865	1.78999	2.64639	2.79495	-1.93545	-2.52487	-0.604536	0.0739144	1.38784	1.72902	-1.35016	0.905672	2.48929	3.23189	-0.899605	-1.02164	0.0147062	1.34404	-1.55824	-1.87573	0.421562	-0.22724	
-0.130177	-1.18121	-0.906152	-1.10661	-0.0352401	-0.048778	0.169707	1.64677	0.162671	0.848026	-1.41617	-2.01491	-0.488574	0.296696	0.0353989	1.23093	-0.580712	1.08243	2.1897	1.21924	-0.262337	-0.503078	0.404683	1.41621	-1.07337	-1.33797	0.111527	0.177411	
0.578322	-0.482011	-0.00962202	-0.521243	0.222329	0.31964	-1.40711	1.50437	-2.355	-0.98944	-0.823715	-1.40301	-0.400433	0.565131	-1.41855	0.749383	0.207783	1.33329	1.78567	-0.790159	0.466819	0.0629456	0.630892	1.4745	-0.529264	-0.728743	-0.203424	0.620412	
1.23758	0.101193	0.807627	-0.0401704	0.48896	0.72215	-2.84947	1.40951	-4.61925	-2.52272	-0.274433	-0.777753	-0.336825	0.900512	-2.82183	0.306431	0.918048	1.65313	1.37129	-2.54818	1.1681	0.611378	0.68518	1.5465	-0.018134	-0.116396	-0.479953	1.0564	
1.7683	0.537398	1.41943	0.323195	0.729987	1.10953	-4.0051	1.36242	-6.40171	-3.64786	0.146852	-0.230516	-0.271737	1.28437	-4.01526	-0.0967227	1.48451	2.00434	1.02016	-3.88051	1.7368	1.0827	0.61121	1.63128	0.38567	0.428363	-0.69312	1.42483	
2.13097	0.850983	1.77555	0.595832	0.925284	1.42729	-4.76856	1.33004	-7.55975	-4.34785	0.411106	0.176544	-0.213604	1.63963	-4.8595	-0.47541	1.88361	2.33309	0.768536	-4.70516	2.1106	1.44013	0.467728	1.70689	0.644789	0.848806	-0.828727	1.65767	
2.32903	1.08452	1.91127	0.828981	1.07045	1.63526	-5.10895	1.25807	-8.06946	-4.68411	0.540938	0.417135	-0.185062	1.8822	-5.28968	-0.842028	2.13073	2.57896	0.602524	-5.04353	2.2864	1.67753	0.305515	1.73414	0.78222	1.12052	-0.881156	1.70917	
2.39863	1.27922	1.91548	1.07467	1.16801	1.72723	-5.06754	1.11072	-8.00367	-4.74645	0.584673	0.525064	-0.249008	1.96391	-5.30918	-1.19599	2.2643	2.70753	0.483467	-4.98252	2.30857	1.8179	0.12651	1.68642	0.840344	1.26546	-0.870423	1.57306	
2.39155	1.4596	1.88282	1.36711	1.216	1.73063	-4.74508	0.883942	-7.51181	-4.63255	0.593415	0.554913	-0.434927	1.89693	-4.99577	-1.52178	2.33002	2.71125	0.360381	-4.65387	2.2458	1.90449	-0.0921782	1.5581	0.850664	1.32949	-0.826043	1.29207	
2.35429	1.6287	1.87385	1.71027	1.20713	1.69481	-4.27953	0.608373	-6.78725	-4.42739	0.599936	0.583163	-0.750199	1.74117	-4.48848	-1.79357	2.36459	2.61428	0.199192	-4.1979	2.16332	1.98137	-0.37706	1.37238	0.841509	1.3783	-0.788709	0.947847	
2.31895	1.78307	1.89899	2.07434	1.12746	1.67049	-3.80949	0.335366	-6.01909	-4.19333	0.602285	0.669087	-1.14114	1.59847	-3.9392	-1.99552	2.39007	2.45956	-0.00653239	-3.73709	2.10155	2.08054	-0.728381	1.17231	0.808266	1.46239	-0.80006	0.62757	
2.30342	1.91564	1.93006	2.41878	0.963101	1.69127	-3.44887	0.111119	-5.36234	-3.97878	0.580737	0.833376	-1.49446	1.57303	-3.48891	-2.13331	2.41935	2.29855	-0.240738	-3.36507	2.07491	2.2175	-1.10975	1.00474	0.727443	1.60319	-0.890734	0.399469	
2.31681	2.03986	1.92489	2.70209	0.730478	1.75886	-3.25366	-0.0429184	-4.9025	-3.81735	0.515467	1.06211	-1.70043	1.69208	-3.22088	-2.2387	2.4636	2.18012	-0.468713	-3.13171	2.08047	2.38725	-1.45637	0.904641	0.58256	1.78272	-1.06785	0.27612	
2.3666	2.169	1.86714	2.90887	0.47523	1.84464	-3.22166	-0.144379	-4.66301	-3.73398	0.400493	1.30508	-1.67639	1.91902	-3.15357	-2.36506	2.53708	2.13715	-0.667393	-3.05122	2.11597	2.57444	-1.70113	0.876488	0.399053	1.95534	-1.30008	0.214984	
2.46411	2.31731	1.7895	3.05127	0.278413	1.90797	-3.29362	-0.239957	-4.59536	-3.73239	0.255171	1.51091	-1.42604	2.16562	-3.24762	-2.57039	2.65782	2.189	-0.829347	-3.0964	2.19197	2.76235	-1.82771	0.898759	0.23095	2.0762	-1.52187	0.128138	
2.61799	2.48157	1.75692	3.16342	0.221993	1.90914	-3.37802	-0.387223	-4.60848	-3.79003	0.129939	1.63317	-1.01445	2.29305	-3.40391	-2.87933	2.83837	2.33283	-0.972599	-3.21103	2.32628	2.93691	-1.87099	0.92563	0.149885	2.10487	-1.64961	-0.0797587	
2.82439	2.63756	1.84701	3.28157	0.365493	1.82878	-3.38369	-0.633758	-4.59899	-3.86754	0.0841064	1.65767	-0.577527	2.19441	-3.51643	-3.28397	3.07513	2.53973	-1.13364	-3.32923	2.53504	3.08704	-1.90476	0.90461	0.23854	2.03957	-1.61811	-0.462872	
3.05711	2.74985	2.09233	3.42451	0.708236	1.67537	-3.25418	-0.993186	-4.4874	-3.9092	0.155473	1.59994	-0.246119	1.84443	-3.51195	-3.72158	3.33676	2.75615	-1.34575	-3.39089	2.80769	3.20158	-2.00464	0.793073	0.527495	1.91251	-1.40075	-1.00334	
3.26692	2.78667	2.46246	3.58594	1.17101	1.48032	-2.98084	-1.43614	-4.23172	-3.8582	0.348804	1.50485	-0.121836	1.31041	-3.36685	-4.09644	3.56888	2.91559	-1.62692	-3.35535	3.0985	3.26924	-2.20636	0.574147	0.974584	1.77976	-1.03412	-1.60371	
3.38911	2.74017	2.85295	3.72645	1.61912	1.28303	-2.60237	-1.90247	-3.83888	-3.67661	0.618617	1.4252	-0.21945	0.720532	-3.10615	-4.30549	3.7038	2.94432	-1.96037	-3.20889	3.32544	3.27117	-2.4714	0.260222	1.46764	1.7006	-0.606654	-2.12001	
3.36305	2.6303	3.12195	3.79894	1.89004	1.11565	-2.19083	-2.31613	-3.35281	-3.34623	0.889131	1.40864	-0.482753	0.215539	-2.78877	-4.26956	3.68238	2.78392	-2.30217	-2.96089	3.39518	3.18905	-2.69923	-0.111041	1.86424	1.71391	-0.249554	-2.4086	
3.1503	2.50607	3.14182	3.75571	1.85627	0.991335	-1.81977	-2.60878	-2.83164	-2.88374	1.06482	1.47739	-0.809369	-0.0608453	-2.49214	-3.96469	3.47201	2.40467	-2.58983	-2.63819	3.23297	3.00812	-2.76211	-0.489488	2.0176	1.82513	-0.078618	-2.37103	
2.75077	2.41998	2.83456	3.57841	1.46774	0.897415	-1.53743	-2.73804	-2.32726	-2.32302	1.07746	1.62345	-1.0769	-0.0800982	-2.26199	-3.42226	3.08126	1.82064	-2.7618	-2.26768	2.81003	2.72446	-2.55387	-0.826769	1.84381	1.99425	-0.15869	-2.00398	
2.20538	2.40189	2.2298	3.27623	0.787153	0.807157	-1.34853	-2.69472	-1.86104	-1.70556	0.902046	1.81481	-1.2308	0.111872	-2.11552	-2.7329	2.55938	1.09255	-2.77977	-1.86443	2.16773	2.35019	-2.04912	-1.08603	1.36811	2.16024	-0.486307	-1.39366	
1.58145	2.44218	1.432	2.88286	-0.0361397	0.689295	-1.21452	-2.4984	-1.42385	-1.06519	0.563898	1.99258	-1.2507	0.409847	-2.02494	-2.00175	1.97373	0.313501	-2.63184	-1.42376	1.39966	1.90867	-1.32305	-1.25049	0.692403	2.25194	-0.963573	-0.694374	
0.954651	2.48488	0.601867	2.44361	-0.809509	0.523917	-1.06952	-2.18565	-0.984145	-0.421178	0.142033	2.09959	-1.19801	0.674677	-1.9321	-1.32916	1.3946	-0.412172	-2.33855	-0.929008	0.630245	1.43147	-0.520063	-1.32102	-0.0229723	2.21274	-1.44815	-0.0729807	
0.38643	2.44464	-0.11095	1.99224	-1.35734	0.310814	-0.8535	-1.79986	-0.511098	0.210793	-0.273749	2.07779	-1.13922	0.80742	-1.78563	-0.778858	0.872192	-1.00022	-1.94041	-0.367785	-0.0274313	0.94893	0.195509	-1.31272	-0.605149	2.02221	-1.79774	0.350843	
-0.0865299	2.25221	-0.61359	1.55612	-1.57881	0.0728505	-0.537928	-1.3778	0.00330766	0.820125	-0.60411	1.90088	-1.1465	0.755989	-1.55575	-0.365364	0.427716	-1.40102	-1.48514	0.252472	-0.501157	0.489249	0.699992	-1.24258	-0.944793	1.70301	-1.92371	0.529013	
-0.459721	1.88416	-0.891386	1.13669	-1.48767	-0.152276	-0.142762	-0.946984	0.536414	1.38202	-0.816649	1.57695	-1.24418	0.55829	-1.27735	-0.0588764	0.0530514	-1.61491	-1.01624	0.894745	-0.78176	0.0726065	0.960784	-1.12714	-1.02325	1.31628	-1.82049	0.512102	
-0.746494	1.37669	-1.00876	0.735914	-1.19259	-0.324057	0.273315	-0.524917	1.03463	1.86366	-0.927877	1.14967	-1.40507	0.275981	-0.990033	0.189699	-0.273167	-1.67453	-0.561928	1.49958	-0.913646	-0.284312	1.03082	-0.973949	-0.919903	0.93897	-1.56202	0.400659	
-0.963628	0.82705	-1.05329	0.362342	-0.850797	-0.408207	0.626441	-0.127995	1.42818	2.22592	-0.991139	0.693123	-1.58806	-0.00551345	-0.772967	0.421478	-0.566652	-1.63296	-0.143181	1.99146	-0.964616	-0.566443	1.02433	-0.786727	-0.757326	0.647102	-1.27997	0.31436	
-1.1245	0.362519	-1.11782	0.034918	-0.617179	-0.391862	0.847124	0.231844	1.67076	2.43948	-1.08008	0.292024	-1.73396	-0.206948	-0.688895	0.665571	-0.833293	-1.5413	0.227086	2.31431	-1.00527	-0.763259	1.04925	-0.569118	-0.669445	0.489676	-1.09857	0.34231	
-1.23281	0.0928296	-1.25232	-0.217904	-0.580268	-0.282273	0.898384	0.537416	1.7337	2.48778	-1.24761	0.0272704	-1.82225	-0.288807	-0.745609	0.921043	-1.06289	-1.43819	0.531214	2.431	-1.07812	-0.869752	1.17926	-0.331571	-0.744735	0.479501	-1.09407	0.514553	
-1.28575	0.0637516	-1.45104	-0.375599	-0.740638	-0.108522	0.80011	0.770362	1.64875	2.38893	-1.50138	-0.0579107	-1.84999	-0.255399	-0.924009	1.165	-1.23577	-1.33767	0.748677	2.35527	-1.18895	-0.891406	1.40999	-0.0927353	-0.986815	0.587788	-1.25867	0.797831	
-1.28604	0.242575	-1.67369	-0.434209	-1.01689	0.0879842	0.62013	0.916977	1.47974	2.18991	-1.80769	0.0335897	-1.84996	-0.134414	-1.12776	1.37109	-1.34195	-1.23553	0.861048	2.13868	-1.315	-0.849351	1.66893	0.122194	-1.3309	0.754171	-1.50133	1.11357	
-1.25091	0.529335	-1.87179	-0.425699	-1.29082	0.260954	0.44896	0.965536	1.31148	1.94938	-2.09278	0.244724	-1.84211	0.0400305	-1.26524	1.52188	-1.39057	-1.13467	0.855784	1.85188	-1.42606	-0.782007	1.87952	0.281043	-1.66712	0.902746	-1.69266	1.38052	
-1.21109	0.780358	-2.0223	-0.403059	-1.4515	0.371351	0.374274	0.919482	1.22616	1.73326	-2.27676	0.479337	-1.83656	0.239455	-1.23465	1.6156	-1.41052	-1.04066	0.739885	1.57513	-1.5026	-0.734825	1.97955	0.360068	-1.8923	0.968787	-1.71918	1.54075	
-1.20282	0.869892	-2.12937	-0.429493	-1.43703	0.394395	0.445748	0.785886	1.26842	1.58713	-2.30385	0.630419	-1.80105	0.426446	-0.98343	1.67308	-1.44265	-0.9765	0.537361	1.35957	-1.54374	-0.749863	1.97494	0.344137	-1.942	0.912282	-1.52627	1.57608	
-1.25692	0.730162	-2.22163	-0.555822	-1.26304	0.320735	0.670514	0.58399	1.45281	1.53867	-2.1624	0.612589	-1.68294	0.56894	-0.511528	1.71919	-1.52571	-0.968829	0.290634	1.2384	-1.56954	-0.851718	1.92094	0.236875	-1.81951	0.720882	-1.13846	1.50957	
-1.38149	0.372893	-2.3308	-0.794357	-0.996375	0.164928	1.00058	0.33906	1.73357	1.57873	-1.89355	0.391386	-1.44565	0.63838	0.141295	1.77262	-1.67631	-1.03695	0.0473817	1.20309	-1.60082	-1.03676	1.90111	0.0592615	-1.57513	0.421726	-0.656417	1.39193	
-1.55464	-0.114833	-2.46083	-1.11144	-0.72933	-0.0437807	1.36337	0.0808784	2.05117	1.68361	-1.57129	-0.00902121	-1.0636	0.588761	0.86489	1.83263	-1.8779	-1.17704	-0.148976	1.23028	-1.64712	-1.27103	1.98282	-0.154017	-1.29771	0.0640038	-0.206821	1.26834	
-1.73438	-0.603336	-2.58713	-1.44005	-0.544973	-0.265727	1.67875	-0.156503	2.33421	1.81931	-1.27903	-0.507768	-0.581931	0.406929	1.55436	1.88725	-2.08996	-1.35972	-0.269453	1.29066	-1.70186	-1.50314	2.1722	-0.362104	-1.05564	-0.295173	0.0956861	1.16996	
-1.87035	-0.96028	-2.65955	-1.70561	-0.483638	-0.458739	1.88456	-0.339865	2.52838	1.95082	-1.07737	-0.995836	-0.0815128	0.0933571	2.09868	1.92146	-2.25877	-1.54007	-0.303809	1.35791	-1.74144	-1.67796	2.42122	-0.527189	-0.899939	-0.603579	0.188824	1.10342	
-1.92397	-1.10387	-2.62875	-1.85201	-0.536508	-0.592698	1.95442	-0.44082	2.59905	2.04823	-0.980144	-1.37189	0.329898	-0.315943	2.42948	1.90747	-2.33906	-1.66406	-0.254487	1.41638	-1.7388	-1.75818	2.64582	-0.622745	-0.844488	-0.832825	0.0966457	1.05739	
-1.88175	-1.02354	-2.47185	-1.86485	-0.656168	-0.652464	1.89922	-0.44014	2.54759	2.09309	-0.968504	-1.57668	0.551568	-0.757086	2.51348	1.83917	-2.31065	-1.69209	-0.130086	1.45987	-1.67699	-1.73378	2.76623	-0.635653	-0.857314	-0.974517	-0.103878	1.01445	
-1.76134	-0.772795	-2.20995	-1.77817	-0.781681	-0.645189	1.75494	-0.335453	2.39417	2.07279	-0.987989	-1.61315	0.547585	-1.15176	2.3664	1.71684	-2.188	-1.61215	0.0606375	1.48313	-1.56112	-1.62468	2.75419	-0.569377	-0.901783	-1.04924	-0.309229	0.960867	
-1.60032	-0.454174	-1.90418	-1.65284	-0.858354	-0.592087	1.56781	-0.140656	2.17051	1.98174	-0.978542	-1.53473	0.322885	-1.42652	2.03641	1.55188	-2.00979	-1.44144	0.311924	1.47955	-1.41405	-1.46994	2.64263	-0.437761	-0.936528	-1.08428	-0.437415	0.894788	
-1.44161	-0.185962	-1.62559	-1.55487	-0.854556	-0.523583	1.3838	0.116658	1.91787	1.82698	-0.911165	-1.4237	-0.0302879	-1.56449	1.59349	1.36192	-1.82696	-1.21312	0.621645	1.44394	-1.26766	-1.31277	2.50906	-0.259863	-0.943444	-1.107	-0.446751	0.815578	
-1.3174	-0.0616777	-1.43838	-1.52514	-0.771937	-0.467845	1.23214	0.395852	1.66638	1.62129	-0.784147	-1.35989	-0.407987	-1.56854	1.13303	1.15902	-1.6833	-0.965606	0.977957	1.3684	-1.14861	-1.18554	2.43842	-0.0567482	-0.912884	-1.14125	-0.351193	0.730908	
-1.23552	-0.118389	-1.36162	-1.5603	-0.6223	-0.437777	1.12648	0.65912	1.44735	1.39211	-0.641389	-1.3898	-0.717517	-1.46985	0.735758	0.952628	-1.59733	-0.723766	1.3552	1.25711	-1.06081	-1.09616	2.46395	0.155305	-0.848028	-1.18711	-0.208773	0.642016	
-1.17885	-0.332394	-1.36562	-1.61241	-0.422435	-0.43265	1.058	0.872376	1.26545	1.16165	-0.537383	-1.50055	-0.877361	-1.3321	0.462663	0.743449	-1.5603	-0.491669	1.71092	1.11191	-0.98425	-1.0337	2.55776	0.36067	-0.761373	-1.23364	-0.075135	0.53901	
-1.11588	-0.634235	-1.38648	-1.61628	-0.195224	-0.431758	1.01106	1.01732	1.12715	0.956477	-0.523713	-1.63444	-0.886104	-1.18607	0.343508	0.541079	-1.53812	-0.257878	1.98958	0.949048	-0.885929	-0.972168	2.62059	0.549842	-0.658896	-1.25231	0.00322397	0.416099	
-1.01601	-0.921202	-1.35299	-1.51587	0.0456926	-0.412577	0.963396	1.08457	1.02218	0.786473	-0.619171	-1.71489	-0.752615	-1.04729	0.379207	0.353315	-1.49189	-0.00900745	2.1357	0.777486	-0.733733	-0.887748	2.53293	0.710533	-0.540405	-1.22452	0.0194485	0.266449	
-0.862025	-1.10025	-1.21935	-1.28417	0.282765	-0.353598	0.895688	1.07616	0.92811	0.641779	-0.793304	-1.67567	-0.529366	-0.912677	0.52688	0.193876	-1.38759	0.258598	2.1103	0.599503	-0.513857	-0.766747	2.21315	0.831066	-0.420647	-1.13268	0.00780638	0.0959052	
-0.66085	-1.11685	-0.982802	-0.946987	0.497714	-0.251089	0.802493	0.999534	0.830118	0.502819	-0.993224	-1.49635	-0.2603	-0.763536	0.731868	0.0758189	-1.21583	0.530179	1.90922	0.415914	-0.241894	-0.615193	1.65247	0.899115	-0.300486	-0.977887	0.0192891	-0.0838127	
-0.439801	-0.967877	-0.692598	-0.568821	0.659259	-0.11879	0.684199	0.86376	0.716315	0.348123	-1.1391	-1.20731	0.0331344	-0.59231	0.943595	0.0189877	-0.991564	0.771262	1.5636	0.223776	0.0387642	-0.452905	0.933382	0.905592	-0.1994	-0.779942	0.086531	-0.251354	
-0.236626	-0.709894	-0.415375	-0.231021	0.743659	0.0140548	0.563726	0.677327	0.595016	0.169098	-1.1673	-0.888636	0.339722	-0.417004	1.13026	0.0208811	-0.748526	0.94039	1.13636	0.0321544	0.273919	-0.305672	0.19979	0.845674	-0.12784	-0.571132	0.234075	-0.392584	
-0.0839598	-0.438185	-0.21234	-0.00160222	0.744505	0.109012	0.47249	0.451498	0.490317	-0.0208951	-1.05034	-0.629786	0.657727	-0.298716	1.28356	0.0694487	-0.528989	1.00637	0.708937	-0.138709	0.41959	-0.19677	-0.391281	0.722499	-0.0777383	-0.394223	0.452748	-0.507383	
-0.00343941	-0.267468	-0.117653	0.0814289	0.669345	0.139565	0.446933	0.206097	0.439366	-0.185777	-0.803646	-0.506368	0.966876	-0.29195	1.43457	0.141967	-0.369352	0.962518	0.357332	-0.252381	0.4538	-0.139185	-0.729764	0.551937	-0.0457047	-0.282563	0.710264	-0.598055	
0.00212961	-0.274899	-0.126091	0.0236912	0.552584	0.0903029	0.515237	-0.0348957	0.480846	-0.278278	-0.489639	-0.552339	1.23969	-0.427501	1.61697	0.202027	-0.291748	0.827584	0.13536	-0.271653	0.386575	-0.134137	-0.784973	0.355923	-0.0016071	-0.268093	0.963549	-0.675142	
-0.0541857	-0.48582	-0.193236	-0.127986	0.443314	-0.0256395	0.679195	-0.23563	0.622569	-0.264084	-0.180843	-0.742357	1.42776	-0.701993	1.84319	0.229828	-0.298072	0.646143	0.0627896	-0.174792	0.254153	-0.172849	-0.617329	0.165912	0.0676498	-0.351766	1.18474	-0.744312	
-0.150356	-0.857531	-0.264115	-0.312926	0.390805	-0.177491	0.917947	-0.362631	0.847461	-0.13614	0.0494675	-1.00565	1.48449	-1.05437	2.09964	0.2051	-0.372176	0.47091	0.126662	0.0322385	0.105467	-0.243268	-0.341225	0.0125721	0.172895	-0.516708	1.36299	-0.802056	
-0.262193	-1.28175	-0.302325	-0.477104	0.420176	-0.323601	1.17401	-0.38873	1.0966	0.0743894	0.157741	-1.25368	1.39068	-1.3829	2.33644	0.136599	-0.484933	0.343699	0.288637	0.30381	-0.0174557	-0.331477	-0.0765672	-0.0773827	0.306315	-0.726824	1.48612	-0.828344	
-0.371077	-1.63109	-0.290062	-0.584053	0.532649	-0.423523	1.38192	-0.306839	1.29117	0.299168	0.142042	-1.41647	1.17863	-1.59689	2.47965	0.0368467	-0.604407	0.286012	0.500115	0.566073	-0.0905653	-0.425527	0.0966567	-0.0890799	0.425859	-0.9279	1.56934	-0.805101	
-0.463009	-1.78847	-0.245044	-0.62744	0.698523	-0.454312	1.47439	-0.133476	1.35184	0.460613	0.034256	-1.4552	0.914276	-1.63305	2.44899	-0.0688319	-0.701244	0.294146	0.718601	0.739353	-0.112608	-0.514071	0.159299	-0.023733	0.505203	-1.07062	1.61626	-0.72515	
-0.532553	-1.70349	-0.200497	-0.624056	0.866059	-0.410349	1.41202	0.0990339	1.23527	0.503597	-0.109601	-1.38017	0.700773	-1.48744	2.21786	-0.149923	-0.757632	0.348754	0.916603	0.77134	-0.102077	-0.586343	0.133667	0.106577	0.503899	-1.11677	1.62417	-0.593888	
-0.577983	-1.40335	-0.187825	-0.598315	0.986366	-0.310282	1.1998	0.342785	0.954032	0.417306	-0.2359	-1.23108	0.635822	-1.21815	1.81374	-0.190218	-0.768429	0.421087	1.08193	0.657798	-0.0840295	-0.631645	0.0673556	0.274646	0.414276	-1.05577	1.58896	-0.443339	
-0.602646	-0.998344	-0.221889	-0.573243	1.02782	-0.183526	0.888238	0.557034	0.574677	0.24315	-0.306599	-1.07396	0.765101	-0.912394	1.32514	-0.171268	-0.744397	0.487333	1.21613	0.451043	-0.0833671	-0.643827	-0.00945001	0.448669	0.270503	-0.906516	1.51894	-0.315426	
-0.612938	-0.635338	-0.291064	-0.562133	0.993808	-0.0635397	0.56347	0.711733	0.210132	0.0623159	-0.309013	-0.954352	1.07874	-0.665656	0.881631	-0.100386	-0.704367	0.535652	1.32442	0.244416	-0.11097	-0.62295	-0.0993442	0.596605	0.118458	-0.710071	1.4263	-0.253401	
-0.616973	-0.44227	-0.371801	-0.567923	0.899943	0.0218448	0.305747	0.79654	-0.0396555	-0.0449296	-0.257216	-0.8945	1.50893	-0.519287	0.602611	0.011627	-0.669241	0.560848	1.40723	0.128288	-0.168148	-0.577464	-0.224033	0.693402	0.0281943	-0.529602	1.32773	-0.272231	
-0.621856	-0.48627	-0.427278	-0.576361	0.783668	0.0624694	0.176057	0.820846	-0.108585	-0.0292091	-0.17787	-0.888003	1.94218	-0.468623	0.548792	0.136059	-0.653888	0.566151	1.45944	0.158091	-0.243259	-0.52027	-0.411892	0.727219	0.0350921	-0.415054	1.25407	-0.358462	
-0.628757	-0.732146	-0.431515	-0.571025	0.679718	0.0578801	0.181486	0.798401	-0.00953966	0.09684	-0.0921458	-0.897875	2.2675	-0.472436	0.701525	0.235119	-0.657157	0.550666	1.4666	0.320103	-0.317166	-0.466312	-0.658727	0.694757	0.163441	-0.399045	1.22813	-0.479363	
-0.630936	-1.06254	-0.374954	-0.53286	0.60154	0.0228146	0.280614	0.747128	0.188018	0.269371	-0.0163282	-0.883968	2.4086	-0.466004	0.973405	0.27583	-0.660245	0.513718	1.41564	0.54262	-0.370233	-0.421919	-0.932065	0.607896	0.383769	-0.482591	1.24622	-0.585822	
-0.612035	-1.31528	-0.256299	-0.444618	0.553945	-0.0263793	0.396536	0.670424	0.368685	0.385849	0.0521826	-0.81056	2.35147	-0.414854	1.22852	0.222466	-0.629293	0.451212	1.29425	0.712542	-0.381487	-0.381675	-1.16357	0.481845	0.638864	-0.626557	1.28622	-0.645465	
-0.552831	-1.34856	-0.0903554	-0.294766	0.515993	-0.0763361	0.445701	0.562597	0.41631	0.354784	0.127072	-0.666908	2.14566	-0.317446	1.33449	0.0699284	-0.528459	0.35929	1.10154	0.72384	-0.340905	-0.331111	-1.28503	0.332645	0.866954	-0.777207	1.32415	-0.648072	
-0.434217	-1.08514	0.11027	-0.0728916	0.469067	-0.117629	0.371	0.41375	0.270752	0.137855	0.21783	-0.452665	1.8767	-0.22298	1.21652	-0.166331	-0.328364	0.246315	0.84795	0.527318	-0.241481	-0.247179	-1.27275	0.175595	1.00572	-0.865683	1.31584	-0.616083	
-0.25257	-0.556355	0.33058	0.217856	0.39254	-0.149955	0.167882	0.21944	-0.0512867	-0.231033	0.327716	-0.184505	1.63854	-0.200648	0.897652	-0.437387	-0.0251219	0.125598	0.554981	0.154662	-0.0916199	-0.115778	-1.15742	0.0213626	1.02277	-0.842504	1.23933	-0.586469	
-0.0266937	0.0980506	0.549577	0.567032	0.277367	-0.170418	-0.114398	-0.00340917	-0.451946	-0.644687	0.437916	0.11481	1.48897	-0.281088	0.475634	-0.666943	0.350309	0.0172867	0.257158	-0.280961	0.0830382	0.0624043	-1.03159	-0.119804	0.909062	-0.686379	1.09376	-0.593692	
0.202597	0.696547	0.746084	0.943059	0.128093	-0.181336	-0.393729	-0.222282	-0.795879	-0.967506	0.521902	0.42424	1.43721	-0.455095	0.100609	-0.776552	0.739136	-0.0656344	-0.0117684	-0.630273	0.244217	0.263312	-1.00713	-0.242222	0.697413	-0.413086	0.899638	-0.650852	
0.379938	1.07444	0.887479	1.30434	-0.0521441	-0.177288	-0.587822	-0.388698	-0.957009	-1.08161	0.546979	0.731015	1.4505	-0.640788	-0.0923456	-0.70636	1.06545	-0.118867	-0.219559	-0.760141	0.345958	0.447277	-1.1792	-0.336285	0.420298	-0.0698036	0.694731	-0.730749	
