-0.214816	-0.290869	-0.451154	-0.252994	0.12535	-0.456849	0.0464769	-0.109949	0.474345	0.243961	-0.155992	0.0125174	0.567489	0.326758	0.551588	-0.132977	-0.473606	-0.333776	0.36666	0.500588	-0.446881	-0.370824	0.788754	0.0561144	0.302442	-0.57604	0.34541	-0.441728	
-0.0986429	0.130189	-0.467047	-0.0765503	-0.138138	-0.629229	0.0355977	-0.12233	0.542684	0.212484	-0.563455	0.0832732	0.457831	0.343072	0.548491	-0.0380076	-0.252137	-0.236251	0.448675	0.523503	-0.323632	-0.384986	0.942814	0.00338669	-0.11052	-0.510698	0.206924	-0.527304	
0.0316244	0.536182	-0.401143	0.0915562	-0.351926	-0.626623	-0.0752707	-0.0972509	0.402755	0.0848511	-0.743235	0.217916	0.229706	0.309928	0.383068	0.064198	0.0136943	-0.0857008	0.4516	0.365993	-0.149189	-0.303781	0.898481	0.00825808	-0.422191	-0.352991	0.00799965	-0.488517	
0.159388	0.826689	-0.252314	0.218185	-0.449171	-0.470409	-0.259325	-0.0554582	0.0862953	-0.107712	-0.628513	0.389329	-0.0894912	0.261109	0.0875963	0.147825	0.271838	0.0495271	0.360953	0.0684994	0.0474282	-0.16892	0.659555	0.0468891	-0.534355	-0.130076	-0.183815	-0.351557	
0.25836	0.933024	-0.0549255	0.281974	-0.408416	-0.221836	-0.456986	-0.0136102	-0.298845	-0.312085	-0.265082	0.543575	-0.421876	0.228543	-0.24783	0.190324	0.461682	0.106724	0.195258	-0.272354	0.224835	-0.0407633	0.296171	0.0838531	-0.416609	0.11218	-0.312728	-0.172567	
0.301132	0.841442	0.134442	0.268104	-0.259044	0.0240238	-0.593186	0.0169976	-0.609396	-0.465894	0.213452	0.616109	-0.676195	0.241507	-0.510349	0.1875	0.534584	0.0590975	0.0012179	-0.537201	0.342651	0.0163513	-0.0826152	0.0814941	-0.118981	0.337904	-0.345915	-0.0192436	
0.276273	0.587512	0.261915	0.175265	-0.0683829	0.176773	-0.606531	0.0320823	-0.716303	-0.530622	0.645573	0.559594	-0.75182	0.293782	-0.604102	0.139417	0.477838	-0.0712506	-0.160676	-0.6315	0.379955	-0.0331947	-0.34456	0.0187102	0.246494	0.488634	-0.290633	0.0497448	
0.192653	0.243485	0.308187	0.023406	0.0905427	0.188472	-0.475963	0.0291585	-0.566165	-0.511899	0.885612	0.362126	-0.595648	0.357035	-0.493937	0.0488336	0.324245	-0.216096	-0.240291	-0.531097	0.347972	-0.17753	-0.397202	-0.102036	0.55833	0.524597	-0.184853	0.00804823	
0.0834663	-0.100289	0.290433	-0.153429	0.171652	0.0530853	-0.227277	0.00201903	-0.185292	-0.439518	0.886822	0.0511646	-0.226322	0.380428	-0.209622	-0.0799158	0.140957	-0.30617	-0.220012	-0.270874	0.284238	-0.369393	-0.236717	-0.262646	0.726049	0.42051	-0.0674263	-0.135939	
-0.00482176	-0.362662	0.256175	-0.299687	0.165587	-0.178423	0.0702913	-0.0570835	0.309551	-0.376108	0.694943	-0.294366	0.263123	0.324041	0.156509	-0.237122	0.0110153	-0.286326	-0.120048	0.0451678	0.236473	-0.535627	0.0625487	-0.430787	0.721582	0.177336	0.0303498	-0.341649	
-0.0369542	-0.489301	0.25938	-0.367163	0.0953809	-0.435723	0.328063	-0.152202	0.764299	-0.366333	0.4289	-0.578102	0.734958	0.185662	0.49094	-0.395979	-0.00311498	-0.148226	0.00683074	0.302417	0.239892	-0.616781	0.371774	-0.578387	0.585241	-0.172393	0.093394	-0.54649	
-0.00197847	-0.473659	0.329639	-0.32456	0.00367205	-0.637845	0.474028	-0.269173	1.05176	-0.40988	0.217892	-0.726243	1.03013	-0.0231471	0.703575	-0.511795	0.112021	0.0607625	0.102176	0.428392	0.29858	-0.581634	0.555719	-0.679727	0.397938	-0.565222	0.125852	-0.6873	
0.0769264	-0.340159	0.449718	-0.180573	-0.0680272	-0.73428	0.476729	-0.378111	1.10783	-0.460563	0.140064	-0.700791	1.03456	-0.244836	0.75698	-0.536076	0.310917	0.2624	0.125543	0.41546	0.380071	-0.448924	0.510895	-0.720982	0.247273	-0.913832	0.148577	-0.716819	
0.148302	-0.137457	0.558856	0.0202205	-0.107032	-0.707709	0.354115	-0.429407	0.960774	-0.434247	0.201063	-0.521112	0.730418	-0.423668	0.670839	-0.420294	0.503957	0.371873	0.074583	0.330245	0.425578	-0.27266	0.219369	-0.694394	0.168264	-1.14408	0.168008	-0.614426	
0.150931	0.0713714	0.585417	0.211335	-0.12223	-0.579872	0.166842	-0.376896	0.705306	-0.258758	0.304627	-0.258433	0.190592	-0.512873	0.504566	-0.14946	0.59259	0.348167	-0.0106946	0.272765	0.380716	-0.121476	-0.243083	-0.599685	0.158351	-1.19293	0.178621	-0.395829	
0.0402245	0.230091	0.466226	0.306771	-0.135164	-0.402909	-0.00310081	-0.194846	0.472246	0.115052	0.334692	-0.0128679	-0.444922	-0.494703	0.337244	0.254177	0.500519	0.201644	-0.0666464	0.350894	0.214704	-0.0589002	-0.741888	-0.446868	0.159828	-1.05278	0.177725	-0.10647	
-0.195256	0.297098	0.178889	0.255791	-0.16808	-0.228571	-0.085724	0.106853	0.361272	0.661959	0.189623	0.129035	-0.997691	-0.395348	0.2201	0.72662	0.206481	-0.00282304	-0.0315169	0.610543	-0.0640799	-0.111604	-1.10387	-0.249995	0.101974	-0.760267	0.15838	0.190182	
-0.521043	0.256384	-0.233272	0.0459024	-0.22311	-0.105217	-0.0478419	0.472606	0.404117	1.27851	-0.156312	0.125512	-1.31005	-0.255395	0.172032	1.16631	-0.24216	-0.174531	0.123725	1.01383	-0.399543	-0.266957	-1.18898	-0.0344715	-0.0609068	-0.39717	0.126259	0.431737	
-0.867268	0.115903	-0.675056	-0.270759	-0.275216	-0.0477808	0.102545	0.818966	0.556858	1.82256	-0.631645	-0.0150728	-1.31747	-0.14262	0.169449	1.4716	-0.743571	-0.245632	0.381566	1.45442	-0.707861	-0.471028	-0.950984	0.172143	-0.326966	-0.0566458	0.108435	0.571107	
-1.15017	-0.0912272	-1.02912	-0.601396	-0.283054	-0.0577923	0.319607	1.04761	0.714678	2.13714	-1.10674	-0.230979	-1.03385	-0.0933298	0.173383	1.55907	-1.17031	-0.182509	0.678679	1.78111	-0.902604	-0.659788	-0.44499	0.334308	-0.630882	0.194844	0.143532	0.584748	
-1.29862	-0.315091	-1.19191	-0.842607	-0.21228	-0.11633	0.539873	1.08575	0.759515	2.1122	-1.42123	-0.431201	-0.544868	-0.125799	0.150893	1.39917	-1.41346	-0.00862375	0.928393	1.85614	-0.925246	-0.774007	0.199498	0.424607	-0.87996	0.305392	0.258195	0.481576	
-1.27787	-0.503974	-1.11339	-0.904585	-0.0494599	-0.193605	0.704958	0.906425	0.611544	1.7145	-1.47676	-0.548629	0.012761	-0.22859	0.0851781	1.02016	-1.40941	0.214374	1.0522	1.60603	-0.761815	-0.773917	0.826855	0.431226	-0.967508	0.28318	0.446907	0.293165	
-1.09677	-0.611743	-0.815508	-0.768324	0.185318	-0.261313	0.78059	0.543522	0.262458	1.01234	-1.26335	-0.544768	0.498407	-0.359223	-0.0069857	0.505359	-1.16358	0.410046	1.01023	1.0536	-0.44914	-0.656099	1.29975	0.364258	-0.846587	0.168148	0.677233	0.0720888	
-0.807118	-0.611166	-0.378845	-0.466237	0.441847	-0.287649	0.760855	0.0838286	-0.228334	0.145988	-0.861765	-0.436936	0.81693	-0.472324	-0.102002	-0.0334677	-0.743375	0.513887	0.812998	0.303621	-0.0603174	-0.43829	1.53567	0.257604	-0.530684	0.028946	0.880011	-0.123716	
-0.481971	-0.507876	0.0805441	-0.0880319	0.655302	-0.252266	0.66309	-0.364211	-0.743419	-0.712723	-0.415143	-0.277058	0.929511	-0.516392	-0.174808	-0.490424	-0.253406	0.504626	0.51697	-0.486339	0.319115	-0.159912	1.53806	0.151828	-0.0985517	-0.0656663	0.975224	-0.246114	
-0.188662	-0.327568	0.44633	0.259175	0.768022	-0.138349	0.521531	-0.694863	-1.1562	-1.3963	-0.065416	-0.131185	0.82635	-0.461057	-0.214911	-0.782898	0.194274	0.397665	0.205504	-1.15047	0.613019	0.138117	1.35859	0.0901748	0.3173	-0.072291	0.908994	-0.264905	
0.0223922	-0.116864	0.63516	0.485593	0.749763	0.0563804	0.367848	-0.844646	-1.36791	-1.79565	0.0949288	-0.0459474	0.559197	-0.297663	-0.228246	-0.879435	0.510408	0.241067	-0.0453714	-1.56729	0.773688	0.413061	1.07923	0.0921669	0.593638	0.0260651	0.667497	-0.179105	
0.134909	0.0719364	0.625457	0.548677	0.612545	0.318059	0.228456	-0.799153	-1.33439	-1.87093	0.0449846	-0.0264631	0.191549	-0.0509139	-0.229511	-0.802613	0.643959	0.0792957	-0.185592	-1.68257	0.789238	0.630834	0.755802	0.155698	0.648746	0.212862	0.297856	-0.00877337	
0.164092	0.203007	0.448393	0.470981	0.398932	0.615749	0.118982	-0.592415	-1.07572	-1.6612	-0.149173	-0.0441612	-0.219613	0.234037	-0.234849	-0.61203	0.597835	-0.0654032	-0.200126	-1.51615	0.68037	0.770963	0.403266	0.256242	0.460514	0.454819	-0.115506	0.208111	
0.13869	0.256466	0.171565	0.310659	0.172034	0.899323	0.0500624	-0.289835	-0.651411	-1.2446	-0.397159	-0.0487831	-0.614571	0.495888	-0.242233	-0.385682	0.410837	-0.193614	-0.104164	-1.13373	0.486159	0.816027	-0.0011419	0.356714	0.0863924	0.699899	-0.467036	0.423199	
0.091252	0.239211	-0.122907	0.135803	-0.00649622	1.11118	0.0321303	0.0419928	-0.140779	-0.71494	-0.615846	-0.0113179	-0.938367	0.663206	-0.235195	-0.18898	0.142404	-0.327604	0.0742566	-0.62046	0.252765	0.760422	-0.497032	0.428006	-0.370173	0.894236	-0.670199	0.593383	
0.0443656	0.171946	-0.369645	-0.0061686	-0.103164	1.20361	0.0688207	0.350384	0.387723	-0.162541	-0.756665	0.0692711	-1.14072	0.679321	-0.194463	-0.0704736	-0.139653	-0.483191	0.306673	-0.0570841	0.021024	0.610338	-1.07387	0.456127	-0.785918	0.990773	-0.701437	0.684561	
0.00680078	0.0883942	-0.534161	-0.0995883	-0.113562	1.15557	0.159166	0.615192	0.883958	0.358807	-0.845106	0.151146	-1.20163	0.524806	-0.112499	-0.0380505	-0.378704	-0.664944	0.574518	0.502161	-0.181274	0.389972	-1.68289	0.45547	-1.07105	0.957609	-0.588034	0.687873	
-0.0305806	0.0145718	-0.61073	-0.171648	-0.0601321	0.981228	0.291179	0.837897	1.31226	0.815872	-0.915073	0.174718	-1.11129	0.213775	0.00309342	-0.0724213	-0.540139	-0.853895	0.863002	1.01793	-0.339319	0.136699	-2.22928	0.452451	-1.17785	0.784332	-0.40094	0.614237	
-0.0784745	-0.0422523	-0.622359	-0.258907	0.0215861	0.731273	0.443386	1.03363	1.65258	1.20256	-1.01797	0.0803507	-0.892081	-0.194088	0.123091	-0.135257	-0.614258	-1.01219	1.15356	1.46731	-0.450099	-0.10227	-2.60735	0.476353	-1.11622	0.488993	-0.222289	0.491333	
-0.139598	-0.0878781	-0.607198	-0.38776	0.0882094	0.479408	0.581887	1.211	1.88032	1.50904	-1.16107	-0.15149	-0.598518	-0.599094	0.211121	-0.17766	-0.608945	-1.09892	1.41384	1.82083	-0.517415	-0.281002	-2.72644	0.540637	-0.951631	0.115632	-0.114563	0.357191	
-0.210675	-0.140219	-0.59317	-0.548655	0.112592	0.296531	0.670394	1.3555	1.97497	1.72305	-1.29893	-0.481302	-0.287143	-0.900793	0.247456	-0.170102	-0.546509	-1.08936	1.58927	2.04897	-0.550114	-0.369278	-2.5717	0.628454	-0.759134	-0.275381	-0.0955402	0.240763	
-0.275962	-0.21566	-0.592353	-0.696745	0.0905803	0.226847	0.681468	1.43732	1.92657	1.83659	-1.36975	-0.824335	-0.0165982	-1.02206	0.238863	-0.0977679	-0.457399	-0.99751	1.61981	2.12964	-0.556539	-0.360422	-2.23347	0.700451	-0.607651	-0.602041	-0.128195	0.166268	
-0.309637	-0.322418	-0.595234	-0.772395	0.032346	0.272943	0.601449	1.41729	1.73846	1.83177	-1.28855	-1.07366	0.17106	-0.939322	0.222021	0.0229457	-0.363826	-0.865735	1.45964	2.05199	-0.54219	-0.270299	-1.85526	0.705034	-0.532011	-0.781266	-0.156535	0.141336	
-0.290168	-0.450108	-0.585823	-0.720283	-0.0367748	0.388563	0.438691	1.2663	1.45082	1.72029	-1.03337	-1.1399	0.279128	-0.686286	0.246589	0.163671	-0.280164	-0.757104	1.10053	1.84424	-0.509704	-0.137071	-1.6005	0.602716	-0.531662	-0.777742	-0.121779	0.15684	
-0.204825	-0.570978	-0.530945	-0.527649	-0.0864197	0.502879	0.217737	0.978581	1.12142	1.5249	-0.627592	-0.992506	0.339775	-0.361723	0.350952	0.282561	-0.205524	-0.72126	0.580778	1.55763	-0.452447	-0.00230471	-1.59412	0.380921	-0.556438	-0.597407	0.0047249	0.189222	
-0.0510563	-0.644265	-0.410004	-0.229733	-0.091254	0.54187	-0.0253681	0.582131	0.819328	1.28812	-0.151709	-0.667734	0.395598	-0.0832228	0.538049	0.341301	-0.125081	-0.772088	-0.0128025	1.26214	-0.360362	0.0992107	-1.86546	0.0650892	-0.564819	-0.291013	0.204508	0.208566	
0.160749	-0.633334	-0.213962	0.0958449	-0.0378264	0.461517	-0.260796	0.132291	0.591413	1.0562	0.269111	-0.262485	0.482077	0.057865	0.758608	0.31682	-0.0166482	-0.878492	-0.570592	1.01725	-0.218236	0.152943	-2.32674	-0.286205	-0.50516	0.0474844	0.418234	0.192012	
0.407567	-0.513972	0.0484396	0.356233	0.0831876	0.256005	-0.461354	-0.305697	0.448878	0.856705	0.55715	0.102242	0.607535	0.0120036	0.93759	0.200621	0.137117	-0.980445	-0.992015	0.850043	-0.0170681	0.164315	-2.81583	-0.603844	-0.350175	0.309054	0.583929	0.121721	
0.659519	-0.288025	0.335725	0.468272	0.265438	-0.0371857	-0.605324	-0.665482	0.377099	0.715501	0.660896	0.320085	0.751454	-0.202606	1.00405	0.0123898	0.331973	-1.01288	-1.20767	0.761312	0.236515	0.14956	-3.15875	-0.824149	-0.114358	0.413144	0.657478	-0.00404986	
0.891117	0.0131584	0.600774	0.39379	0.492122	-0.343597	-0.679853	-0.903987	0.328748	0.618528	0.599305	0.332678	0.870391	-0.51226	0.918775	-0.21975	0.547488	-0.925964	-1.20249	0.711117	0.524781	0.13194	-3.22058	-0.910649	0.164457	0.324879	0.628098	-0.17309	
1.07352	0.337933	0.783976	0.144205	0.736609	-0.600431	-0.669158	-1.01337	0.269817	0.542493	0.44555	0.149859	0.931287	-0.817069	0.715953	-0.456408	0.737353	-0.717911	-1.01119	0.655796	0.808176	0.117188	-2.95332	-0.866362	0.426413	0.0574761	0.540029	-0.368472	
1.18853	0.626163	0.845591	-0.222053	0.963962	-0.763744	-0.56357	-1.01537	0.190765	0.457506	0.284083	-0.157808	0.917516	-1.03333	0.484776	-0.665068	0.84962	-0.43418	-0.705155	0.567072	1.04056	0.100332	-2.42081	-0.726775	0.619843	-0.320139	0.457723	-0.566101	
1.22924	0.809694	0.769506	-0.63424	1.14673	-0.8313	-0.354586	-0.950843	0.128227	0.350121	0.193841	-0.511221	0.835567	-1.13183	0.350253	-0.821642	0.839716	-0.152747	-0.358419	0.455943	1.18029	0.0624377	-1.74949	-0.544487	0.706358	-0.721586	0.452177	-0.747778	
1.19819	0.837197	0.570791	-1.02739	1.25517	-0.843629	-0.0513471	-0.86911	0.150877	0.231604	0.191358	-0.827842	0.731678	-1.13154	0.415689	-0.917122	0.689874	0.0408545	-0.0304368	0.373504	1.20156	-0.0198887	-1.07314	-0.374208	0.68161	-1.0605	0.558029	-0.901896	
1.1115	0.687649	0.302616	-1.34906	1.27917	-0.85602	0.316742	-0.811483	0.321161	0.125575	0.264648	-1.06448	0.658506	-1.09451	0.715044	-0.957725	0.424662	0.0890923	0.244359	0.379978	1.10944	-0.154942	-0.498851	-0.256191	0.57473	-1.30041	0.765755	-1.02702	
0.989405	0.374137	0.0316969	-1.58318	1.22602	-0.920219	0.699307	-0.795555	0.661128	0.0813518	0.357788	-1.22102	0.646158	-1.08823	1.19326	-0.951586	0.100326	-0.0169082	0.459872	0.525958	0.933454	-0.335094	-0.0694193	-0.208642	0.435084	-1.42108	1.02262	-1.12671	
0.861606	-0.0495372	-0.171825	-1.72048	1.1215	-1.04876	1.02334	-0.818019	1.10713	0.124716	0.409109	-1.3143	0.706135	-1.14244	1.70083	-0.909621	-0.199269	-0.228518	0.616799	0.799063	0.728024	-0.524551	0.237526	-0.226454	0.312277	-1.44179	1.2462	-1.19876	
0.747648	-0.510224	-0.269653	-1.76065	1.00101	-1.21595	1.21876	-0.852771	1.52246	0.264121	0.398777	-1.38055	0.81353	-1.23864	2.06513	-0.830164	-0.399051	-0.462353	0.712078	1.11983	0.546911	-0.678016	0.482826	-0.289829	0.255272	-1.39535	1.36917	-1.23441	
0.660288	-0.912472	-0.262162	-1.69688	0.887672	-1.36222	1.23138	-0.859508	1.73629	0.484017	0.325337	-1.41565	0.924637	-1.31003	2.14914	-0.702063	-0.448039	-0.639503	0.727682	1.36419	0.427661	-0.749736	0.705325	-0.372628	0.265637	-1.29635	1.34939	-1.21148	
0.601478	-1.17436	-0.180419	-1.52325	0.803652	-1.40123	1.04266	-0.795672	1.5977	0.746013	0.218596	-1.41831	0.995519	-1.28085	1.91	-0.504374	-0.338904	-0.709235	0.633652	1.39254	0.386217	-0.70689	0.891034	-0.446181	0.329693	-1.15946	1.19075	-1.10043	
0.55234	-1.23843	-0.08796	-1.24926	0.734404	-1.27844	0.673514	-0.632608	1.04825	1.01338	0.112798	-1.34748	0.998572	-1.08219	1.43059	-0.198529	-0.112001	-0.678592	0.398688	1.11231	0.400781	-0.555902	0.982307	-0.495296	0.404048	-0.966191	0.93121	-0.870389	
0.488434	-1.09051	-0.0519418	-0.898339	0.645349	-0.979794	0.180844	-0.363606	0.161908	1.25939	0.0290205	-1.17583	0.93753	-0.700405	0.904434	0.25958	0.161698	-0.603144	0.00359134	0.517185	0.424815	-0.332727	0.90404	-0.514785	0.430901	-0.723693	0.631059	-0.505079	
0.377232	-0.778304	-0.121463	-0.538109	0.494264	-0.546202	-0.359537	-0.00292326	-0.852014	1.50411	-0.0406859	-0.90697	0.82652	-0.182652	0.568788	0.913727	0.392322	-0.570154	-0.541286	-0.281911	0.399003	-0.103976	0.59749	-0.51179	0.379387	-0.44741	0.343118	-0.0106452	
0.195686	-0.38577	-0.314775	-0.2438	0.23591	-0.0692666	-0.875127	0.405658	-1.70728	1.78094	-0.128537	-0.567653	0.706417	0.381353	0.628864	1.79473	0.50933	-0.666355	-1.20008	-1.0949	0.271737	0.0579015	0.0663829	-0.507494	0.216524	-0.170068	0.100515	0.579079	
-0.0645875	-0.0204646	-0.608978	-0.0894959	-0.149072	0.344566	-1.31386	0.802364	-2.13419	2.12873	-0.260918	-0.224397	0.597896	0.904032	1.18516	2.90937	0.473155	-0.945673	-1.91738	-1.71009	0.0166653	0.0898347	-0.617533	-0.532854	-0.039495	0.0611689	-0.091572	1.20754	
-0.389572	0.219054	-0.953401	-0.124258	-0.647237	0.590288	-1.65179	1.12214	-1.95911	2.5785	-0.460595	0.0599385	0.506508	1.32823	2.19191	4.22992	0.288016	-1.40823	-2.63129	-1.94662	-0.357956	-0.0438847	-1.32719	-0.626633	-0.349749	0.206494	-0.246167	1.80259	
-0.745502	0.273994	-1.28507	-0.340239	-1.20117	0.623313	-1.89533	1.31003	-1.18856	3.106	-0.713666	0.233591	0.42522	1.64767	3.45775	5.67635	-0.00811854	-1.98808	-3.29137	-1.73915	-0.810605	-0.331941	-1.92405	-0.815737	-0.658036	0.263308	-0.382281	2.30161	
-1.09268	0.136424	-1.56047	-0.685395	-1.7325	0.458877	-2.06701	1.34205	-0.00500447	3.64245	-0.975904	0.29787	0.339978	1.92802	4.69795	7.12655	-0.361625	-2.57857	-3.85853	-1.14849	-1.28	-0.727699	-2.3084	-1.10611	-0.913421	0.272296	-0.513904	2.67318	
-1.38045	-0.139678	-1.75547	-1.05485	-2.15375	0.177191	-2.1899	1.22431	1.2764	4.06264	-1.18747	0.295849	0.248008	2.24251	5.61785	8.40715	-0.708565	-3.06416	-4.30973	-0.353996	-1.69372	-1.14717	-2.44135	-1.46842	-1.08751	0.303699	-0.635104	2.9156	
-1.56658	-0.455957	-1.85883	-1.3415	-2.38042	-0.0905714	-2.27904	0.996634	2.29981	4.22576	-1.30898	0.29778	0.157796	2.66121	5.97206	9.32163	-0.996195	-3.3584	-4.62631	0.405333	-1.98226	-1.49294	-2.37112	-1.83501	-1.15382	0.431815	-0.733387	3.06142	
-1.62292	-0.703808	-1.88199	-1.45558	-2.36993	-0.213785	-2.33522	0.717723	2.78294	4.00592	-1.31193	0.384389	0.0944479	3.19937	5.62821	9.68554	-1.18225	-3.4166	-4.7886	0.905454	-2.09887	-1.67733	-2.19182	-2.11386	-1.12416	0.720758	-0.795423	3.15925	
-1.54076	-0.787739	-1.83328	-1.34511	-2.13033	-0.0904694	-2.35147	0.450106	2.59043	3.33128	-1.21217	0.609765	0.0699771	3.81716	4.58944	9.36632	-1.23927	-3.24269	-4.7746	1.00043	-2.02588	-1.64178	-1.98505	-2.20682	-1.02141	1.17135	-0.822059	3.25455	
-1.32759	-0.666021	-1.7186	-1.02654	-1.70834	0.31593	-2.31639	0.245876	1.77837	2.22082	-1.06001	0.973821	0.0841	4.4227	2.97672	8.31412	-1.1537	-2.88008	-4.55897	0.673678	-1.7748	-1.36873	-1.79819	-2.03877	-0.869568	1.71967	-0.828244	3.36866	
-1.00525	-0.347726	-1.53877	-0.545848	-1.19302	0.972386	-2.22996	0.129523	0.548436	0.77508	-0.894207	1.43093	0.115542	4.89671	0.986811	6.58413	-0.922387	-2.3953	-4.13176	0.0198865	-1.38841	-0.881769	-1.62273	-1.58299	-0.706606	2.28222	-0.848181	3.49319	
-0.608052	0.110469	-1.2959	0.0144713	-0.679255	1.7818	-2.0958	0.100077	-0.81424	-0.838123	-0.764903	1.902	0.122846	5.16415	-1.14218	4.34547	-0.56132	-1.86238	-3.49943	-0.78869	-0.925122	-0.248497	-1.4127	-0.874824	-0.565131	2.75272	-0.912709	3.59518	
-0.170363	0.617002	-1.00221	0.566391	-0.251341	2.60686	-1.92262	0.131728	-2.02947	-2.41928	-0.673278	2.29426	0.058143	5.18314	-3.1763	1.84672	-0.105481	-1.33637	-2.69817	-1.55575	-0.45071	0.439817	-1.12316	-0.00953403	-0.470504	3.06345	-1.0368	3.62375	
0.264905	1.07763	-0.692132	1.03462	0.0398399	3.31046	-1.71676	0.189151	-2.90705	-3.7887	-0.610823	2.53438	-0.0976738	4.97648	-4.91815	-0.622415	0.383929	-0.843416	-1.78605	-2.13302	-0.0249479	1.08438	-0.724203	0.885092	-0.438393	3.19418	-1.20875	3.53737	
0.653175	1.4117	-0.421447	1.34904	0.191824	3.79109	-1.47567	0.244494	-3.37322	-4.81589	-0.545963	2.58783	-0.332813	4.60728	-6.22484	-2.79359	0.822786	-0.391518	-0.830945	-2.44281	0.307245	1.59897	-0.253283	1.68311	-0.477313	3.19425	-1.38808	3.32452	
0.954377	1.57605	-0.245959	1.47255	0.23828	3.9956	-1.18782	0.282397	-3.47175	-5.44349	-0.458492	2.46301	-0.60156	4.14532	-7.01002	-4.46389	1.12535	0.00883446	0.101283	-2.49366	0.527225	1.92487	0.222995	2.2928	-0.58203	3.13533	-1.51252	3.00486	
1.13597	1.55711	-0.200878	1.37811	0.255604	3.93361	-0.835935	0.305349	-3.31496	-5.68921	-0.359308	2.19501	-0.838595	3.65116	-7.25279	-5.53874	1.21845	0.344197	0.963524	-2.35541	0.643306	2.03872	0.616154	2.6806	-0.71329	3.07452	-1.515	2.62263	
1.17898	1.3712	-0.291927	1.06981	0.315038	3.66133	-0.415803	0.325683	-3.03081	-5.62407	-0.252964	1.83527	-0.978124	3.14968	-7.00191	-6.03625	1.07106	0.601788	1.72554	-2.11935	0.68187	1.95368	0.854995	2.86661	-0.831575	3.04548	-1.35631	2.231	
1.07786	1.0491	-0.493615	0.584276	0.467899	3.25774	0.0649603	0.360845	-2.71005	-5.34233	-0.185318	1.43648	-0.991267	2.65085	-6.35051	-6.06185	0.696311	0.781487	2.37862	-1.86135	0.674767	1.70513	0.939314	2.91149	-0.891019	3.00996	-1.03243	1.87256	
0.850815	0.620336	-0.742245	-0.0301025	0.736476	2.80401	0.575625	0.421307	-2.38578	-4.9292	-0.184323	1.02107	-0.886268	2.14977	-5.42861	-5.77856	0.15592	0.887748	2.91965	-1.61194	0.651443	1.34795	0.921675	2.88597	-0.850588	2.89142	-0.578611	1.56496	
0.538358	0.116582	-0.974056	-0.683795	1.09123	2.36019	1.06738	0.505242	-2.04935	-4.44834	-0.256004	0.603477	-0.699309	1.64543	-4.38071	-5.35664	-0.451309	0.931376	3.34536	-1.36862	0.626224	0.941478	0.904346	2.84481	-0.702047	2.61359	-0.0635093	1.29856	
0.193295	-0.427903	-1.13431	-1.28922	1.4812	1.95857	1.48585	0.602679	-1.67185	-3.91983	-0.390518	0.189493	-0.478729	1.16368	-3.34022	-4.9313	-1.02318	0.929156	3.64559	-1.09389	0.598431	0.537967	0.96344	2.80787	-0.464869	2.12699	0.432175	1.04934	
-0.120059	-0.967614	-1.19732	-1.76599	1.83094	1.60733	1.78213	0.69677	-1.23728	-3.33831	-0.546441	-0.219286	-0.259768	0.731762	-2.40705	-4.57753	-1.46791	0.903523	3.80388	-0.750412	0.562661	0.185005	1.11517	2.76374	-0.200251	1.44552	0.833087	0.79362	
-0.34102	-1.44933	-1.1725	-2.0584	2.07507	1.30243	1.92425	0.770558	-0.773336	-2.69837	-0.677564	-0.608091	-0.0621948	0.380118	-1.64928	-4.31488	-1.72797	0.890702	3.80417	-0.332659	0.51464	-0.0775319	1.3148	2.68346	0.0258479	0.650401	1.08583	0.520755	
-0.417717	-1.80658	-1.08051	-2.15852	2.18366	1.044	1.89678	0.806565	-0.354296	-2.00928	-0.735331	-0.957774	0.131734	0.110093	-1.10702	-4.12344	-1.77669	0.911454	3.63335	0.125194	0.474323	-0.211508	1.44974	2.53878	0.154414	-0.128716	1.16445	0.242775	
-0.315112	-1.96891	-0.944786	-2.07428	2.1573	0.837353	1.70469	0.796125	-0.0787694	-1.30056	-0.704048	-1.23069	0.315294	-0.105543	-0.794909	-3.96468	-1.61662	0.968268	3.29411	0.554045	0.479615	-0.18593	1.39206	2.32257	0.153953	-0.752698	1.07259	-0.0105093	
-0.0214979	-1.8857	-0.754294	-1.85365	2.04799	0.69498	1.36506	0.728042	-0.0375124	-0.639493	-0.581805	-1.40064	0.466953	-0.319858	-0.720533	-3.81595	-1.26298	1.0449	2.80013	0.863932	0.590104	0.0251519	1.05005	2.05282	0.0590562	-1.12362	0.84217	-0.213869	
0.458546	-1.52729	-0.47906	-1.51861	1.9154	0.639874	0.894893	0.58872	-0.289826	-0.122034	-0.376765	-1.43961	0.537235	-0.590942	-0.897123	-3.68631	-0.725913	1.12481	2.17384	0.961399	0.864947	0.435284	0.402271	1.76583	-0.0697982	-1.18966	0.506066	-0.356247	
1.09346	-0.90961	-0.0791739	-1.07924	1.82039	0.673932	0.317567	0.367842	-0.834201	0.165054	-0.113701	-1.33513	0.453784	-0.943364	-1.32568	-3.6087	-0.0220212	1.2065	1.44681	0.78914	1.33703	1.02763	-0.475481	1.49692	-0.143959	-0.967413	0.0977665	-0.456232	
1.83471	-0.0904424	0.484769	-0.529451	1.80566	0.783745	-0.337065	0.0556385	-1.61093	0.153707	0.193976	-1.0969	0.157481	-1.37534	-1.98101	-3.62975	0.825941	1.29306	0.654768	0.331518	1.99961	1.75698	-1.43646	1.27026	-0.087381	-0.525021	-0.34533	-0.556829	
2.61875	0.838484	1.2059	0.156077	1.87047	0.93353	-1.02617	-0.343591	-2.51568	-0.180986	0.531723	-0.739288	-0.366241	-1.83424	-2.79726	-3.7898	1.77488	1.38723	-0.159321	-0.378164	2.78787	2.54929	-2.29664	1.0879	0.126801	0.0555267	-0.790006	-0.707112	
3.37415	1.76699	2.03478	0.97032	1.99394	1.07163	-1.6893	-0.812174	-3.41917	-0.805093	0.897672	-0.296139	-1.03787	-2.25301	-3.66492	-4.10382	2.75316	1.48243	-0.944848	-1.25505	3.60029	3.31309	-2.9151	0.932472	0.48026	0.673441	-1.20156	-0.946636	
4.02709	2.59186	2.87148	1.87452	2.12519	1.14823	-2.25212	-1.30988	-4.19499	-1.62342	1.28	0.192526	-1.72102	-2.57388	-4.43977	-4.54484	3.66166	1.56668	-1.64012	-2.18033	4.31275	3.95317	-3.21816	0.778953	0.891711	1.2496	-1.54658	-1.28036	
4.51023	3.22825	3.58988	2.77157	2.21381	1.12971	-2.63563	-1.78162	-4.73786	-2.50894	1.64979	0.671002	-2.24734	-2.77044	-4.97375	-5.04749	4.38788	1.62609	-2.17741	-3.02298	4.81307	4.39754	-3.20676	0.613625	1.25886	1.71947	-1.7941	-1.67654	
4.78206	3.62584	4.08823	3.53743	2.2326	1.01333	-2.78215	-2.17685	-4.99674	-3.33033	1.96902	1.09046	-2.46293	-2.86146	-5.16559	-5.53142	4.8402	1.63332	-2.5052	-3.67546	5.0388	4.60947	-2.946	0.435701	1.4992	2.02827	-1.91634	-2.07354	
4.83056	3.77317	4.3032	4.05258	2.17507	0.821553	-2.67054	-2.45015	-4.9638	-3.9612	2.18994	1.40236	-2.29729	-2.89798	-4.98072	-5.91501	4.96922	1.55829	-2.59665	-4.05615	4.98527	4.59547	-2.53486	0.263037	1.56826	2.13732	-1.90269	-2.39834	
4.67967	3.69534	4.24686	4.23812	2.06771	0.602834	-2.32788	-2.58558	-4.67793	-4.33644	2.2814	1.57376	-1.80225	-2.94497	-4.47013	-6.14469	4.79008	1.38396	-2.46826	-4.14298	4.70865	4.40501	-2.0744	0.125043	1.49276	2.02815	-1.74878	-2.59512	
4.3825	3.4406	3.98697	4.09629	1.94223	0.411599	-1.82959	-2.59581	-4.20809	-4.44144	2.2258	1.60017	-1.12445	-3.03929	-3.74961	-6.20615	4.382	1.11094	-2.18713	-3.96342	4.30004	4.10843	-1.6443	0.0404662	1.33873	1.733	-1.47098	-2.63957	
4.01234	3.0679	3.62135	3.70356	1.82853	0.286884	-1.28368	-2.51551	-3.64119	-4.31172	2.04493	1.4944	-0.439325	-3.16931	-2.97327	-6.11749	3.86102	0.776991	-1.85362	-3.58944	3.85631	3.77671	-1.30369	0.0128641	1.20175	1.30941	-1.10695	-2.54983	
3.63685	2.63579	3.25389	3.18459	1.74457	0.237258	-0.800928	-2.39421	-3.06458	-4.02144	1.78741	1.30089	0.0815378	-3.28011	-2.27144	-5.91841	3.34817	0.425417	-1.58448	-3.12206	3.45089	3.45293	-1.07529	0.0186408	1.1719	0.868708	-0.69128	-2.3753	
3.30547	2.20677	2.94012	2.68692	1.67728	0.248268	-0.470246	-2.2731	-2.55271	-3.66099	1.5199	1.08015	0.357129	-3.28759	-1.71593	-5.6481	2.93644	0.0998437	-1.47713	-2.6705	3.11095	3.15829	-0.968008	0.0247917	1.27106	0.5368	-0.267479	-2.16848	
3.04112	1.82662	2.69648	2.31364	1.60491	0.285557	-0.337907	-2.18101	-2.15816	-3.31765	1.31914	0.904092	0.424271	-3.11348	-1.31644	-5.33829	2.66844	-0.184943	-1.58721	-2.32812	2.82723	2.88591	-0.986075	-0.00603719	1.48682	0.413644	0.127562	-1.97018	
2.83424	1.53237	2.49672	2.11079	1.49609	0.31447	-0.399696	-2.12151	-1.90063	-3.04203	1.23659	0.825746	0.401464	-2.72675	-1.02095	-4.99452	2.5333	-0.435682	-1.90907	-2.14515	2.56557	2.61426	-1.11981	-0.0966388	1.74373	0.545122	0.456145	-1.79426	
2.64974	1.34919	2.28867	2.05801	1.32019	0.316557	-0.60762	-2.07578	-1.77461	-2.85763	1.28445	0.87252	0.425052	-2.15025	-0.757755	-4.59329	2.4757	-0.662448	-2.37593	-2.13471	2.28246	2.32561	-1.32838	-0.241893	1.94806	0.90315	0.686678	-1.62584	
2.4493	1.28414	2.04163	2.09337	1.06804	0.293274	-0.890448	-2.0165	-1.75324	-2.75079	1.42909	1.0546	0.564313	-1.45568	-0.469228	-4.10749	2.4353	-0.897907	-2.89076	-2.26353	1.95891	2.01943	-1.54494	-0.416576	2.01315	1.38753	0.797113	-1.43214	
2.21003	1.32695	1.74862	2.15673	0.750748	0.278202	-1.17963	-1.91499	-1.79909	-2.67928	1.60984	1.3366	0.807746	-0.755292	-0.151661	-3.52468	2.36604	-1.15087	-3.3454	-2.47083	1.60313	1.72751	-1.68953	-0.574493	1.89396	1.83535	0.767664	-1.18344	
1.92898	1.44464	1.43615	2.20734	0.392168	0.316382	-1.42178	-1.75127	-1.86572	-2.59749	1.74049	1.67183	1.01774	-0.151418	0.156561	-2.85374	2.25072	-1.4143	-3.65516	-2.68003	1.2427	1.49289	-1.70004	-0.671137	1.59405	2.13619	0.594193	-0.861028	
1.62566	1.592	1.15025	2.25772	0.020135	0.44553	-1.58514	-1.52027	-1.91053	-2.46444	1.73782	2.00261	1.01075	0.283067	0.39844	-2.13856	2.10408	-1.65158	-3.77238	-2.82529	0.914029	1.36198	-1.54479	-0.67522	1.14528	2.2226	0.291634	-0.475456	
1.33058	1.70319	0.925778	2.33247	-0.337526	0.679541	-1.65935	-1.22882	-1.8943	-2.24813	1.55199	2.27002	0.6487	0.52107	0.518518	-1.4438	1.94864	-1.81347	-3.69034	-2.85235	0.639553	1.3572	-1.25542	-0.581098	0.62059	2.11681	-0.100119	-0.0600043	
1.07127	1.7236	0.777164	2.45417	-0.656657	0.995843	-1.64411	-0.894694	-1.78672	-1.94523	1.1666	2.43512	-0.112319	0.586319	0.507759	-0.83358	1.80536	-1.86553	-3.43384	-2.73828	0.423378	1.46336	-0.905817	-0.405834	0.0884484	1.90589	-0.522284	0.34055	
0.855428	1.62184	0.672585	2.61557	-0.926954	1.34306	-1.54206	-0.539078	-1.5698	-1.57845	0.617837	2.46929	-1.15466	0.516309	0.41258	-0.35803	1.67082	-1.8013	-3.04036	-2.49267	0.239961	1.63057	-0.588435	-0.17985	-0.392567	1.71202	-0.897311	0.683571	
0.665753	1.39041	0.555854	2.75537	-1.14029	1.64676	-1.35551	-0.179953	-1.24284	-1.18807	-0.0132359	2.3772	-2.24177	0.373238	0.313237	-0.0269385	1.51864	-1.6724	-2.54894	-2.14592	0.0521427	1.78065	-0.380851	0.0610108	-0.790222	1.64385	-1.15543	0.948188	
0.468094	1.05354	0.366276	2.79096	-1.28846	1.84533	-1.08573	0.168602	-0.822298	-0.816454	-0.62838	2.16324	-3.08341	0.196975	0.295687	0.187726	1.30794	-1.55287	-1.98422	-1.74213	-0.172314	1.83632	-0.297927	0.292138	-1.08551	1.70821	-1.24957	1.12817	
0.218087	0.654034	0.0541763	2.62966	-1.37358	1.89921	-0.740643	0.502774	-0.338285	-0.49536	-1.14009	1.8481	-3.45618	0.0230026	0.412238	0.360193	0.998129	-1.51837	-1.36141	-1.31878	-0.456881	1.73538	-0.288294	0.500407	-1.2803	1.8641	-1.17217	1.24077	
-0.116166	0.250539	-0.390424	2.23101	-1.40453	1.80882	-0.340017	0.824769	0.160732	-0.238226	-1.48742	1.4706	-3.298	-0.111106	0.659938	0.576967	0.57393	-1.62063	-0.694232	-0.913169	-0.79902	1.45935	-0.232786	0.686955	-1.39354	1.98373	-0.961099	1.31294	
-0.536568	-0.115543	-0.936619	1.62531	-1.39536	1.62517	0.0781119	1.1414	0.623703	-0.0273646	-1.66484	1.06039	-2.71754	-0.185773	0.973487	0.906118	0.0506906	-1.85807	-0.00499959	-0.539996	-1.1768	1.043	-0.0138943	0.862253	-1.44744	1.94503	-0.689879	1.37597	
-1.01801	-0.429578	-1.52384	0.901918	-1.3718	1.41729	0.467694	1.46609	1.01233	0.183314	-1.72531	0.661056	-1.97887	-0.162575	1.25593	1.3923	-0.530279	-2.18347	0.675732	-0.191019	-1.56197	0.552616	0.43889	1.0364	-1.48195	1.68472	-0.450777	1.4631	
-1.50808	-0.702728	-2.08003	0.202577	-1.37075	1.26412	0.782877	1.80935	1.30421	0.446023	-1.74844	0.301521	-1.39005	-0.023353	1.4206	2.02278	-1.10897	-2.50282	1.30764	0.148639	-1.92626	0.076098	1.09951	1.21603	-1.54141	1.2287	-0.323787	1.59592	
-1.94956	-0.965284	-2.54044	-0.346429	-1.41763	1.21418	0.990961	2.17503	1.50584	0.814923	-1.82308	0.0137388	-1.20015	0.243539	1.41925	2.74567	-1.62644	-2.72987	1.84766	0.508473	-2.25019	-0.312561	1.82925	1.39343	-1.67289	0.696831	-0.351491	1.78717	
-2.29088	-1.24005	-2.86423	-0.663662	-1.52987	1.28897	1.07846	2.55206	1.63741	1.30716	-2.00485	-0.184356	-1.50132	0.616134	1.26479	3.47559	-2.03563	-2.79765	2.26114	0.89729	-2.52142	-0.563155	2.43712	1.556	-1.90448	0.227687	-0.534885	2.03654	
-2.50399	-1.53151	-3.0346	-0.743022	-1.69818	1.46289	1.05468	2.91227	1.73121	1.89169	-2.31198	-0.289651	-2.18485	1.03645	1.02293	4.11347	-2.31115	-2.70063	2.52649	1.30815	-2.73365	-0.66689	2.72242	1.68438	-2.23159	-0.0290073	-0.824954	2.32857	
-2.59318	-1.80961	-3.06216	-0.6462	-1.89825	1.67126	0.945996	3.21494	1.80927	2.49957	-2.67121	-0.300017	-2.99929	1.4294	0.781519	4.58017	-2.45158	-2.50145	2.64019	1.70708	-2.88545	-0.655849	2.57883	1.75612	-2.62022	-0.00824249	-1.14363	2.63193	
-2.57932	-2.01566	-2.96526	-0.459246	-2.08492	1.8477	0.786903	3.41285	1.87319	3.02802	-2.99029	-0.231905	-3.65527	1.71261	0.61135	4.82447	-2.4659	-2.28241	2.61619	2.03867	-2.96553	-0.578185	2.02239	1.75886	-2.99829	0.25385	-1.41595	2.90101	
-2.49827	-2.08195	-2.77	-0.268609	-2.20681	1.92556	0.613417	3.46928	1.91146	3.37818	-3.16106	-0.0991274	-3.92631	1.82759	0.540371	4.83838	-2.37559	-2.13239	2.48342	2.25078	-2.96666	-0.493424	1.20042	1.68611	-3.2764	0.63126	-1.58144	3.08174	
-2.38145	-1.95511	-2.50887	-0.118271	-2.23312	1.87853	0.449185	3.36888	1.8902	3.46794	-3.09927	0.077122	-3.73615	1.76231	0.543161	4.64456	-2.20514	-2.07195	2.27561	2.28966	-2.88505	-0.443746	0.352272	1.54669	-3.37369	0.964309	-1.6256	3.1269	
-2.25093	-1.62629	-2.21062	0.00256404	-2.1462	1.71109	0.307718	3.12786	1.78311	3.28116	-2.8055	0.277367	-3.18309	1.55198	0.560419	4.29471	-1.98217	-2.07626	2.02818	2.14507	-2.7286	-0.453009	-0.290966	1.3594	-3.25462	1.13241	-1.56749	3.01265	
-2.11782	-1.14958	-1.90944	0.122365	-1.96257	1.46355	0.19345	2.79517	1.58066	2.86454	-2.32513	0.479048	-2.49085	1.26383	0.527005	3.85348	-1.74184	-2.06712	1.77827	1.84379	-2.52185	-0.518686	-0.548212	1.15332	-2.92872	1.06774	-1.45112	2.74666	
-1.98367	-0.625392	-1.63741	0.269076	-1.71327	1.19799	0.106774	2.44035	1.308	2.31865	-1.78555	0.65392	-1.9177	0.979965	0.406295	3.38515	-1.52005	-1.95111	1.55908	1.45685	-2.29652	-0.6205	-0.394696	0.963384	-2.46204	0.814257	-1.32664	2.37473	
-1.84953	-0.17267	-1.4166	0.435726	-1.43619	0.962886	0.0501611	2.1312	1.01484	1.7684	-1.30718	0.776515	-1.64551	0.756898	0.206711	2.94425	-1.34974	-1.66559	1.39629	1.07448	-2.08414	-0.736124	0.0678108	0.814937	-1.95172	0.474454	-1.22187	1.96123	
-1.71911	0.109036	-1.25595	0.570979	-1.16504	0.796157	0.0253078	1.91263	0.756981	1.32044	-0.998944	0.823814	-1.73027	0.627031	-0.0244438	2.56926	-1.25234	-1.19283	1.30524	0.777452	-1.90079	-0.842203	0.655686	0.724429	-1.4914	0.16306	-1.14446	1.58021	
-1.6012	0.163512	-1.14963	0.598352	-0.919561	0.698124	0.0347671	1.79532	0.583566	1.03945	-0.894511	0.783496	-2.06111	0.574633	-0.21795	2.28167	-1.23289	-0.60428	1.28859	0.622425	-1.74924	-0.928298	1.17747	0.691007	-1.15571	-0.0314542	-1.07473	1.28813	
-1.50464	-1.09044e-05	-1.07563	0.442266	-0.705269	0.642016	0.0773601	1.7551	0.510158	0.931244	-0.943866	0.656812	-2.42736	0.558756	-0.321579	2.08586	-1.27646	-0.0169282	1.33423	0.615795	-1.61448	-0.993899	1.50966	0.695279	-0.960186	-0.10029	-0.980902	1.1069	
-1.43058	-0.307093	-1.00621	0.0877267	-0.518752	0.588165	0.146646	1.7425	0.522079	0.959275	-1.06025	0.461733	-2.61977	0.531483	-0.308599	1.97394	-1.34876	0.436111	1.42018	0.725935	-1.47569	-1.04567	1.61973	0.709841	-0.891743	-0.0968189	-0.839967	1.02448	
-1.37383	-0.657171	-0.918396	-0.429029	-0.349692	0.493706	0.234336	1.70566	0.579431	1.05495	-1.13233	0.230347	-2.48913	0.46347	-0.194051	1.92487	-1.41325	0.66061	1.51946	0.889263	-1.31783	-1.09411	1.5666	0.702127	-0.886868	-0.125381	-0.639293	0.995447	
-1.31921	-0.946586	-0.808271	-1.00317	-0.200296	0.338937	0.324419	1.60889	0.636216	1.15564	-1.08508	-0.0018597	-2.02085	0.354864	-0.0199254	1.91482	-1.44201	0.639966	1.60538	1.04052	-1.14542	-1.14888	1.45196	0.64859	-0.882227	-0.266634	-0.399373	0.969502	
-1.24964	-1.10962	-0.687803	-1.50378	-0.0749248	0.114409	0.404269	1.4446	0.660259	1.22151	-0.903496	-0.200214	-1.32615	0.227266	0.168526	1.91905	-1.42124	0.429534	1.65881	1.13073	-0.978157	-1.21919	1.37636	0.537998	-0.83763	-0.538808	-0.148014	0.90528	
-1.15232	-1.13257	-0.57703	-1.81579	0.0219299	-0.158911	0.461746	1.23382	0.643813	1.24767	-0.630542	-0.345838	-0.597378	0.118007	0.332829	1.91229	-1.35529	0.131063	1.66831	1.14323	-0.844505	-1.30296	1.37923	0.374865	-0.723564	-0.905697	0.083927	0.789589	
-1.01988	-1.04102	-0.49701	-1.88092	0.0828523	-0.449423	0.48566	1.00874	0.606862	1.2502	-0.344002	-0.430453	-0.0111139	0.0513005	0.466642	1.87515	-1.25784	-0.152033	1.6261	1.09229	-0.768569	-1.39096	1.4343	0.177731	-0.556727	-1.2691	0.273844	0.637299	
-0.857534	-0.880412	-0.441547	-1.72236	0.121436	-0.729769	0.471152	0.800058	0.576327	1.24773	-0.136097	-0.466115	0.341067	0.0340654	0.576097	1.7948	-1.13973	-0.344731	1.52436	1.0058	-0.746397	-1.47087	1.44914	-0.0363038	-0.344984	-1.5234	0.419983	0.478153	
-0.675009	-0.686032	-0.389768	-1.41051	0.149726	-0.980186	0.415745	0.614305	0.569735	1.24518	-0.0481522	-0.471562	0.466425	0.0475849	0.680973	1.66235	-1.0029	-0.425933	1.35512	0.912228	-0.752235	-1.52923	1.34387	-0.251683	-0.117665	-1.5993	0.535264	0.341569	
-0.4875	-0.480915	-0.306358	-1.06039	0.189213	-1.20065	0.321764	0.439069	0.584427	1.23117	-0.0593996	-0.465853	0.479649	0.0611289	0.78553	1.48233	-0.838902	-0.434788	1.1113	0.82811	-0.740104	-1.55313	1.08293	-0.461985	0.10998	-1.49874	0.640901	0.241124	
-0.299978	-0.2602	-0.154534	-0.761456	0.258227	-1.39251	0.195807	0.248185	0.588711	1.17845	-0.103258	-0.464924	0.528203	0.0368891	0.870621	1.25932	-0.633662	-0.437061	0.793781	0.751097	-0.661391	-1.52876	0.695537	-0.66615	0.340098	-1.29616	0.748252	0.166778	
-0.11164	-0.00686898	0.0793842	-0.563224	0.361999	-1.56722	0.0536169	0.0155388	0.539144	1.05666	-0.0945065	-0.471306	0.737244	-0.0485503	0.914181	0.998185	-0.381101	-0.493492	0.41865	0.662474	-0.485411	-1.45081	0.277163	-0.863443	0.563404	-1.09479	0.863664	0.0909677	
0.079067	0.279939	0.377965	-0.463466	0.49298	-1.72523	-0.0822899	-0.262585	0.402768	0.861628	0.0298876	-0.486114	1.15031	-0.183747	0.887383	0.711434	-0.0957193	-0.629524	0.0217005	0.549576	-0.218209	-1.32434	-0.0807057	-1.05095	0.784177	-0.988316	0.975696	-0.0134053	
0.276357	0.57693	0.685776	-0.424	0.622538	-1.8566	-0.187976	-0.56702	0.174457	0.614951	0.29266	-0.495736	1.70993	-0.343719	0.788458	0.418692	0.187896	-0.807607	-0.347743	0.409499	0.0956774	-1.16351	-0.296589	-1.21517	0.976801	-1.02852	1.06661	-0.163127	
0.472239	0.830567	0.938229	-0.399804	0.720026	-1.94229	-0.243731	-0.851437	-0.108353	0.364613	0.646385	-0.499745	2.27601	-0.487892	0.639371	0.146022	0.425187	-0.958772	-0.637721	0.257968	0.391287	-0.987761	-0.358653	-1.33809	1.12504	-1.18657	1.1154	-0.34761	
0.653303	0.980753	1.07373	-0.355922	0.764369	-1.9653	-0.238089	-1.06942	-0.381088	0.15913	1.00018	-0.493964	2.69097	-0.577512	0.49252	-0.0856229	0.574708	-1.01366	-0.809754	0.120603	0.602877	-0.820872	-0.311847	-1.40249	1.20485	-1.37971	1.12322	-0.536042	
0.800299	0.975726	1.07314	-0.293502	0.747472	-1.91149	-0.181147	-1.18567	-0.570408	0.0375737	1.26726	-0.488364	2.84616	-0.599598	0.409474	-0.256084	0.620284	-0.948632	-0.858343	0.0237648	0.691117	-0.675908	-0.243831	-1.39789	1.21062	-1.50963	1.10175	-0.684229	
0.893846	0.805438	0.957082	-0.234975	0.681453	-1.78404	-0.0955601	-1.19301	-0.623203	0.00557745	1.38274	-0.488039	2.71104	-0.558958	0.431661	-0.353868	0.576357	-0.786227	-0.810211	-0.0182776	0.656145	-0.565062	-0.246862	-1.33145	1.16218	-1.49009	1.0726	-0.756373	
0.92305	0.50533	0.783717	-0.209438	0.590341	-1.60371	-0.0122752	-1.11383	-0.529332	0.0400121	1.33302	-0.497941	2.34893	-0.477523	0.568556	-0.376091	0.483755	-0.58853	-0.716669	-0.0090381	0.536287	-0.492673	-0.353588	-1.22364	1.0784	-1.30604	1.05951	-0.740681	
0.884165	0.142985	0.622536	-0.237918	0.495665	-1.40241	0.038184	-0.988534	-0.317036	0.107482	1.16515	-0.524547	1.89024	-0.381191	0.780426	-0.324988	0.388774	-0.447103	-0.636067	0.0390393	0.384807	-0.459944	-0.536862	-1.10617	1.00143	-1.00042	1.07154	-0.649321	
