-0.830899	-2.14164	-0.496511	-0.503002	-0.267723	-1.52494	4.21585	-0.218878	-0.23063	-0.40462	-0.161632	0.298703	0.722586	-0.403608	0.0600254	1.14658	-0.917045	-1.00625	-0.673352	-0.263439	-0.340687	-1.47376	0.107598	-0.649101	-0.30126	-0.407816	0.245676	-0.447864	
-0.609548	-2.0753	-0.295975	-0.196422	-0.385078	-1.29571	2.97304	-0.266168	0.166665	0.0417176	-0.348106	-0.0185519	1.09386	-0.229678	0.598587	1.40011	-0.764312	-0.970154	-0.867058	0.0973071	-0.283834	-1.16558	-0.0614505	-0.731771	-0.176942	-0.192217	0.389367	-0.0456538	
-0.39655	-1.54711	0.041148	0.0240194	-0.396467	-1.10781	1.47579	-0.457719	0.507169	0.454216	-0.316324	-0.285974	1.43662	0.147038	1.05076	1.41481	-0.52335	-1.01534	-1.05909	0.429281	-0.194708	-0.871272	-0.277587	-0.956466	0.0683947	-0.0871558	0.499631	0.24037	
-0.258873	-0.691547	0.439036	0.0955226	-0.311005	-0.990245	0.0415816	-0.752491	0.722927	0.770269	-0.0442874	-0.339952	1.64269	0.641107	1.34162	1.24903	-0.270257	-1.14495	-1.26248	0.692032	-0.10519	-0.677967	-0.512211	-1.28017	0.384215	-0.096672	0.566806	0.36103	
-0.225398	0.284117	0.78961	0.0154332	-0.167213	-0.910609	-1.07181	-1.04405	0.792648	0.965205	0.397769	-0.101151	1.58508	1.11204	1.43057	1.00864	-0.0842594	-1.30746	-1.46299	0.865033	-0.0471558	-0.610793	-0.720166	-1.58935	0.675701	-0.160148	0.587195	0.343751	
-0.280921	1.13564	0.977551	-0.162068	-0.0353309	-0.795966	-1.71203	-1.21015	0.724285	1.05053	0.846623	0.395863	1.19883	1.41986	1.31874	0.803338	-0.0248157	-1.42082	-1.61475	0.942643	-0.0453321	-0.6324	-0.860292	-1.74114	0.82462	-0.191565	0.550174	0.270916	
-0.378795	1.63424	0.926712	-0.354353	0.0219563	-0.563481	-1.8337	-1.15867	0.543634	1.05478	1.1174	0.995601	0.524951	1.46159	1.03922	0.689206	-0.113242	-1.40991	-1.66161	0.92612	-0.109873	-0.659845	-0.904433	-1.62082	0.758468	-0.113808	0.443282	0.237019	
-0.480831	1.63137	0.611371	-0.48577	-0.0411872	-0.167389	-1.48595	-0.861475	0.308776	1.01358	1.07844	1.48777	-0.307596	1.25238	0.671254	0.666704	-0.333134	-1.2466	-1.56193	0.835325	-0.246323	-0.622787	-0.845554	-1.20288	0.448318	0.109358	0.262707	0.30987	
-0.554359	1.13317	0.0966276	-0.501991	-0.220329	0.386024	-0.869928	-0.371683	0.0598904	0.953733	0.722493	1.69659	-1.07441	0.90438	0.300556	0.682695	-0.622519	-0.953291	-1.30332	0.696061	-0.431915	-0.477345	-0.71425	-0.556556	-0.0362162	0.468634	0.0234864	0.505627	
-0.593919	0.290601	-0.494698	-0.392976	-0.459977	1.0203	-0.225443	0.188872	-0.163669	0.88043	0.169141	1.55035	-1.546	0.591053	0.0107012	0.66018	-0.899242	-0.601389	-0.923741	0.532049	-0.640107	-0.233875	-0.556452	0.167825	-0.561084	0.887044	-0.230765	0.773146	
-0.607444	-0.656841	-1.02143	-0.206333	-0.675193	1.60959	0.258165	0.667964	-0.34636	0.772193	-0.398027	1.07574	-1.56955	0.422406	-0.135966	0.535376	-1.09022	-0.274582	-0.493628	0.361599	-0.833337	0.055108	-0.41651	0.793896	-0.968702	1.24926	-0.443135	1.01542	
-0.60526	-1.42024	-1.34972	-0.00624577	-0.771008	2.0238	0.447583	0.939366	-0.487328	0.600403	-0.763511	0.417431	-1.15377	0.438384	-0.132666	0.284141	-1.13983	-0.0353402	-0.099209	0.191365	-0.966481	0.317356	-0.322318	1.18115	-1.12023	1.43968	-0.559893	1.13343	
-0.593316	-1.76971	-1.41998	0.130818	-0.683779	2.16427	0.324966	0.953021	-0.580833	0.357534	-0.789904	-0.237636	-0.426287	0.55102	-0.0093786	-0.0459388	-1.04245	0.100741	0.20067	0.0318263	-1.00399	0.480958	-0.268169	1.27606	-0.972742	1.3722	-0.542109	1.062	
-0.557366	-1.62397	-1.24302	0.152959	-0.393368	2.00888	-0.0394706	0.757007	-0.614463	0.0721311	-0.475516	-0.751901	0.383966	0.577356	0.169458	-0.359673	-0.831573	0.174948	0.400893	-0.106261	-0.918508	0.514204	-0.214719	1.14279	-0.563787	1.03864	-0.380929	0.803436	
-0.487341	-1.08058	-0.912722	0.046016	0.0559151	1.61054	-0.507589	0.48457	-0.546771	-0.184295	0.05731	-1.06862	1.00032	0.395581	0.350668	-0.537647	-0.579407	0.256173	0.554667	-0.194831	-0.716022	0.413674	-0.103469	0.916903	-0.0303037	0.499138	-0.0978491	0.428521	
-0.381703	-0.370414	-0.572795	-0.187402	0.560811	1.07271	-0.895057	0.291477	-0.35447	-0.332119	0.586915	-1.2281	1.24127	-0.0623447	0.489846	-0.492741	-0.377072	0.403456	0.750115	-0.209938	-0.438907	0.205683	0.109381	0.748472	0.446267	-0.132298	0.244241	0.044763	
-0.270425	0.189268	-0.359861	-0.519118	0.9915	0.512955	-1.037	0.293898	-0.0275574	-0.303849	0.900029	-1.31725	1.071	-0.704365	0.57915	-0.200037	-0.309081	0.625252	1.05948	-0.133353	-0.169663	-0.0765602	0.43048	0.73672	0.711109	-0.734956	0.576715	-0.240014	
-0.213126	0.340144	-0.37796	-0.919933	1.21804	0.0224032	-0.810741	0.527749	0.420479	-0.0797856	0.846496	-1.43818	0.586123	-1.34056	0.657744	0.29837	-0.435731	0.870178	1.50408	0.0463311	-0.0111719	-0.403812	0.820781	0.89015	0.669308	-1.20935	0.834328	-0.359996	
-0.273287	-0.00767037	-0.640993	-1.34781	1.16264	-0.35191	-0.229709	0.938043	0.941038	0.311833	0.39894	-1.61951	-0.0136507	-1.73532	0.778227	0.910585	-0.758501	1.04392	2.03173	0.320429	-0.0487715	-0.753072	1.19678	1.13494	0.341014	-1.50333	0.98035	-0.302199	
-0.490461	-0.755596	-1.08424	-1.75411	0.818744	-0.608758	0.576098	1.406	1.46942	0.794872	-0.326932	-1.80775	-0.511692	-1.743	1.00288	1.53208	-1.22464	1.05	2.53125	0.667855	-0.321846	-1.10623	1.46138	1.35279	-0.164922	-1.61641	1.01419	-0.113577	
-0.854228	-1.62605	-1.59236	-2.09557	0.249973	-0.772028	1.36333	1.79764	1.93612	1.2742	-1.13505	-1.89628	-0.755596	-1.33985	1.36231	2.08088	-1.74032	0.836946	2.86892	1.05917	-0.802759	-1.43206	1.53171	1.43661	-0.695305	-1.57706	0.962473	0.145187	
-1.31117	-2.3088	-2.05009	-2.3467	-0.434138	-0.879643	1.93797	2.00894	2.2803	1.65698	-1.80091	-1.77475	-0.731703	-0.657519	1.83748	2.5159	-2.20111	0.414569	2.92614	1.45349	-1.40777	-1.70078	1.37426	1.32457	-1.11278	-1.4475	0.849918	0.409429	
-1.77383	-2.53214	-2.39145	-2.50687	-1.11314	-0.960534	2.18855	1.9984	2.46848	1.8846	-2.1671	-1.39974	-0.516205	0.0751222	2.35122	2.83716	-2.52573	-0.145577	2.64865	1.81334	-2.02183	-1.88231	1.01411	1.01923	-1.3558	-1.28539	0.692041	0.639085	
-2.15013	-2.22165	-2.60543	-2.6001	-1.67964	-1.0216	2.11205	1.80439	2.50901	1.96416	-2.16716	-0.828161	-0.22704	0.647232	2.80507	3.08101	-2.68115	-0.729475	2.07495	2.11355	-2.52683	-1.96163	0.532915	0.588717	-1.43739	-1.12325	0.501609	0.834891	
-2.3757	-1.51666	-2.73269	-2.65781	-2.06908	-1.05268	1.81333	1.52186	2.45494	1.95328	-1.84547	-0.204267	0.00686231	0.974155	3.11844	3.29026	-2.68569	-1.22454	1.32115	2.35023	-2.83992	-1.94533	0.0421127	0.127882	-1.43462	-0.965798	0.281394	1.01922	
-2.44196	-0.70471	-2.84202	-2.72953	-2.25796	-1.04695	1.45344	1.25711	2.38142	1.9457	-1.34118	0.298415	0.153527	1.08589	3.25151	3.49447	-2.60833	-1.55817	0.554431	2.53829	-2.94277	-1.87066	-0.350654	-0.285955	-1.43795	-0.813795	0.0534575	1.22434	
-2.40314	-0.152966	-2.98991	-2.85972	-2.26692	-1.02021	1.27499	1.06633	2.34443	2.00244	-0.819271	0.526214	0.256754	1.10626	3.21577	3.67304	-2.54285	-1.73001	-0.0777557	2.68138	-2.88486	-1.80362	-0.571958	-0.628062	-1.50413	-0.668389	-0.153933	1.44435	
-2.34602	-0.104379	-3.18745	-3.0609	-2.13245	-1.00306	1.38617	0.949983	2.38087	2.14455	-0.435625	0.427227	0.426051	1.23922	3.07803	3.77597	-2.57182	-1.78988	-0.477068	2.78676	-2.75579	-1.80093	-0.605942	-0.920244	-1.6274	-0.530869	-0.278867	1.65682	
-2.35707	-0.628487	-3.39984	-3.3221	-1.89439	-1.03996	1.86057	0.863408	2.48867	2.33785	-0.298222	0.062021	0.735296	1.56484	2.93278	3.75061	-2.73524	-1.81524	-0.622161	2.84467	-2.65017	-1.90703	-0.476681	-1.19991	-1.73689	-0.429469	-0.262671	1.80301	
-2.46851	-1.55806	-3.54638	-3.5745	-1.57553	-1.15363	2.58923	0.750632	2.63954	2.51222	-0.44387	-0.405929	1.189	2.0657	2.86273	3.57205	-3.0065	-1.86486	-0.555031	2.84235	-2.62038	-2.11416	-0.242619	-1.4879	-1.73297	-0.375949	-0.0581599	1.82707	
-2.65093	-2.54228	-3.54917	-3.7362	-1.19376	-1.33464	3.33927	0.57591	2.79671	2.59614	-0.820519	-0.78606	1.70105	2.59563	2.91807	3.25684	-3.30992	-1.94688	-0.34862	2.77739	-2.66348	-2.36766	0.0300358	-1.76466	-1.55052	-0.367239	0.342158	1.70959	
-2.83087	-3.21326	-3.37688	-3.74281	-0.779935	-1.54591	3.93085	0.322819	2.89915	2.50885	-1.32866	-0.931779	2.11003	2.99546	3.07509	2.84114	-3.543	-2.03598	-0.102931	2.6316	-2.73563	-2.59013	0.281911	-1.99224	-1.2021	-0.392878	0.870679	1.45982	
-2.91027	-3.30453	-3.05607	-3.55867	-0.364356	-1.72469	4.18572	0.022626	2.91597	2.23273	-1.84774	-0.804697	2.25784	3.11432	3.26934	2.38792	-3.60871	-2.07431	0.117724	2.41738	-2.76971	-2.69793	0.478545	-2.1123	-0.772806	-0.4317	1.4272	1.13415	
-2.81588	-2.75192	-2.66214	-3.19523	-0.000143171	-1.80833	4.08248	-0.279336	2.83079	1.792	-2.24095	-0.481789	2.05201	2.92367	3.40212	1.94249	-3.44699	-2.01832	0.272237	2.14858	-2.70618	-2.64422	0.606702	-2.09058	-0.405719	-0.450198	1.8719	0.796393	
-2.52315	-1.71022	-2.28203	-2.70244	0.268402	-1.75679	3.62939	-0.528257	2.67065	1.2689	-2.3973	-0.106999	1.54148	2.54962	3.40335	1.52941	-3.05527	-1.84923	0.365245	1.86947	-2.51429	-2.42479	0.668512	-1.9294	-0.228388	-0.427675	2.10441	0.511529	
-2.07403	-0.490125	-1.98426	-2.14616	0.409332	-1.56869	2.89711	-0.687048	2.49316	0.784081	-2.25872	0.173827	0.885649	2.14995	3.25245	1.1554	-2.48316	-1.59196	0.423595	1.64214	-2.20859	-2.08609	0.674014	-1.66878	-0.300508	-0.361265	2.0809	0.315331	
-1.56017	0.559261	-1.78573	-1.59675	0.420184	-1.28816	2.00762	-0.763384	2.33324	0.422637	-1.82694	0.269643	0.323492	1.87668	2.96184	0.793604	-1.82106	-1.31176	0.46797	1.50238	-1.84144	-1.70299	0.627413	-1.39204	-0.577293	-0.269505	1.83431	0.19873	
-1.08917	1.16756	-1.65726	-1.11078	0.327687	-0.987088	1.0701	-0.779437	2.22298	0.241076	-1.18329	0.169208	0.0573558	1.782	2.59824	0.421265	-1.1762	-1.07522	0.518596	1.47703	-1.48531	-1.34998	0.536677	-1.17343	-0.933691	-0.193625	1.46412	0.124208	
-0.752792	1.23737	-1.53933	-0.730843	0.176227	-0.739415	0.232347	-0.765594	2.15299	0.231646	-0.471897	-0.0484992	0.174458	1.77996	2.23142	0.0412475	-0.642731	-0.932675	0.570254	1.54496	-1.20645	-1.08375	0.412713	-1.05724	-1.20651	-0.180239	1.08829	0.0370258	
-0.583887	0.827314	-1.37754	-0.468957	0.0288462	-0.582225	-0.455577	-0.71064	2.11731	0.374273	0.136755	-0.280973	0.607846	1.6928	1.93846	-0.283542	-0.287472	-0.87406	0.639928	1.6856	-1.03674	-0.918934	0.28233	-1.01997	-1.2479	-0.25772	0.83111	-0.0863961	
-0.56094	0.127214	-1.1555	-0.325897	-0.0745112	-0.508888	-0.948122	-0.582796	2.10344	0.624454	0.497404	-0.446171	1.16475	1.35953	1.76429	-0.461731	-0.136654	-0.847395	0.744406	1.85996	-0.975353	-0.836349	0.180851	-0.99317	-1.01704	-0.416384	0.745014	-0.240278	
-0.634756	-0.648337	-0.924245	-0.331833	-0.126768	-0.487514	-1.16704	-0.353477	2.08244	0.915958	0.520503	-0.543017	1.61744	0.732595	1.70874	-0.420716	-0.194394	-0.786459	0.902203	2.01915	-1.00588	-0.808331	0.142448	-0.911159	-0.579781	-0.642569	0.818911	-0.388285	
-0.749858	-1.35924	-0.782698	-0.516568	-0.152616	-0.466723	-1.06781	-0.00488527	2.05271	1.20957	0.202418	-0.640147	1.786	-0.0720992	1.76087	-0.120768	-0.442518	-0.639886	1.13496	2.13573	-1.1087	-0.811	0.191983	-0.724212	-0.098352	-0.904926	0.982301	-0.477465	
-0.871638	-1.92272	-0.82636	-0.903207	-0.192138	-0.408275	-0.622007	0.436117	2.01812	1.47469	-0.352093	-0.841948	1.60278	-0.830077	1.88504	0.407969	-0.84612	-0.404351	1.44059	2.19496	-1.26849	-0.839215	0.330523	-0.438959	0.248494	-1.16567	1.14587	-0.469691	
-0.991589	-2.34897	-1.11302	-1.47443	-0.282045	-0.297843	0.0948592	0.914919	2.01033	1.71453	-0.973039	-1.23283	1.16329	-1.24595	2.06419	1.07542	-1.35645	-0.120784	1.80358	2.21971	-1.47086	-0.904034	0.533624	-0.106324	0.315022	-1.39343	1.24017	-0.352048	
-1.12171	-2.65604	-1.60984	-2.16129	-0.425532	-0.157517	0.928966	1.34394	2.06166	1.93984	-1.4787	-1.81061	0.669579	-1.1317	2.29257	1.75461	-1.9035	0.131831	2.16745	2.245	-1.69456	-1.02021	0.753943	0.194159	0.0712351	-1.56909	1.24508	-0.158564	
-1.2721	-2.83655	-2.20316	-2.8435	-0.587528	-0.0262189	1.6445	1.63273	2.17106	2.14887	-1.71997	-2.47637	0.360874	-0.487681	2.55449	2.30935	-2.40548	0.275712	2.45478	2.29839	-1.90508	-1.181	0.927977	0.382462	-0.38737	-1.67714	1.19939	0.0564301	
-1.43426	-2.85206	-2.72964	-3.39329	-0.70693	0.0554643	2.0503	1.72484	2.31101	2.3228	-1.64188	-3.06991	0.384336	0.477472	2.82584	2.63587	-2.77847	0.265224	2.58411	2.39029	-2.05786	-1.35527	1.0074	0.421349	-0.903541	-1.72172	1.16226	0.222729	
-1.57852	-2.63768	-3.02726	-3.70065	-0.716726	0.0638468	2.05066	1.61176	2.41394	2.42675	-1.2998	-3.42113	0.74924	1.40092	3.05211	2.6995	-2.95332	0.105652	2.48905	2.49926	-2.1026	-1.49275	0.966953	0.31996	-1.28634	-1.7121	1.1883	0.288117	
-1.65028	-2.17202	-2.98373	-3.69757	-0.562609	0.0180731	1.58935	1.35288	2.42122	2.44015	-0.806449	-3.42049	1.36421	1.93405	3.19399	2.54811	-2.88965	-0.130278	2.16372	2.5928	-1.98618	-1.53358	0.817033	0.150807	-1.39797	-1.64874	1.31101	0.244494	
-1.59604	-1.49714	-2.57165	-3.39328	-0.218585	-0.0357113	0.741647	1.03882	2.28414	2.34555	-0.299164	-3.06927	2.02559	1.85678	3.21487	2.27667	-2.59054	-0.334953	1.65511	2.62393	-1.68307	-1.43709	0.602497	0.00589488	-1.17183	-1.53257	1.52026	0.115499	
-1.39866	-0.786213	-1.87556	-2.88514	0.289896	-0.0473645	-0.294861	0.754111	1.98467	2.13565	0.107252	-2.5007	2.55268	1.18497	3.11189	1.97827	-2.11813	-0.40968	1.06317	2.54624	-1.21689	-1.20531	0.387122	-0.0427927	-0.659128	-1.37419	1.77182	-0.0440775	
-1.09726	-0.277823	-1.05724	-2.34242	0.900693	0.009792	-1.26551	0.547191	1.56767	1.82993	0.347738	-1.92078	2.83335	0.171239	2.94226	1.72153	-1.59098	-0.304242	0.511502	2.34204	-0.665716	-0.898674	0.239366	0.0287141	0.0265194	-1.21377	2.02053	-0.18237	
-0.779839	-0.180271	-0.306273	-1.91962	1.52899	0.126209	-1.9567	0.414304	1.12607	1.46922	0.428912	-1.52322	2.86668	-0.826498	2.80627	1.53413	-1.14768	-0.0358457	0.109819	2.022	-0.142761	-0.609255	0.205862	0.186215	0.744317	-1.08386	2.23587	-0.258782	
-0.552897	-0.598865	0.210942	-1.73014	2.08866	0.259298	-2.26639	0.335088	0.80754	1.13669	0.40412	-1.43799	2.74383	-1.46893	2.84017	1.43567	-0.911439	0.320456	-0.065806	1.65909	0.239404	-0.438378	0.307245	0.366999	1.35836	-1.01602	2.42827	-0.253162	
-0.513493	-1.48174	0.390656	-1.81139	2.51071	0.338566	-2.1847	0.283467	0.773919	0.939684	0.310602	-1.67028	2.5857	-1.56727	3.16129	1.45611	-0.961052	0.64377	-0.00629898	1.36076	0.392673	-0.467674	0.533766	0.486801	1.78468	-1.03622	2.62813	-0.169208	
-0.715602	-2.6097	0.193755	-2.13243	2.73687	0.293057	-1.79492	0.257298	1.1573	0.994733	0.169939	-2.11294	2.4944	-1.15876	3.83013	1.6563	-1.31228	0.813034	0.238218	1.24698	0.272134	-0.724571	0.847045	0.480136	1.95185	-1.15138	2.86865	-0.0156573	
-1.15064	-3.6577	-0.350779	-2.61765	2.72951	0.0825984	-1.22875	0.296599	2.02135	1.41552	-0.039796	-2.60428	2.46912	-0.461783	4.80214	2.13217	-1.91824	0.742169	0.574878	1.42985	-0.11464	-1.17929	1.19164	0.318392	1.83015	-1.34824	3.1494	0.202869	
-1.76156	-4.34581	-1.17927	-3.17875	2.46143	-0.298061	-0.577602	0.472117	3.3646	2.29301	-0.380503	-3.00385	2.43961	0.200031	5.94575	2.99064	-2.69129	0.395357	0.901058	1.99449	-0.723279	-1.76191	1.51675	0.0125455	1.39048	-1.60173	3.42412	0.490399	
-2.45118	-4.53468	-2.19109	-3.74076	1.9295	-0.7931	0.0157939	0.879357	5.12739	3.69657	-0.903483	-3.23788	2.30471	0.597377	7.07891	4.33264	-3.52042	-0.191367	1.14927	2.99079	-1.4731	-2.37976	1.78151	-0.375039	0.645092	-1.86883	3.61617	0.866993	
-3.1198	-4.27233	-3.27092	-4.2477	1.16701	-1.3122	0.429137	1.57706	7.18732	5.61605	-1.61854	-3.32505	1.96921	0.650748	8.01092	6.16083	-4.30315	-0.929517	1.30331	4.39533	-2.2778	-2.94672	1.96658	-0.76344	-0.353691	-2.0973	3.63984	1.34444	
-3.69268	-3.80656	-4.30794	-4.68758	0.235069	-1.75422	0.567384	2.56281	9.38656	7.95578	-2.46863	-3.36844	1.40685	0.457383	8.59713	8.35602	-4.97242	-1.704	1.40965	6.12672	-3.06793	-3.40473	2.07432	-1.06543	-1.50801	-2.24982	3.44342	1.91951	
-4.13813	-3.45151	-5.19127	-5.06323	-0.765138	-2.03633	0.361667	3.74985	11.5443	10.5174	-3.35859	-3.48995	0.67911	0.251013	8.76872	10.6628	-5.50336	-2.40416	1.55411	8.04079	-3.79022	-3.7353	2.12343	-1.21691	-2.64914	-2.31179	3.03742	2.55691	
-4.45975	-3.45923	-5.83595	-5.36821	-1.71619	-2.119	-0.198919	4.98064	13.4759	13.0145	-4.15107	-3.74435	-0.0968921	0.256715	8.54839	12.737	-5.89841	-2.94014	1.82653	9.94468	-4.41153	-3.94274	2.14181	-1.1831	-3.60693	-2.28779	2.48996	3.18459	
-4.66192	-3.8942	-6.16937	-5.5685	-2.49136	-1.99649	-1.09187	6.07878	14.9959	15.121	-4.73027	-4.1147	-0.784946	0.585516	8.01508	14.2367	-6.16017	-3.24719	2.28949	11.6219	-4.88569	-4.0343	2.15493	-0.94565	-4.2048	-2.18264	1.91401	3.71722	
-4.73918	-4.58863	-6.15869	-5.61345	-2.98228	-1.7059	-2.20768	6.88606	15.9432	16.5213	-5.03117	-4.47463	-1.28996	1.17897	7.27444	14.8934	-6.28078	-3.2942	2.94144	12.8661	-5.16451	-4.0116	2.1827	-0.519647	-4.35238	-2.01557	1.42951	4.06695	
-4.65006	-5.21173	-5.80841	-5.44833	-3.12912	-1.2947	-3.39205	7.2994	16.1777	16.9754	-5.04886	-4.64269	-1.59535	1.84586	6.40674	14.5868	-6.21809	-3.0689	3.71199	13.5028	-5.18811	-3.84802	2.22554	0.0596184	-4.06099	-1.79998	1.10752	4.17557	
-4.33608	-5.36692	-5.16385	-5.03523	-2.92364	-0.823309	-4.44784	7.26943	15.5852	16.3533	-4.81115	-4.45968	-1.73847	2.31724	5.43997	13.3421	-5.91627	-2.58634	4.46686	13.4074	-4.90287	-3.50687	2.26089	0.721572	-3.44126	-1.54508	0.955545	4.01468	
-3.74175	-4.79274	-4.30148	-4.37564	-2.41464	-0.344491	-5.19683	6.80957	14.1274	14.6799	-4.35675	-3.84206	-1.78064	2.36611	4.35958	11.3254	-5.32198	-1.88253	5.04366	12.5453	-4.28242	-2.95661	2.25256	1.37602	-2.67097	-1.2578	0.91737	3.59894	
-2.84106	-3.45362	-3.28835	-3.50346	-1.67229	0.108785	-5.55971	5.98142	11.8581	12.1274	-3.71933	-2.84486	-1.75719	1.92566	3.13395	8.78833	-4.40617	-1.01238	5.30154	10.9724	-3.32979	-2.19425	2.16222	1.9303	-1.89901	-0.930746	0.911656	2.97571	
-1.66242	-1.57925	-2.1784	-2.47495	-0.76752	0.522368	-5.59305	4.87031	8.92842	8.97895	-2.89307	-1.61953	-1.66322	1.12095	1.75297	5.99261	-3.18794	-0.0432268	5.15664	8.83149	-2.09724	-1.25217	1.95952	2.30455	-1.2185	-0.546987	0.867399	2.211	
-0.292791	0.417221	-0.995172	-1.35376	0.239695	0.902326	-5.49092	3.56747	5.57883	5.57201	-1.86806	-0.391427	-1.43433	0.191912	0.254116	3.15446	-1.74307	0.948133	4.61393	6.32795	-0.674225	-0.198536	1.63273	2.45974	-0.604298	-0.0769422	0.767038	1.38388	
1.12106	2.10113	0.243363	-0.206427	1.3058	1.25742	-5.50003	2.16261	2.0951	2.22587	-0.643497	0.628737	-0.983419	-0.556653	-1.2753	0.421897	-0.20476	1.87866	3.74959	3.69842	0.809183	0.870343	1.18973	2.39243	0.0391842	0.494875	0.652594	0.571377	
2.41615	3.13773	1.50104	0.904662	2.38251	1.6033	-5.79435	0.744298	-1.23881	-0.813119	0.718908	1.31657	-0.290511	-0.883408	-2.7181	-2.11056	1.27213	2.68123	2.6964	1.16408	2.20797	1.86006	0.664917	2.14691	0.818428	1.16659	0.588789	-0.159927	
3.44647	3.4489	2.71576	1.92962	3.4069	1.94581	-6.40079	-0.59498	-4.18286	-3.38802	2.09392	1.64702	0.598367	-0.707635	-3.95545	-4.37601	2.53539	3.30063	1.60407	-1.10128	3.38985	2.68859	0.109834	1.80412	1.78605	1.9125	0.633058	-0.764647	
4.12512	3.2139	3.78918	2.81968	4.28981	2.28826	-7.19852	-1.75599	-6.58625	-5.4302	3.30713	1.7158	1.54617	-0.0935435	-4.9061	-6.29792	3.47857	3.71798	0.60006	-2.98654	4.25562	3.31321	-0.423838	1.46214	2.8766	2.68083	0.79327	-1.20697	
4.43865	2.77705	4.61425	3.52976	4.9224	2.62232	-7.97009	-2.65252	-8.37431	-6.92963	4.19129	1.68922	2.36115	0.787759	-5.5323	-7.78426	4.05955	3.94112	-0.223092	-4.4387	4.75768	3.7248	-0.891904	1.20634	3.92236	3.40169	1.01695	-1.47142	
4.43675	2.49411	5.08418	4.00314	5.20092	2.918	-8.39376	-3.24487	-9.57876	-7.92838	4.62053	1.70351	2.86432	1.70236	-5.86928	-8.76349	4.29683	3.99329	-0.82939	-5.46667	4.89142	3.94328	-1.26811	1.07275	4.68583	3.97758	1.19095	-1.57463	
4.20999	2.58326	5.14651	4.19795	5.05054	3.13228	-8.23526	-3.54465	-10.2769	-8.4766	4.57698	1.85476	2.95327	2.44923	-5.98386	-9.20323	4.25613	3.9003	-1.22316	-6.11584	4.6971	3.99845	-1.54938	1.05531	4.96067	4.32466	1.19434	-1.55324	
3.85539	3.04531	4.82454	4.10496	4.47225	3.217	-7.39292	-3.60664	-10.5496	-8.62402	4.14276	2.12046	2.63976	2.90742	-5.94386	-9.13621	4.02725	3.68391	-1.43036	-6.43691	4.25004	3.91512	-1.73942	1.10559	4.65494	4.38872	0.94791	-1.46537	
3.46186	3.65768	4.22803	3.75237	3.56025	3.1391	-5.98127	-3.51053	-10.4687	-8.41498	3.49286	2.39739	2.0484	3.05779	-5.79235	-8.6679	3.70072	3.37108	-1.47067	-6.47387	3.65093	3.71537	-1.84574	1.16457	3.84519	4.16299	0.460446	-1.37265	
3.08639	4.11134	3.52878	3.22881	2.48603	2.89665	-4.32866	-3.32459	-10.0544	-7.88614	2.82217	2.54403	1.38576	2.93756	-5.52951	-7.95802	3.34521	2.98653	-1.34719	-6.24645	3.01404	3.41719	-1.86963	1.19179	2.76901	3.70799	-0.154542	-1.31662	
2.74313	4.12375	2.88039	2.61934	1.45017	2.51639	-2.7707	-3.09384	-9.33147	-7.10428	2.27937	2.4154	0.853275	2.60526	-5.14139	-7.17981	2.98863	2.55925	-1.05783	-5.77474	2.42607	3.03912	-1.80597	1.16247	1.72017	3.11308	-0.731177	-1.30647	
2.41279	3.5738	2.3876	2.00999	0.624088	2.05043	-1.60215	-2.82114	-8.31339	-6.14918	1.93886	1.95399	0.58785	2.1363	-4.60139	-6.46406	2.62433	2.11965	-0.602258	-5.07837	1.93966	2.59769	-1.6471	1.08037	0.95824	2.47814	-1.09643	-1.32491	
2.06364	2.52801	2.06274	1.45185	0.108735	1.57035	-0.8588	-2.47583	-7.05098	-5.12498	1.73524	1.16256	0.578	1.55129	-3.92258	-5.8739	2.22482	1.70428	-0.00102899	-4.2026	1.56384	2.11791	-1.37689	0.970834	0.612805	1.88457	-1.14864	-1.33656	
1.67107	1.25888	1.84994	0.9619	-0.0939338	1.1451	-0.491912	-2.01206	-5.62745	-4.11103	1.57155	0.170706	0.74607	0.909858	-3.14036	-5.3811	1.76751	1.34919	0.694213	-3.21169	1.27656	1.62767	-1.00689	0.870634	0.650017	1.3834	-0.878557	-1.29439	
1.22154	0.0871917	1.63784	0.523435	-0.0662801	0.821574	-0.313208	-1.40051	-4.12831	-3.16001	1.32813	-0.848196	0.942219	0.283144	-2.31128	-4.89397	1.24167	1.08307	1.41641	-2.17228	1.03381	1.14732	-0.555462	0.806289	0.896313	0.984962	-0.374937	-1.1651	
0.717919	-0.740715	1.31699	0.0772376	0.0591051	0.594827	-0.0623237	-0.674528	-2.67042	-2.29321	0.931264	-1.72029	1.02746	-0.253819	-1.51547	-4.31913	0.652243	0.907202	2.08262	-1.16136	0.776208	0.683112	-0.0637558	0.77119	1.11742	0.641613	0.202592	-0.959448	
0.179942	-1.10657	0.842247	-0.411741	0.149142	0.42244	0.418625	0.077819	-1.34959	-1.5056	0.385146	-2.31353	0.935968	-0.613172	-0.824028	-3.61683	0.0310427	0.796283	2.6111	-0.24593	0.465303	0.230232	0.411539	0.740935	1.12688	0.29943	0.685717	-0.723373	
-0.362988	-1.08868	0.231359	-0.960325	0.116721	0.235563	1.22843	0.728425	-0.236345	-0.788025	-0.241065	-2.59141	0.658606	-0.751976	-0.284191	-2.81304	-0.581461	0.704665	2.93878	0.520646	0.0876767	-0.221301	0.821433	0.672897	0.848327	-0.0836993	0.943537	-0.529429	
-0.862131	-0.870914	-0.40577	-1.52002	-0.0459024	-0.0279715	2.20659	1.16698	0.655882	-0.109366	-0.801451	-2.58133	0.303961	-0.661055	0.107416	-1.98287	-1.12352	0.588529	3.04271	1.13288	-0.317727	-0.670323	1.12124	0.536397	0.356945	-0.512653	0.941746	-0.449558	
-1.2582	-0.68045	-0.925566	-2.00632	-0.274912	-0.387939	3.14534	1.33532	1.33358	0.532555	-1.17941	-2.3869	-0.0346114	-0.420725	0.356296	-1.2324	-1.53572	0.425223	2.93242	1.59686	-0.679253	-1.08973	1.29627	0.328142	-0.167425	-0.942367	0.728994	-0.522917	
-1.5001	-0.632424	-1.21281	-2.33379	-0.481748	-0.824326	3.81766	1.23272	1.79919	1.11486	-1.30972	-2.12122	-0.259828	-0.148878	0.46734	-0.655123	-1.7683	0.207902	2.62936	1.92556	-0.92524	-1.43203	1.33895	0.0518375	-0.536759	-1.30722	0.398076	-0.743739	
-1.55721	-0.73089	-1.22147	-2.43834	-0.590849	-1.27556	4.10274	0.925881	2.06725	1.59209	-1.19167	-1.88232	-0.336902	0.00899296	0.439577	-0.298029	-1.79839	-0.0433149	2.16984	2.13778	-1.00288	-1.64321	1.26657	-0.273449	-0.634836	-1.54374	0.0435389	-1.06148	
-1.42153	-0.884096	-0.986265	-2.30653	-0.566309	-1.65808	4.05297	0.516326	2.12237	1.91995	-0.918218	-1.71446	-0.320029	-0.0573769	0.23849	-0.140099	-1.62859	-0.293403	1.5813	2.23333	-0.901134	-1.67419	1.10524	-0.625871	-0.451395	-1.61469	-0.275591	-1.40236	
-1.11385	-0.92883	-0.586541	-1.95648	-0.425615	-1.88821	3.74309	0.117246	1.9706	2.0858	-0.593675	-1.59418	-0.273362	-0.341903	-0.156172	-0.116774	-1.27899	-0.500378	0.901301	2.2255	-0.643484	-1.50372	0.878868	-0.975888	-0.0882782	-1.5102	-0.547668	-1.6815	
-0.685985	-0.739244	-0.134727	-1.45385	-0.220147	-1.91609	3.31779	-0.191222	1.6437	2.11247	-0.319272	-1.45742	-0.273928	-0.756209	-0.740534	-0.140118	-0.796877	-0.632615	0.1729	2.1278	-0.285515	-1.15316	0.61916	-1.30054	0.300581	-1.26463	-0.785439	-1.83837	
-0.215384	-0.308857	0.280071	-0.882362	-0.0232582	-1.74963	2.87478	-0.385507	1.20093	2.06153	-0.147268	-1.21817	-0.35989	-1.11936	-1.46964	-0.143403	-0.245511	-0.691515	-0.546155	1.9784	0.0948267	-0.688261	0.344789	-1.5901	0.571619	-0.943654	-1.02284	-1.85472	
0.218709	0.268336	0.622367	-0.328173	0.107881	-1.44924	2.46863	-0.496241	0.733093	1.99693	-0.062576	-0.826239	-0.518688	-1.26986	-2.25183	-0.121369	0.303839	-0.699711	-1.19487	1.81836	0.430082	-0.203399	0.0777017	-1.84074	0.662057	-0.621648	-1.27312	-1.76227	
0.54662	0.846956	0.884527	0.141316	0.141006	-1.10436	2.11184	-0.588179	0.325818	1.96271	-0.0350013	-0.281877	-0.689506	-1.08577	-2.97197	-0.113491	0.782333	-0.699764	-1.72101	1.68466	0.67018	0.206197	-0.167743	-2.05582	0.593621	-0.354001	-1.52504	-1.61922	
0.735407	1.27776	1.09024	0.500295	0.0806762	-0.798261	1.73227	-0.700319	0.075799	1.99029	0.00415795	0.359654	-0.784035	-0.577638	-3.49648	-0.162805	1.13825	-0.722769	-2.07203	1.62916	0.805551	0.473445	-0.374189	-2.22175	0.450598	-0.164044	-1.73356	-1.48728	
0.792287	1.49605	1.2513	0.74489	-0.0445231	-0.580211	1.29167	-0.838168	0.0210888	2.07885	0.0887386	0.999965	-0.750638	0.115746	-3.74343	-0.288093	1.34336	-0.780963	-2.23355	1.67096	0.848105	0.579664	-0.530352	-2.32102	0.336182	-0.045143	-1.84813	-1.40822	
0.741819	1.53586	1.33462	0.883943	-0.218008	-0.459244	0.843299	-0.98017	0.136356	2.18084	0.216334	1.52027	-0.59756	0.775144	-3.69554	-0.48792	1.38148	-0.872667	-2.22196	1.80113	0.803447	0.54965	-0.634707	-2.3447	0.286703	0.0285626	-1.85411	-1.39576	
0.624144	1.48382	1.25919	0.91893	-0.430548	-0.407116	0.551079	-1.08635	0.353731	2.2367	0.336499	1.80502	-0.378332	1.14484	-3.40112	-0.718895	1.25288	-0.972472	-2.09445	1.97255	0.672497	0.441244	-0.68272	-2.29425	0.269833	0.0759534	-1.76814	-1.43549	
0.461328	1.42479	0.928812	0.850633	-0.693425	-0.378486	0.629841	-1.12508	0.554089	2.19006	0.385275	1.80308	-0.194722	1.08434	-2.98098	-0.922495	0.960283	-1.06404	-1.92333	2.11245	0.430149	0.315673	-0.687046	-2.18867	0.190188	0.112305	-1.65662	-1.49094	
0.269333	1.39458	0.30373	0.689641	-1.00275	-0.329407	1.19361	-1.07983	0.669145	2.0291	0.330995	1.52159	-0.130073	0.589151	-2.54462	-1.04392	0.524891	-1.12918	-1.763	2.16948	0.0644701	0.213017	-0.652366	-2.04875	-0.0425239	0.150168	-1.58017	-1.52583	
0.0413358	1.36001	-0.586779	0.45926	-1.33627	-0.238076	2.23475	-0.968375	0.676897	1.77904	0.154642	1.04013	-0.228241	-0.167919	-2.17253	-1.06088	-0.0194148	-1.17001	-1.64271	2.11281	-0.425086	0.14091	-0.583449	-1.9006	-0.463925	0.200687	-1.5756	-1.50972	
-0.226277	1.21662	-1.61029	0.20067	-1.6395	-0.110739	3.54617	-0.830915	0.613812	1.49341	-0.0980129	0.480353	-0.483171	-0.900762	-1.89405	-0.99158	-0.61857	-1.1953	-1.54718	1.95539	-0.993677	0.0858737	-0.483193	-1.76231	-1.01876	0.276236	-1.63434	-1.42928	
-0.520586	0.878165	-2.55891	-0.0289466	-1.84065	0.0244858	4.76606	-0.717859	0.562293	1.23629	-0.355593	-0.0124418	-0.804743	-1.29947	-1.68619	-0.886103	-1.19407	-1.21572	-1.44204	1.74117	-1.55884	0.0258521	-0.357955	-1.64948	-1.56648	0.3931	-1.71013	-1.28475	
-0.813586	0.343383	-3.21853	-0.173725	-1.87401	0.13505	5.51767	-0.667408	0.59229	1.03793	-0.539782	-0.302975	-1.09399	-1.15537	-1.50132	-0.810446	-1.66171	-1.23443	-1.28458	1.52173	-2.01584	-0.0535013	-0.218539	-1.56898	-1.93617	0.566066	-1.72859	-1.08953	
-1.04587	-0.302146	-3.43432	-0.191587	-1.70491	0.210082	5.50745	-0.669956	0.747391	0.918932	-0.618639	-0.323474	-1.26036	-0.42209	-1.29427	-0.780241	-1.93476	-1.22688	-1.0512	1.34826	-2.25496	-0.138332	-0.0764326	-1.50486	-2.00783	0.797521	-1.63013	-0.853483	
-1.1627	-0.856935	-3.16842	-0.066995	-1.35951	0.261301	4.64462	-0.681652	0.995966	0.868251	-0.598918	-0.0441301	-1.26543	0.747699	-1.06	-0.765582	-1.95761	-1.16422	-0.749054	1.23654	-2.218	-0.196075	0.0435395	-1.43825	-1.7636	1.07034	-1.40474	-0.582985	
-1.12127	-1.11084	-2.51277	0.176308	-0.922017	0.322157	3.09075	-0.64056	1.25034	0.856722	-0.522138	0.468638	-1.152	2.04723	-0.831977	-0.703358	-1.72256	-1.01142	-0.409564	1.17271	-1.91093	-0.185227	0.119182	-1.34534	-1.30566	1.34699	-1.10191	-0.285248	
-0.929219	-0.930829	-1.68554	0.480898	-0.524655	0.429388	1.26672	-0.492787	1.39097	0.847662	-0.49324	1.10207	-1.0138	3.11571	-0.677616	-0.523456	-1.28964	-0.759395	-0.0828473	1.10828	-1.43177	-0.0822427	0.135015	-1.20789	-0.83887	1.57196	-0.822712	0.0329499	
-0.646827	-0.333615	-0.948515	0.758312	-0.294739	0.597484	-0.282514	-0.215745	1.30159	0.808555	-0.59896	1.69762	-0.976636	3.65873	-0.664753	-0.189934	-0.780188	-0.432811	0.190725	0.980681	-0.931532	0.100765	0.0901441	-1.01513	-0.580375	1.67639	-0.674912	0.355462	
-0.368753	0.524786	-0.516829	0.942091	-0.313949	0.819178	-1.13479	0.187223	0.961531	0.745528	-0.887708	2.1133	-1.11699	3.57841	-0.809006	0.292504	-0.339358	-0.0935744	0.406467	0.766086	-0.571937	0.309873	0.00100201	-0.760684	-0.680693	1.63058	-0.734028	0.669025	
-0.197421	1.38384	-0.492451	0.98223	-0.57405	1.0536	-1.07918	0.682773	0.465466	0.686591	-1.35297	2.24814	-1.45571	2.94429	-1.03967	0.862626	-0.0996244	0.181697	0.60192	0.489781	-0.465709	0.462584	-0.0865136	-0.446079	-1.14039	1.43558	-0.987621	0.949352	
-0.196162	1.97694	-0.840521	0.867341	-0.982881	1.24917	-0.227497	1.22746	-0.0232375	0.679986	-1.93638	2.04568	-1.93226	2.02619	-1.24451	1.43533	-0.134731	0.329684	0.838258	0.223441	-0.634327	0.489002	-0.124329	-0.0752372	-1.83169	1.1345	-1.35103	1.18531	
-0.37294	2.1373	-1.40698	0.627494	-1.39383	1.35789	1.03	1.77115	-0.312192	0.757568	-2.52655	1.55346	-2.40106	1.1483	-1.28933	1.91742	-0.435892	0.319697	1.17877	0.0615918	-1.00965	0.354859	-0.074745	0.329889	-2.53887	0.794279	-1.69049	1.37621	
-0.674035	1.85327	-1.98464	0.304459	-1.65234	1.35069	2.21316	2.26945	-0.267245	0.927443	-3.00082	0.856055	-2.72908	0.569884	-1.08126	2.24934	-0.920672	0.170868	1.64925	0.0826351	-1.4558	0.075228	0.0789713	0.731501	-3.02964	0.480088	-1.866	1.52115	
-1.01013	1.25199	-2.39724	-0.0507993	-1.66028	1.2368	2.91166	2.69999	0.159291	1.17712	-3.27818	0.0898757	-2.82958	0.426328	-0.601144	2.43858	-1.46103	-0.0572326	2.22235	0.325239	-1.82243	-0.292154	0.326672	1.08968	-3.16931	0.235458	-1.79452	1.62612	
-1.29071	0.517777	-2.55009	-0.407668	-1.40045	1.0467	2.97043	3.04767	0.886518	1.47168	-3.32498	-0.626243	-2.69732	0.653432	0.081639	2.54451	-1.9291	-0.283084	2.81434	0.755516	-1.99871	-0.665747	0.634762	1.36201	-2.95209	0.0594412	-1.47789	1.68436	
-1.45493	-0.155547	-2.45829	-0.742211	-0.945691	0.834831	2.47238	3.30669	1.7336	1.77281	-3.16921	-1.19687	-2.403	1.06381	0.818278	2.65487	-2.23963	-0.43424	3.31672	1.27948	-1.9509	-0.971514	0.947584	1.5193	-2.49868	-0.062013	-1.00228	1.68981	
-1.50479	-0.665597	-2.22454	-1.06238	-0.431354	0.640445	1.77609	3.46035	2.48644	2.03469	-2.88464	-1.58302	-2.08195	1.39972	1.44776	2.82773	-2.38435	-0.479781	3.62523	1.76641	-1.73757	-1.1776	1.21497	1.54056	-1.99879	-0.177942	-0.504208	1.62341	
-1.50069	-1.01135	-2.00011	-1.39451	-0.00406497	0.475643	1.3505	3.48963	2.95723	2.23073	-2.58653	-1.81105	-1.87156	1.45195	1.83902	3.08651	-2.43151	-0.440991	3.6706	2.09198	-1.48102	-1.30335	1.40024	1.42538	-1.63319	-0.333067	-0.116495	1.46655	
-1.526	-1.28148	-1.89729	-1.74457	0.232088	0.331955	1.52985	3.38704	3.07676	2.35044	-2.35018	-1.93388	-1.83715	1.16625	1.96436	3.39368	-2.47533	-0.377612	3.45466	2.18894	-1.3066	-1.40236	1.49212	1.19526	-1.49383	-0.543342	0.0781615	1.21663	
-1.64068	-1.54053	-1.9485	-2.09977	0.261269	0.186047	2.36911	3.16735	2.90413	2.41472	-2.21635	-2.01624	-1.96547	0.616204	1.8967	3.68567	-2.59497	-0.352932	3.04375	2.07388	-1.28644	-1.53188	1.50567	0.890516	-1.53598	-0.787127	0.0893183	0.892946	
-1.84768	-1.79034	-2.0954	-2.42248	0.149717	0.0225007	3.56946	2.87586	2.61159	2.46509	-2.17527	-2.08267	-2.13879	-0.0022139	1.7883	3.90132	-2.80711	-0.401566	2.55223	1.84644	-1.40272	-1.72029	1.4711	0.566665	-1.61941	-1.01713	0.00811547	0.543364	
-2.09547	-1.97562	-2.22904	-2.66848	0.00877492	-0.165553	4.67167	2.56035	2.37232	2.51934	-2.16439	-2.12603	-2.19761	-0.485042	1.78746	3.98961	-3.06111	-0.520974	2.08806	1.62611	-1.57497	-1.94875	1.4141	0.265802	-1.57995	-1.19272	-0.0454247	0.230564	
-2.29487	-1.99061	-2.25229	-2.80777	-0.0506672	-0.367126	5.21642	2.26483	2.3221	2.5872	-2.10951	-2.103	-2.00468	-0.735198	1.99471	3.94291	-3.26313	-0.667228	1.73038	1.5272	-1.69004	-2.16271	1.35576	0.0155455	-1.30431	-1.29027	0.0377405	0.00773609	
-2.36219	-1.76145	-2.10902	-2.833	0.0289687	-0.558295	4.97529	2.01913	2.4932	2.64968	-1.94835	-1.97455	-1.52654	-0.742485	2.41331	3.79057	-3.30951	-0.783828	1.50133	1.5998	-1.65747	-2.29937	1.3038	-0.175702	-0.791564	-1.32656	0.296842	-0.100754	
-2.25693	-1.30835	-1.82656	-2.76623	0.237872	-0.713117	4.03452	1.83262	2.81567	2.68243	-1.67635	-1.72134	-0.839443	-0.643163	2.95136	3.59667	-3.14519	-0.820766	1.37362	1.82423	-1.44709	-2.31476	1.25918	-0.304836	-0.153672	-1.33714	0.69758	-0.105339	
-2.0016	-0.782563	-1.49294	-2.65115	0.500224	-0.814267	2.78374	1.69136	3.14371	2.65135	-1.33309	-1.37847	-0.101067	-0.601422	3.45697	3.41501	-2.78364	-0.766339	1.29039	2.11122	-1.10717	-2.20877	1.21648	-0.378441	0.418838	-1.36029	1.13528	-0.0537261	
-1.68499	-0.395247	-1.23096	-2.55206	0.708915	-0.870817	1.79161	1.55379	3.30991	2.51828	-0.993905	-1.02989	0.483303	-0.730782	3.77349	3.26147	-2.32428	-0.662753	1.18731	2.33174	-0.754763	-2.0364	1.16884	-0.417904	0.741192	-1.43181	1.48493	-0.0088698	
-1.42471	-0.338229	-1.13449	-2.52918	0.771256	-0.914803	1.55473	1.37245	3.22491	2.26553	-0.744453	-0.779053	0.77771	-1.03666	3.82127	3.11624	-1.90959	-0.587195	1.02345	2.38344	-0.520079	-1.88685	1.11791	-0.448841	0.712802	-1.55201	1.65166	-0.0358959	
-1.31943	-0.714739	-1.23037	-2.60304	0.651025	-0.978814	2.30846	1.11704	2.87747	1.8899	-0.649625	-0.729563	0.755047	-1.39016	3.60326	2.93807	-1.66914	-0.620279	0.785665	2.20959	-0.498086	-1.83899	1.06413	-0.495404	0.360947	-1.68752	1.60301	-0.166978	
-1.39774	-1.42504	-1.45817	-2.73739	0.39495	-1.0747	3.80489	0.796323	2.38577	1.44267	-0.70356	-0.902089	0.514012	-1.60336	3.23235	2.70109	-1.66474	-0.797877	0.505387	1.85545	-0.691492	-1.92341	1.00955	-0.56448	-0.150229	-1.76963	1.39743	-0.381141	
-1.60712	-2.20404	-1.68937	-2.8545	0.107273	-1.18474	5.44944	0.45598	1.92031	1.00279	-0.85176	-1.25008	0.249845	-1.47917	2.8648	2.42241	-1.85984	-1.09751	0.226547	1.42988	-1.01773	-2.10611	0.947975	-0.653885	-0.595886	-1.73182	1.15135	-0.614208	
-1.84371	-2.74492	-1.80508	-2.85948	-0.0920856	-1.26318	6.51194	0.16234	1.62971	0.655016	-0.99125	-1.64041	0.167736	-0.948839	2.63686	2.16002	-2.14999	-1.43893	-0.0119753	1.06534	-1.34567	-2.29674	0.863696	-0.75002	-0.767239	-1.53496	0.99393	-0.768147	
-2.00543	-2.82163	-1.75379	-2.68886	-0.12935	-1.26322	6.48021	-0.0267821	1.59144	0.467744	-1.02938	-1.91973	0.390333	-0.104507	2.61838	1.99707	-2.40848	-1.72631	-0.202335	0.870076	-1.56462	-2.39659	0.740463	-0.841793	-0.575338	-1.18452	1.00573	-0.760439	
-2.03357	-2.41368	-1.56974	-2.32882	-0.00414662	-1.14971	5.25755	-0.0719704	1.76698	0.4724	-0.909977	-1.96191	0.893967	0.861038	2.77463	2.01626	-2.53781	-1.88519	-0.364049	0.881781	-1.62196	-2.33789	0.565622	-0.915498	-0.0774485	-0.733397	1.18811	-0.542033	
-1.93473	-1.67881	-1.34931	-1.81502	0.215444	-0.92014	3.14283	0.0449261	2.04886	0.665192	-0.636745	-1.69957	1.53909	1.70844	3.01142	2.27426	-2.49994	-1.88489	-0.526594	1.07305	-1.533	-2.11646	0.339882	-0.949675	0.561571	-0.245337	1.47975	-0.119736	
-1.78153	-0.941403	-1.2233	-1.23814	0.413423	-0.61444	0.819918	0.301586	2.28267	0.998347	-0.296277	-1.17563	2.11566	2.23391	3.19851	2.77154	-2.33992	-1.76068	-0.725689	1.35386	-1.38627	-1.79829	0.0808798	-0.934441	1.10972	0.212062	1.76833	0.437702	
-1.67622	-0.53413	-1.28627	-0.714622	0.474511	-0.313764	-0.960183	0.635267	2.34003	1.38296	0.0212227	-0.506124	2.41963	2.37337	3.23653	3.42083	-2.15236	-1.59946	-0.976367	1.61392	-1.29175	-1.49483	-0.183771	-0.878062	1.3758	0.581743	1.93778	1.02004	
-1.701	-0.626932	-1.54333	-0.356911	0.329324	-0.124193	-1.61725	0.940601	2.17291	1.6967	0.208811	0.134766	2.36881	2.22725	3.094	4.0625	-2.0302	-1.50761	-1.27868	1.74985	-1.33421	-1.31973	-0.419373	-0.823149	1.28265	0.821161	1.91784	1.48759	
-1.87312	-1.17388	-1.90674	-0.229266	-0.0102485	-0.125287	-0.984555	1.11376	1.81574	1.82913	0.202284	0.59477	2.01756	1.96623	2.80817	4.52254	-2.0226	-1.55783	-1.60695	1.70818	-1.52621	-1.33492	-0.597944	-0.82227	0.894999	0.913383	1.69651	1.72708	
-2.1337	-1.88648	-2.21198	-0.326661	-0.451016	-0.354223	0.604632	1.07234	1.39773	1.7204	0.027033	0.791158	1.54162	1.7592	2.48495	4.65962	-2.10072	-1.76224	-1.92189	1.50645	-1.79885	-1.53076	-0.702891	-0.924993	0.400252	0.855985	1.34159	1.66741	
-2.36823	-2.39535	-2.28849	-0.588654	-0.859559	-0.783917	2.53715	0.773652	1.06561	1.36988	-0.234008	0.729439	1.15974	1.71022	2.22918	4.40736	-2.17814	-2.07075	-2.1843	1.20562	-2.03564	-1.82881	-0.730866	-1.16212	0.0162522	0.649039	0.94951	1.30475	
-2.45294	-2.39324	-2.03065	-0.915135	-1.10888	-1.33015	4.11263	0.239548	0.920942	0.835585	-0.444592	0.482117	1.03277	1.77042	2.10883	3.79606	-2.14337	-2.38074	-2.36015	0.88373	-2.11399	-2.10944	-0.694769	-1.5233	-0.0821719	0.298028	0.619936	0.703786	
-2.32818	-1.78914	-1.46881	-1.21746	-1.13812	-1.88147	4.91917	-0.458078	0.987169	0.218551	-0.512848	0.164397	1.19175	1.7741	2.1195	2.9429	-1.93747	-2.5972	-2.43879	0.600912	-1.986	-2.27571	-0.610345	-1.96367	0.14507	-0.179192	0.405466	-0.0239617	
