-0.545113	-0.163059	-0.0757625	1.42002	-1.31514	0.00112705	-1.15625	-0.401672	-0.51071	-1.04834	0.621779	0.233128	0.320154	-0.0397166	-0.312866	0.0932824	-0.164718	-0.382544	-0.86569	-0.575127	-0.702739	0.0801378	-0.9291	-0.520387	-0.229934	1.68585	-1.07168	0.0812495	
-0.487939	0.718583	0.266169	1.07936	-0.96701	-0.222712	-1.14609	-0.32817	-0.493334	-0.663229	0.940243	0.273906	0.195098	0.148942	-0.560579	0.250865	-0.134627	-0.331833	-0.658594	-0.352818	-0.46599	-0.124745	-0.79107	-0.569343	-0.0438666	0.834587	-1.06086	-0.0735209	
-0.331465	1.35524	0.431214	0.416238	-0.462206	-0.333602	-0.940153	-0.11561	-0.415376	-0.112625	0.966301	0.135089	-0.0906838	0.219802	-0.794917	0.327751	-0.143316	-0.15016	-0.290389	-0.0699916	-0.170157	-0.278764	-0.494782	-0.447312	0.135008	-0.135675	-0.959929	-0.264136	
-0.155391	1.55573	0.299084	-0.382298	0.0424681	-0.29211	-0.589026	0.198964	-0.337592	0.439455	0.6456	-0.14102	-0.498862	0.166298	-0.964526	0.305984	-0.206725	0.0781765	0.146455	0.163643	0.0705744	-0.339959	-0.141659	-0.179074	0.210805	-0.934592	-0.804968	-0.432787	
-0.0374832	1.29752	-0.128261	-1.09119	0.40514	-0.123635	-0.179978	0.536748	-0.317185	0.814158	0.0352376	-0.443608	-0.929092	-0.0139383	-1.04711	0.196063	-0.329379	0.268715	0.550035	0.255261	0.172574	-0.309647	0.162519	0.164813	0.120998	-1.36524	-0.628882	-0.536172	
-0.0152284	0.688672	-0.707072	-1.49101	0.55671	0.105618	0.188286	0.806682	-0.377669	0.894305	-0.68568	-0.637378	-1.24579	-0.238594	-1.03775	0.0337149	-0.477065	0.364089	0.833875	0.16924	0.12516	-0.210744	0.344215	0.492675	-0.117593	-1.35604	-0.445048	-0.54685	
-0.0662345	-0.0289921	-1.20562	-1.45751	0.523069	0.311661	0.432564	0.934094	-0.509492	0.652525	-1.26881	-0.654462	-1.32765	-0.444287	-0.953506	-0.134592	-0.588957	0.356456	0.94127	-0.0712055	-0.00894326	-0.0819489	0.382119	0.719837	-0.413431	-0.996491	-0.249561	-0.470457	
-0.12201	-0.586178	-1.37526	-1.00266	0.413124	0.428555	0.511879	0.879014	-0.680103	0.152124	-1.48069	-0.474565	-1.09818	-0.589002	-0.823091	-0.271435	-0.592049	0.280403	0.856026	-0.402145	-0.11883	0.0444569	0.306867	0.79417	-0.614698	-0.472741	-0.0206372	-0.335711	
-0.0953973	-0.778388	-1.06262	-0.242559	0.362301	0.444573	0.429731	0.656009	-0.85188	-0.476039	-1.19494	-0.170717	-0.582559	-0.647366	-0.67337	-0.366415	-0.419465	0.195248	0.601017	-0.744458	-0.0916895	0.166089	0.178878	0.71579	-0.580015	0.0378977	0.250247	-0.179436	
0.0667824	-0.514034	-0.281488	0.615529	0.468535	0.390925	0.236199	0.321173	-0.990931	-1.08377	-0.477618	0.160218	0.117169	-0.628857	-0.518799	-0.428188	-0.0580742	0.151942	0.228317	-1.03128	0.127129	0.291015	0.0613602	0.52659	-0.250584	0.400069	0.556834	-0.0382403	
0.353583	0.111512	0.76445	1.33123	0.742256	0.323373	0.00460552	-0.0424963	-1.08442	-1.55146	0.44799	0.422375	0.833275	-0.532	-0.36057	-0.48774	0.43983	0.167948	-0.186812	-1.23148	0.504999	0.427943	-0.00819131	0.294433	0.322841	0.563238	0.856539	0.0626443	
0.686457	0.885692	1.75309	1.70941	1.10849	0.295997	-0.18495	-0.347725	-1.12829	-1.81092	1.26523	0.553837	1.39659	-0.393088	-0.182411	-0.568593	0.95937	0.222577	-0.558251	-1.33725	0.930209	0.569085	-0.0218037	0.092819	0.985144	0.561838	1.09512	0.115913	
0.937936	1.53086	2.36123	1.66543	1.43512	0.337494	-0.272946	-0.528639	-1.11977	-1.85338	1.69458	0.529154	1.69592	-0.208333	0.0344717	-0.673181	1.35678	0.265931	-0.807496	-1.35569	1.25496	0.688269	0.00155966	-0.0250902	1.53967	0.484893	1.22707	0.138219	
0.992237	1.8126	2.37057	1.22753	1.58858	0.431038	-0.235374	-0.558477	-1.05182	-1.71551	1.61438	0.402474	1.70476	0.0338745	0.302515	-0.781814	1.50237	0.248082	-0.883011	-1.2943	1.35033	0.735921	0.0323663	-0.0401923	1.81509	0.389644	1.22942	0.15169	
0.79292	1.62759	1.77606	0.530568	1.49756	0.5212	-0.0854563	-0.464996	-0.91871	-1.47258	1.10029	0.268774	1.50288	0.289567	0.60866	-0.859994	1.33046	0.144629	-0.773998	-1.16353	1.162	0.664192	0.0488184	0.0265916	1.74075	0.294722	1.12225	0.166524	
0.392058	1.03381	0.793125	-0.193204	1.17928	0.560234	0.123306	-0.304445	-0.718319	-1.19696	0.406062	0.153557	1.22798	0.540458	0.919521	-0.874103	0.893196	-0.0222802	-0.518974	-0.969021	0.746742	0.470897	0.0455488	0.134129	1.37519	0.20955	0.956832	0.193183	
-0.0597912	0.254078	-0.206459	-0.705403	0.743053	0.517869	0.323167	-0.15502	-0.462006	-0.94926	-0.134798	0.104024	1.02901	0.718429	1.19067	-0.809274	0.348282	-0.192396	-0.203196	-0.723889	0.25618	0.202923	0.0356765	0.23084	0.886642	0.111806	0.806076	0.223561	
-0.371061	-0.433709	-0.834465	-0.829195	0.325913	0.39849	0.437014	-0.0912901	-0.193766	-0.776832	-0.257429	0.120835	1.00085	0.783794	1.37019	-0.686521	-0.0881534	-0.296174	0.0562064	-0.470106	-0.122763	-0.0461714	0.0269846	0.268864	0.486058	0.00761594	0.718491	0.235723	
-0.372333	-0.779042	-0.83031	-0.494328	0.0518811	0.245639	0.415661	-0.157451	0.0304932	-0.694815	0.122975	0.176907	1.15281	0.69388	1.4356	-0.549088	-0.210677	-0.281786	0.153814	-0.256897	-0.233843	-0.164206	0.0229302	0.222763	0.333556	-0.0586281	0.713422	0.210415	
-0.00341645	-0.653963	-0.151338	0.235831	-0.027823	0.109944	0.24343	-0.364176	0.145148	-0.712753	0.878817	0.245068	1.42018	0.456954	1.38639	-0.457494	0.0835623	-0.147049	0.019942	-0.148815	-0.0201376	-0.0767754	0.00682593	0.0850394	0.487143	-0.027097	0.771037	0.127941	
0.659576	-0.12099	0.990299	1.16922	0.0492854	0.0287617	-0.0549541	-0.678084	0.0994579	-0.818172	1.7089	0.292175	1.68082	0.148855	1.25147	-0.458986	0.749714	0.0576046	-0.348278	-0.195331	0.450381	0.216994	-0.0511425	-0.128803	0.869497	0.144814	0.835945	-0.0154337	
1.42212	0.620391	2.22407	2.03113	0.196141	0.00126141	-0.411206	-1.03612	-0.115165	-0.976071	2.28809	0.297011	1.82291	-0.17285	1.08341	-0.563298	1.6012	0.246066	-0.880055	-0.404661	1.01227	0.631795	-0.172601	-0.388175	1.32867	0.437823	0.856509	-0.209592	
2.03069	1.32842	3.14056	2.54824	0.308706	-0.0060267	-0.736309	-1.3493	-0.443784	-1.1184	2.37675	0.247715	1.78652	-0.362652	0.949859	-0.723875	2.37269	0.328152	-1.44578	-0.71796	1.46081	1.01935	-0.356836	-0.650271	1.68465	0.761178	0.808362	-0.413768	
2.27613	1.78511	3.44126	2.51652	0.325622	-0.0459719	-0.937987	-1.54092	-0.792881	-1.17462	1.94303	0.155889	1.58491	-0.355213	0.901109	-0.862459	2.8042	0.256398	-1.89483	-1.0406	1.63243	1.21825	-0.568023	-0.86902	1.81281	0.9564	0.704637	-0.582797	
2.06263	1.89003	3.04997	1.8836	0.241039	-0.163957	-0.957418	-1.56373	-1.05419	-1.09388	1.15362	0.0464487	1.29644	-0.116986	0.954495	-0.892669	2.73607	0.0401002	-2.10706	-1.26738	1.45835	1.11746	-0.749569	-1.00622	1.69499	0.883338	0.588771	-0.67481	
1.45918	1.67875	2.122	0.773065	0.110139	-0.362944	-0.784482	-1.40922	-1.13992	-0.853388	0.299056	-0.0774689	1.01701	0.300231	1.09987	-0.750611	2.18534	-0.251248	-2.02759	-1.31497	0.998342	0.718073	-0.838926	-1.03759	1.39814	0.485858	0.511513	-0.656923	
0.664842	1.29588	0.992189	-0.531382	0.00526929	-0.604706	-0.467125	-1.12353	-1.02387	-0.500267	-0.303386	-0.180255	0.820611	0.778947	1.28886	-0.436038	1.32409	-0.518891	-1.69149	-1.17244	0.406385	0.126516	-0.800144	-0.963301	1.05541	-0.167736	0.501156	-0.530289	
-0.0646988	0.897323	0.0316353	-1.66819	-0.0245766	-0.817643	-0.103132	-0.785423	-0.74902	-0.124434	-0.476768	-0.219656	0.722848	1.19784	1.46527	-0.0094495	0.434656	-0.6768	-1.21212	-0.898398	-0.124707	-0.463938	-0.64434	-0.80994	0.787971	-0.874547	0.539938	-0.324573	
-0.504018	0.58716	-0.47307	-2.29691	0.0273732	-0.92105	0.197233	-0.488409	-0.414201	0.155035	-0.223659	-0.188379	0.683276	1.41176	1.57773	0.418738	-0.197626	-0.679475	-0.738393	-0.605715	-0.433327	-0.84574	-0.42433	-0.621917	0.66151	-1.3567	0.573429	-0.0938281	
-0.547202	0.400368	-0.419297	-2.20775	0.117879	-0.868696	0.340219	-0.311556	-0.138047	0.231294	0.274935	-0.0790235	0.627877	1.365	1.59897	0.733045	-0.383558	-0.548342	-0.409941	-0.416416	-0.448236	-0.882086	-0.222898	-0.454764	0.666072	-1.38124	0.53505	0.0990494	
-0.230424	0.281077	0.0919764	-1.40914	0.185769	-0.668764	0.281033	-0.301749	-0.0292248	0.0404621	0.762006	0.0425122	0.487051	1.05463	1.52061	0.841011	-0.0958304	-0.350104	-0.3112	-0.43192	-0.199232	-0.555113	-0.118038	-0.357193	0.731131	-0.865979	0.371948	0.193593	
0.283368	0.155343	0.811758	-0.127159	0.191159	-0.387968	0.0401069	-0.455326	-0.144803	-0.403781	1.00722	0.111796	0.235186	0.557977	1.35677	0.716831	0.526502	-0.171108	-0.449953	-0.685936	0.197208	0.0215519	-0.152186	-0.355535	0.77712	0.0699523	0.0825215	0.154074	
0.782901	0.016948	1.44355	1.23307	0.146418	-0.129789	-0.302234	-0.715456	-0.463456	-0.989391	0.908192	0.0872562	-0.0786711	0.0532444	1.15108	0.418852	1.25152	-0.0835116	-0.760827	-1.11887	0.597834	0.649546	-0.312641	-0.447096	0.756671	1.11051	-0.269173	-0.0106369	
1.08568	-0.0709777	1.75899	2.21967	0.111417	0.00279636	-0.632591	-1.00405	-0.913758	-1.57353	0.528393	-0.049962	-0.358668	-0.318671	0.93577	0.0546904	1.81811	-0.108223	-1.13334	-1.62639	0.880195	1.10519	-0.536217	-0.598052	0.681811	1.85409	-0.57536	-0.263059	
1.10756	-0.00574737	1.67639	2.4895	0.170172	-0.0504438	-0.851665	-1.24124	-1.39935	-2.00659	0.0426521	-0.265586	-0.491298	-0.439138	0.739534	-0.249233	2.05212	-0.217966	-1.46523	-2.08732	0.989571	1.23973	-0.741103	-0.760424	0.627666	1.97715	-0.722637	-0.539651	
0.880002	0.294703	1.27532	1.92343	0.386777	-0.284232	-0.904258	-1.38051	-1.83471	-2.20554	-0.336935	-0.462686	-0.394466	-0.273867	0.575839	-0.407452	1.90865	-0.349644	-1.69385	-2.415	0.944028	1.02077	-0.857556	-0.890283	0.677022	1.35844	-0.635663	-0.777615	
0.521971	0.814756	0.747081	0.680718	0.761781	-0.635533	-0.800297	-1.42748	-2.17616	-2.18091	-0.463482	-0.524749	-0.0526634	0.10389	0.449595	-0.404175	1.47531	-0.442981	-1.82151	-2.58962	0.812999	0.540297	-0.863631	-0.968593	0.888559	0.148293	-0.31119	-0.941285	
0.190418	1.42187	0.318113	-0.853438	1.22789	-0.999223	-0.60219	-1.42676	-2.41402	-2.02231	-0.299631	-0.423848	0.484228	0.571142	0.371057	-0.298994	0.937386	-0.46198	-1.8964	-2.64406	0.687662	-0.0164435	-0.784678	-1.00132	1.27073	-1.27527	0.183378	-1.0233	
0.00870652	1.86587	0.159579	-2.18503	1.67058	-1.26853	-0.400933	-1.44669	-2.57303	-1.87659	0.0630256	-0.18136	1.10576	0.906838	0.347784	-0.206069	0.494115	-0.407291	-1.98987	-2.65323	0.637484	-0.447671	-0.682137	-1.01615	1.7641	-2.43609	0.729121	-1.05446	
0.0336474	1.90594	0.336392	-2.87567	1.97247	-1.368	-0.274913	-1.54285	-2.67415	-1.86962	0.478024	0.0747119	1.6911	0.975156	0.398375	-0.236251	0.298995	-0.315234	-2.15355	-2.67549	0.694367	-0.601575	-0.620809	-1.04445	2.27653	-2.9299	1.20355	-1.07367	
0.239775	1.4139	0.793577	-2.71282	2.06693	-1.28185	-0.256466	-1.73794	-2.72824	-2.08761	0.806691	0.147058	2.13055	0.676669	0.526946	-0.463851	0.394921	-0.224582	-2.39021	-2.7466	0.845752	-0.4412	-0.63191	-1.10203	2.7051	-2.60623	1.52088	-1.12439	
0.546804	0.464397	1.3899	-1.77779	1.9683	-1.05253	-0.32558	-1.99988	-2.725	-2.51207	0.979332	-0.131578	2.37153	0.0459757	0.733007	-0.874583	0.728714	-0.163028	-2.65728	-2.85081	1.05317	-0.0356461	-0.702947	-1.17988	2.98667	-1.61532	1.65961	-1.22249	
0.860518	-0.661607	1.9514	-0.413385	1.77079	-0.752113	-0.414246	-2.24334	-2.6319	-3.02845	1.0156	-0.803813	2.42293	-0.766393	1.00688	-1.36571	1.18249	-0.126805	-2.87043	-2.92546	1.27281	0.471099	-0.774139	-1.23682	3.10857	-0.345851	1.66817	-1.34035	
1.1095	-1.56829	2.34167	0.896622	1.60243	-0.463685	-0.444742	-2.37193	-2.43205	-3.48302	0.988577	-1.70732	2.33104	-1.54341	1.31265	-1.78435	1.61372	-0.0893294	-2.94898	-2.91161	1.46819	0.912344	-0.774804	-1.22304	3.10212	0.716977	1.62973	-1.42557	
1.26853	-1.89378	2.49767	1.71063	1.57169	-0.242791	-0.360646	-2.30164	-2.13051	-3.71702	0.968291	-2.57529	2.16359	-2.05889	1.61101	-1.97074	1.91665	-0.017275	-2.83833	-2.76414	1.62286	1.16967	-0.653577	-1.09479	3.02083	1.19534	1.62963	-1.40614	
1.34784	-1.48921	2.44082	1.79061	1.71869	-0.106715	-0.157377	-2.00642	-1.77419	-3.6505	0.992836	-3.04676	1.97709	-2.16205	1.85189	-1.83298	2.03504	0.105041	-2.54405	-2.49411	1.7294	1.19728	-0.410211	-0.845247	2.90424	0.953801	1.71414	-1.2343	
1.37769	-0.473589	2.25182	1.18874	1.99963	-0.0361157	0.11326	-1.52977	-1.43218	-3.28606	1.03577	-2.84039	1.8091	-1.78652	2.00452	-1.37341	1.98294	0.255136	-2.12431	-2.14775	1.78827	1.03979	-0.100826	-0.512014	2.77224	0.163375	1.8749	-0.899939	
1.3907	0.794797	2.03757	0.207022	2.31668	0.0168901	0.366764	-0.968031	-1.17351	-2.71745	1.04043	-1.93097	1.67079	-1.03608	2.05878	-0.695512	1.8245	0.387565	-1.66818	-1.79229	1.80605	0.802511	0.188932	-0.160027	2.63235	-0.78788	2.05774	-0.439865	
1.40681	1.85001	1.89058	-0.726397	2.55607	0.0970562	0.51028	-0.451135	-1.05016	-2.10285	0.962856	-0.532113	1.55372	-0.107265	2.01729	0.0253881	1.63838	0.450602	-1.27026	-1.49747	1.78902	0.603625	0.371872	0.129787	2.47801	-1.46297	2.18155	0.0602392	
1.42848	2.29653	1.85248	-1.2168	2.6388	0.234733	0.483104	-0.0893298	-1.06724	-1.59476	0.802558	0.908223	1.44702	0.748137	1.90476	0.607594	1.49895	0.415282	-0.993069	-1.29729	1.75149	0.537879	0.399767	0.29925	2.31289	-1.5377	2.17644	0.503388	
1.45354	1.99065	1.9169	-1.07143	2.55198	0.427678	0.275677	0.0498917	-1.19745	-1.32383	0.612167	1.8998	1.32797	1.33532	1.73901	0.912147	1.43873	0.29786	-0.86044	-1.20924	1.70922	0.632962	0.280074	0.325485	2.1486	-0.952812	2.00304	0.799548	
1.47626	1.09904	2.02639	-0.379521	2.3433	0.63803	-0.0747615	-0.0306194	-1.38891	-1.33419	0.460425	2.06784	1.18239	1.54	1.54414	0.902466	1.45895	0.153348	-0.855925	-1.22225	1.67982	0.852493	0.0671551	0.229058	2.00114	0.0627053	1.66459	0.89926	
1.49979	0.0203918	2.11063	0.549664	2.09649	0.81582	-0.495055	-0.261447	-1.58282	-1.57862	0.415547	1.31086	0.998479	1.37514	1.34274	0.652296	1.53572	0.0573552	-0.946283	-1.3149	1.67832	1.11739	-0.159997	0.0654095	1.8873	1.10835	1.20627	0.811354	
1.52431	-0.78695	2.10349	1.30853	1.87791	0.899049	-0.910568	-0.547212	-1.74245	-1.94429	0.467073	-0.0907059	0.764124	0.982151	1.15468	0.306752	1.62376	0.0650679	-1.0994	-1.47906	1.69917	1.33026	-0.339138	-0.110762	1.79161	1.76166	0.690884	0.581869	
1.54248	-0.991343	1.97856	1.55683	1.71601	0.84319	-1.25404	-0.785438	-1.84427	-2.26719	0.559466	-1.64484	0.488274	0.535654	1.01414	0.0459971	1.67789	0.18543	-1.29337	-1.69974	1.72049	1.40898	-0.440957	-0.256218	1.68698	1.75017	0.194926	0.291589	
1.53767	-0.537189	1.75372	1.15992	1.5914	0.630847	-1.48198	-0.908601	-1.87839	-2.38943	0.593057	-2.82037	0.192741	0.201674	0.95465	0.00834928	1.65282	0.373417	-1.51752	-1.9618	1.70241	1.30677	-0.475059	-0.36289	1.52931	1.05666	-0.209871	0.0140108	
1.47342	0.337586	1.47505	0.229385	1.45834	0.273314	-1.57697	-0.88927	-1.81935	-2.16327	0.487896	-3.21989	-0.0762132	0.0749278	1.02136	0.26319	1.52627	0.533929	-1.76471	-2.21135	1.60261	1.02322	-0.476663	-0.452121	1.2964	-0.0979187	-0.466734	-0.197228	
1.32329	1.21872	1.20921	-0.926999	1.28826	-0.181086	-1.52525	-0.734612	-1.61547	-1.49174	0.212401	-2.77872	-0.267181	0.12893	1.25566	0.795704	1.29699	0.573636	-2.01007	-2.35752	1.39785	0.603039	-0.468687	-0.551375	0.99715	-1.33864	-0.532837	-0.313639	
1.07367	1.67286	1.00112	-1.95442	1.08647	-0.66756	-1.31784	-0.472781	-1.19879	-0.342961	-0.185464	-1.77447	-0.338828	0.25858	1.67795	1.52314	0.977464	0.437956	-2.20573	-2.28665	1.09277	0.11239	-0.446214	-0.6751	0.672388	-2.31554	-0.392167	-0.341354	
0.738348	1.45422	0.868841	-2.57261	0.905781	-1.1081	-0.941276	-0.127492	-0.492795	1.25029	-0.597257	-0.695566	-0.275411	0.328437	2.2889	2.34803	0.595973	0.137617	-2.29191	-1.8847	0.726176	-0.373049	-0.366761	-0.808868	0.387671	-2.8082	-0.0507082	-0.288648	
0.350621	0.575499	0.779853	-2.69127	0.808771	-1.44044	-0.39792	0.281161	0.535549	3.16988	-0.934819	-0.0356283	-0.1111	0.233837	3.0558	3.18545	0.172507	-0.256758	-2.22051	-1.10492	0.346002	-0.797948	-0.178077	-0.918073	0.189991	-2.80584	0.446227	-0.171933	
-0.0540427	-0.700697	0.657866	-2.43654	0.834363	-1.63044	0.282091	0.744389	1.85167	5.24023	-1.15284	-0.0611823	0.0878213	-0.0530436	3.93131	4.00231	-0.276222	-0.648639	-1.98087	0.0162734	-0.0104138	-1.13789	0.149277	-0.962505	0.0837809	-2.48704	1.01906	0.0052595	
-0.44655	-1.99553	0.423258	-2.05859	0.964078	-1.67622	1.03387	1.24744	3.33979	7.24737	-1.31352	-0.792318	0.229176	-0.453294	4.85703	4.80919	-0.743507	-0.953729	-1.61195	1.34329	-0.329929	-1.39305	0.596174	-0.918758	0.0188295	-2.09722	1.56897	0.247904	
-0.822995	-2.97561	0.0173669	-1.82452	1.11498	-1.61667	1.75537	1.75513	4.81391	8.97569	-1.52541	-1.88026	0.23637	-0.836067	5.77737	5.63725	-1.22379	-1.14821	-1.2092	2.67264	-0.634055	-1.59008	1.07713	-0.804711	-0.0809745	-1.85791	1.99482	0.55089	
-1.19476	-3.48569	-0.552276	-1.89057	1.17098	-1.51258	2.33576	2.20757	6.05535	10.233	-1.90387	-2.86222	0.0814179	-1.06492	6.639	6.49155	-1.70728	-1.26775	-0.8874	3.7787	-0.959746	-1.76406	1.46714	-0.67808	-0.294554	-1.85542	2.22507	0.896562	
-1.56561	-3.5708	-1.20361	-2.24863	1.04492	-1.421	2.68908	2.53426	6.87456	10.8947	-2.47535	-3.38698	-0.194679	-1.04305	7.3825	7.32415	-2.16309	-1.38155	-0.734901	4.48922	-1.32876	-1.93824	1.65196	-0.604405	-0.647837	-2.0365	2.24703	1.24585	
-1.92237	-3.41157	-1.79957	-2.75689	0.721353	-1.38887	2.76977	2.66616	7.14268	10.9151	-3.13402	-3.28972	-0.493713	-0.759631	7.92616	8.01325	-2.53574	-1.55674	-0.792295	4.7216	-1.72532	-2.11614	1.56275	-0.644008	-1.09087	-2.2682	2.09683	1.53818	
-2.20127	-3.20223	-2.17134	-3.19735	0.286747	-1.42134	2.59922	2.56642	6.82694	10.3301	-3.68172	-2.70113	-0.70396	-0.288915	8.16163	8.39054	-2.74915	-1.79975	-1.01788	4.50221	-2.0733	-2.26646	1.22152	-0.802953	-1.49876	-2.40099	1.8571	1.71254	
-2.30387	-3.02533	-2.18449	-3.3883	-0.0862166	-1.47826	2.25727	2.25682	5.98926	9.25237	-3.8515	-1.90085	-0.724155	0.223131	7.96906	8.29178	-2.71487	-2.03766	-1.29858	3.95631	-2.25187	-2.32393	0.738221	-1.02279	-1.70748	-2.3486	1.62595	1.73243	
-2.12091	-2.81875	-1.76383	-3.2381	-0.200146	-1.47924	1.85227	1.81011	4.7534	7.82625	-3.45659	-1.27009	-0.524693	0.671144	7.2324	7.60888	-2.36584	-2.12975	-1.48799	3.2411	-2.123	-2.20481	0.276571	-1.19043	-1.5733	-2.09723	1.47956	1.60419	
-1.58126	-2.41242	-0.941113	-2.78403	0.0846439	-1.34181	1.4772	1.32868	3.26175	6.1947	-2.46986	-0.977399	-0.156362	0.981186	5.88113	6.33843	-1.68561	-1.92647	-1.46649	2.49237	-1.59729	-1.8433	-0.0122858	-1.18249	-1.03609	-1.72608	1.44009	1.36805	
-0.697947	-1.6517	0.159986	-2.14904	0.780893	-1.01206	1.17705	0.911198	1.63536	4.47275	-1.04131	-0.966833	0.264141	1.15062	3.93176	4.58503	-0.721567	-1.33565	-1.18315	1.77546	-0.671256	-1.21536	-0.0492595	-0.91689	-0.151292	-1.32614	1.46476	1.08748	
0.429593	-0.493677	1.36449	-1.44904	1.76844	-0.476247	0.947412	0.623067	-0.0252795	2.74513	0.51407	-1.00462	0.595948	1.25492	1.51176	2.55604	0.420045	-0.36693	-0.669939	1.09244	0.557636	-0.347775	0.154219	-0.378164	0.921026	-0.93705	1.47734	0.835648	
1.62084	0.918601	2.48703	-0.759951	2.81785	0.206105	0.725344	0.468315	-1.66341	1.06111	1.86319	-0.748969	0.725569	1.37452	-1.15662	0.49551	1.59892	0.841235	-0.0487188	0.388714	1.90314	0.671695	0.483396	0.348595	1.97583	-0.548146	1.38033	0.653764	
2.68837	2.30761	3.40732	-0.0585528	3.67865	0.936669	0.435667	0.3949	-3.23373	-0.554992	2.73864	0.0108899	0.598793	1.56828	-3.79768	-1.3758	2.68202	2.0743	0.526241	-0.396518	3.15589	1.72133	0.78308	1.11517	2.81992	-0.0814576	1.10955	0.54693	
3.48459	3.36626	4.07321	0.718615	4.16556	1.5945	0.0254975	0.322408	-4.682	-2.07921	3.06467	1.26917	0.248452	1.83134	-6.14303	-2.91113	3.57522	3.10733	0.925906	-1.27872	4.13387	2.67252	0.917828	1.75693	3.32726	0.522943	0.655182	0.481328	
3.9613	3.90834	4.51805	1.62506	4.22627	2.07745	-0.509984	0.17152	-5.94948	-3.48805	2.97788	2.75286	-0.232477	2.1158	-8.00241	-4.07238	4.25229	3.78462	1.08491	-2.22277	4.75043	3.42924	0.824476	2.14881	3.48584	1.26352	0.0657114	0.399113	
4.17866	3.93462	4.80606	2.62893	3.93818	2.32362	-1.12592	-0.105421	-6.98168	-4.76212	2.70765	4.09273	-0.743364	2.31731	-9.31284	-4.9203	4.73466	4.0725	1.01755	-3.15103	5.01833	3.941	0.530537	2.24378	3.35921	2.03122	-0.581189	0.236566	
4.26948	3.6674	5.00293	3.60709	3.47825	2.33892	-1.73841	-0.492348	-7.7351	-5.86879	2.53098	4.97439	-1.1969	2.33679	-10.1291	-5.5669	5.08368	4.05707	0.81264	-3.96049	5.03902	4.22382	0.141149	2.08967	3.07415	2.67458	-1.19976	-0.0340197	
4.38055	3.43553	5.13867	4.38384	3.04448	2.18996	-2.24987	-0.925356	-8.19204	-6.78707	2.59389	5.24504	-1.54815	2.14882	-10.5952	-6.12665	5.35053	3.90806	0.594083	-4.56766	4.95019	4.33617	-0.202556	1.80739	2.74215	3.0434	-1.71962	-0.396775	
4.59535	3.50045	5.18142	4.77115	2.76539	1.95769	-2.5996	-1.32245	-8.38357	-7.50874	2.886	5.03051	-1.80253	1.79238	-10.8843	-6.67434	5.54445	3.79046	0.456756	-4.94365	4.85978	4.3435	-0.398187	1.52889	2.43645	3.03635	-2.11979	-0.807435	
4.90565	3.96258	5.08136	4.68839	2.66733	1.7231	-2.77257	-1.61616	-8.37097	-8.03741	3.2487	4.64035	-1.99113	1.36132	-11.126	-7.22219	5.63572	3.80171	0.436377	-5.11549	4.81538	4.29781	-0.412917	1.34889	2.17551	2.68256	-2.41007	-1.20412	
5.20777	4.6928	4.79152	4.19704	2.67465	1.53608	-2.80037	-1.78	-8.21969	-8.3784	3.45778	4.42778	-2.13751	0.961046	-11.3629	-7.71985	5.56809	3.9351	0.501709	-5.14222	4.78885	4.21805	-0.291682	1.29373	1.93713	2.13706	-2.61811	-1.5319	
5.35927	5.39972	4.31235	3.48972	2.66824	1.40007	-2.75121	-1.83916	-7.99122	-8.53646	3.35526	4.56381	-2.23178	0.701144	-11.5476	-8.08688	5.30425	4.08449	0.560991	-5.09826	4.71054	4.09618	-0.138244	1.30961	1.70759	1.61018	-2.77121	-1.76547	
5.24892	5.74766	3.70818	2.81081	2.53949	1.27806	-2.70204	-1.86147	-7.72214	-8.51813	2.9002	4.98127	-2.24701	0.609441	-11.5842	-8.25537	4.85062	4.10842	0.507579	-5.0406	4.51274	3.9026	-0.0639973	1.29546	1.48449	1.26779	-2.88344	-1.9243	
4.84783	5.5401	3.09607	2.36691	2.25021	1.12585	-2.70872	-1.91619	-7.41351	-8.31757	2.22249	5.42099	-2.14874	0.656684	-11.3752	-8.19055	4.2794	3.89658	0.271869	-4.98018	4.1707	3.6214	-0.138136	1.15473	1.30563	1.19523	-2.95245	-2.04395	
4.23887	4.81515	2.61264	2.2433	1.8498	0.912415	-2.79037	-2.05484	-7.05124	-7.9461	1.54427	5.54124	-1.92572	0.780619	-10.8766	-7.9129	3.70827	3.42834	-0.155265	-4.90495	3.72423	3.26045	-0.359916	0.838848	1.21761	1.32813	-2.96681	-2.1684	
3.57959	3.8028	2.34543	2.36476	1.43654	0.63615	-2.93819	-2.27916	-6.62135	-7.42005	1.07933	5.11099	-1.6195	0.880844	-10.127	-7.48164	3.26071	2.78172	-0.720701	-4.78585	3.25961	2.86116	-0.669665	0.368172	1.2531	1.50987	-2.93495	-2.32346	
3.03448	2.84106	2.3018	2.54534	1.11163	0.329866	-3.12191	-2.54262	-6.12598	-6.76825	0.918441	4.13322	-1.32272	0.896988	-9.23101	-6.9701	3.01333	2.0958	-1.32859	-4.60394	2.86868	2.48176	-0.978265	-0.177214	1.39926	1.56907	-2.88765	-2.49976	
2.69855	2.21868	2.39821	2.57548	0.925005	0.04804	-3.30032	-2.76755	-5.57963	-6.02931	1.01274	2.89945	-1.14274	0.812524	-8.32343	-6.43947	2.95443	1.51743	-1.8671	-4.35387	2.60379	2.169	-1.20226	-0.68323	1.58585	1.39857	-2.86736	-2.65954	
2.55578	2.03346	2.48355	2.30627	0.853703	-0.162763	-3.43342	-2.87209	-5.0011	-5.23618	1.18344	1.80047	-1.15671	0.647131	-7.50715	-5.91741	2.98172	1.13429	-2.24687	-4.04378	2.45065	1.93871	-1.29809	-1.05047	1.71156	1.00309	-2.91234	-2.74878	
2.48409	2.15661	2.40308	1.71774	0.808598	-0.289989	-3.49085	-2.81306	-4.41085	-4.42678	1.20674	1.20443	-1.39538	0.44216	-6.82775	-5.40834	2.92885	0.940477	-2.4294	-3.69817	2.32784	1.75234	-1.27692	-1.23434	1.67567	0.474269	-3.0392	-2.73447	
2.30632	2.29662	2.0473	0.930116	0.683205	-0.351476	-3.44922	-2.58706	-3.80597	-3.61609	0.905403	1.25854	-1.81415	0.235062	-6.2554	-4.89302	2.63894	0.846704	-2.41841	-3.32184	2.12256	1.54481	-1.18556	-1.25171	1.41551	-0.0169666	-3.22774	-2.60849	
1.88505	2.16765	1.41167	0.132281	0.41963	-0.399494	-3.2898	-2.2455	-3.17638	-2.82147	0.258192	1.7681	-2.30126	0.0485494	-5.70872	-4.36107	2.03227	0.728631	-2.25946	-2.91722	1.75141	1.24613	-1.07845	-1.17033	0.948435	-0.349411	-3.41687	-2.40708	
1.19186	1.60516	0.593595	-0.502688	0.0353295	-0.494942	-3.00282	-1.86286	-2.50753	-2.05351	-0.598902	2.3212	-2.72719	-0.113374	-5.10856	-3.82137	1.14796	0.492534	-2.00734	-2.46955	1.20369	0.818179	-0.987259	-1.07188	0.363856	-0.50829	-3.52777	-2.19541	
0.325121	0.673942	-0.234345	-0.894382	-0.380582	-0.678869	-2.59308	-1.51571	-1.79844	-1.32332	-1.44185	2.48898	-2.98965	-0.263209	-4.41064	-3.30461	0.141621	0.113209	-1.7136	-1.96561	0.552587	0.277645	-0.912136	-1.02156	-0.203011	-0.573975	-3.49181	-2.03722	
-0.506043	-0.341578	-0.877618	-1.0675	-0.699409	-0.949637	-2.09159	-1.2675	-1.09162	-0.677759	-2.01696	2.01715	-3.05246	-0.374051	-3.65177	-2.86714	-0.764069	-0.342995	-1.4223	-1.42998	-0.0621774	-0.301234	-0.8277	-1.04333	-0.618546	-0.686748	-3.27963	-1.97624	
-1.06717	-1.0822	-1.19773	-1.12483	-0.809601	-1.25678	-1.55335	-1.13389	-0.445608	-0.148086	-2.1917	0.973191	-2.93711	-0.437694	-2.91322	-2.54483	-1.34449	-0.755517	-1.1606	-0.895224	-0.48444	-0.79287	-0.700855	-1.11355	-0.797466	-0.946062	-2.91043	-2.00514	
-1.18819	-1.27621	-1.13802	-1.17678	-0.671595	-1.52165	-1.05848	-1.10509	0.0530952	0.222276	-1.94752	-0.262842	-2.72242	-0.417932	-2.31111	-2.35645	-1.45691	-1.004	-0.959963	-0.427998	-0.603082	-1.07579	-0.524947	-1.18694	-0.713078	-1.36093	-2.45516	-2.07804	
-0.839188	-0.867898	-0.754061	-1.2655	-0.343667	-1.65942	-0.694181	-1.14366	0.336877	0.415177	-1.41755	-1.12458	-2.49777	-0.266975	-1.93689	-2.27849	-1.09047	-1.02739	-0.848348	-0.0872714	-0.401379	-1.07263	-0.329568	-1.21806	-0.419625	-1.80093	-2.0116	-2.1185	
-0.130244	-0.0209165	-0.168313	-1.33758	0.0526853	-1.60699	-0.520904	-1.2042	0.380584	0.43872	-0.787022	-1.19262	-2.31417	-0.0140297	-1.81075	-2.25393	-0.353454	-0.840447	-0.847261	0.091174	0.0481439	-0.768439	-0.166888	-1.17879	-0.0122714	-2.04787	-1.66191	-2.05177	
0.728069	0.939516	0.464042	-1.27423	0.372618	-1.35357	-0.558416	-1.25471	0.206173	0.311339	-0.227352	-0.348493	-2.19475	0.30861	-1.89139	-2.2238	0.550219	-0.527085	-0.963764	0.0978152	0.599477	-0.235701	-0.0940194	-1.07381	0.399648	-1.91203	-1.46053	-1.84081	
1.48486	1.65175	0.992194	-0.96441	0.497787	-0.948249	-0.778283	-1.2766	-0.112445	0.0808492	0.132751	1.1652	-2.12176	0.605908	-2.07267	-2.13761	1.39495	-0.218253	-1.18538	-0.0325798	1.08064	0.393586	-0.15276	-0.939593	0.719964	-1.30789	-1.41921	-1.50145	
1.9724	1.90823	1.33406	-0.368298	0.399657	-0.472686	-1.10763	-1.27307	-0.495554	-0.229023	0.307418	2.75856	-2.06911	0.790593	-2.24492	-1.99323	2.01495	-0.0081974	-1.4753	-0.264746	1.37307	0.977583	-0.338299	-0.814393	0.897069	-0.322247	-1.50651	-1.10095	
2.13556	1.72615	1.46526	0.419752	0.139881	-0.0245064	-1.43895	-1.24244	-0.848752	-0.575204	0.33188	3.81806	-2.01497	0.797024	-2.30503	-1.81005	2.33758	0.0686418	-1.7623	-0.534555	1.43652	1.40366	-0.591894	-0.718487	0.923961	0.782041	-1.65625	-0.726047	
2.04166	1.30414	1.4234	1.19451	-0.16311	0.317804	-1.67266	-1.18824	-1.11763	-0.935089	0.289606	3.92259	-1.96595	0.60704	-2.2057	-1.63611	2.38654	0.0484817	-1.97294	-0.800835	1.31416	1.61902	-0.830127	-0.651144	0.830335	1.66541	-1.79582	-0.459286	
1.82517	0.940432	1.26777	1.70698	-0.385286	0.51035	-1.74265	-1.11674	-1.28746	-1.29965	0.234803	3.04582	-1.94862	0.317964	-1.95494	-1.52177	2.23958	0.00577455	-2.05554	-1.05107	1.0952	1.62514	-0.97472	-0.596846	0.65732	2.04118	-1.8651	-0.346335	
1.62059	0.863678	1.04966	1.77405	-0.442595	0.556588	-1.62511	-1.02613	-1.36457	-1.64301	0.152875	1.55069	-1.96566	0.00667856	-1.58127	-1.47901	1.99615	0.0125782	-1.99121	-1.27253	0.88071	1.48314	-0.97803	-0.533696	0.446886	1.80055	-1.81494	-0.379352	
1.50029	1.12686	0.808634	1.35231	-0.319383	0.489605	-1.34686	-0.926397	-1.37098	-1.93912	0.0350778	0.0399157	-1.99448	-0.213201	-1.12924	-1.48984	1.72107	0.0957156	-1.80934	-1.46264	0.733617	1.26439	-0.84424	-0.457665	0.245048	1.03664	-1.62319	-0.507962	
1.43585	1.57773	0.554852	0.567287	-0.0725589	0.352656	-0.966942	-0.830761	-1.30453	-2.13366	-0.146461	-0.887793	-1.9606	-0.264473	-0.616449	-1.49244	1.43368	0.205237	-1.57552	-1.59325	0.652874	1.02408	-0.626376	-0.391458	0.0947337	0.029317	-1.28325	-0.653828	
1.3479	1.93636	0.297448	-0.313226	0.21024	0.192709	-0.554934	-0.760802	-1.15561	-2.18862	-0.358728	-0.941123	-1.7714	-0.172156	-0.0428161	-1.41798	1.12507	0.253661	-1.37144	-1.63707	0.597829	0.795777	-0.399902	-0.373614	0.0277076	-0.857623	-0.809094	-0.746166	
1.14146	1.94633	0.0452085	-1.001	0.448762	0.0347033	-0.163788	-0.736248	-0.896607	-2.08061	-0.559361	-0.207959	-1.35503	0.00781346	0.602906	-1.21162	0.778687	0.15266	-1.25961	-1.56043	0.507279	0.579335	-0.227956	-0.442919	0.0625918	-1.342	-0.234503	-0.743956	
0.760891	1.4643	-0.191727	-1.29544	0.592539	-0.119313	0.166536	-0.770441	-0.52398	-1.82786	-0.675922	0.886274	-0.701794	0.153356	1.31451	-0.864113	0.398155	-0.14789	-1.2732	-1.35905	0.334431	0.356641	-0.1514	-0.623309	0.199799	-1.31145	0.378461	-0.654339	
0.235432	0.562723	-0.38901	-1.16205	0.638987	-0.278614	0.416721	-0.862985	-0.0767369	-1.50223	-0.646791	1.77587	0.100753	0.198027	2.04467	-0.4262	0.0199235	-0.621514	-1.40459	-1.07931	0.0748474	0.108055	-0.172206	-0.90334	0.41119	-0.867538	0.9437	-0.52063	
-0.329518	-0.485681	-0.526066	-0.738237	0.622223	-0.445779	0.591946	-0.982194	0.383841	-1.1795	-0.505994	2.02039	0.896731	0.109476	2.73013	0.0278695	-0.281984	-1.16731	-1.59926	-0.783632	-0.22322	-0.157129	-0.252745	-1.22629	0.648096	-0.261892	1.38172	-0.391362	
-0.795422	-1.35008	-0.58715	-0.267986	0.582497	-0.611871	0.700431	-1.08583	0.768012	-0.941391	-0.317469	1.50365	1.49149	-0.0656492	3.28608	0.413601	-0.443906	-1.65011	-1.78737	-0.556594	-0.489536	-0.412148	-0.345821	-1.51546	0.851465	0.207512	1.62536	-0.303926	
-1.04912	-1.75542	-0.569808	0.0123275	0.541635	-0.750172	0.754469	-1.1281	1.00138	-0.834044	-0.180096	0.462338	1.73919	-0.200953	3.64605	0.673776	-0.430659	-1.95203	-1.90521	-0.464134	-0.65942	-0.617503	-0.411234	-1.69469	0.966213	0.336509	1.65623	-0.260834	
-1.05164	-1.61349	-0.491177	-0.0286324	0.491493	-0.824246	0.762035	-1.07661	1.0444	-0.855277	-0.165197	-0.629236	1.59428	-0.214698	3.78582	0.799148	-0.263688	-2.02042	-1.92073	-0.528582	-0.701405	-0.739201	-0.436324	-1.71901	0.961681	0.0912014	1.50551	-0.233007	
-0.856886	-1.03096	-0.376927	-0.366576	0.401235	-0.807377	0.735342	-0.924532	0.923375	-0.947844	-0.307309	-1.27229	1.13571	-0.0348794	3.73515	0.834894	-0.0209165	-1.88548	-1.83553	-0.707774	-0.637353	-0.76843	-0.431627	-1.58979	0.839928	-0.405612	1.25278	-0.171048	
-0.585777	-0.264841	-0.252899	-0.844282	0.247564	-0.697161	0.68634	-0.694643	0.717606	-1.0226	-0.526556	-1.1984	0.551903	0.315237	3.57171	0.856881	0.204763	-1.6465	-1.68627	-0.914152	-0.52358	-0.720237	-0.422684	-1.35402	0.653934	-0.935487	1.00593	-0.0335053	
-0.369713	0.380685	-0.138069	-1.23676	0.026606	-0.514077	0.629495	-0.435227	0.523169	-1.01427	-0.688898	-0.434887	0.0630317	0.73399	3.3802	0.93403	0.323597	-1.42419	-1.52698	-1.0549	-0.433423	-0.635629	-0.435632	-1.08854	0.463864	-1.27169	0.858385	0.191029	
-0.300091	0.693711	-0.0393808	-1.35094	-0.22483	-0.300198	0.589935	-0.197655	0.433823	-0.88666	-0.693883	0.674067	-0.146943	1.08459	3.24032	1.11247	0.299477	-1.30658	-1.40115	-1.05252	-0.418502	-0.553922	-0.472895	-0.863275	0.33073	-1.28778	0.872225	0.479606	
-0.395942	0.604002	0.0384714	-1.12041	-0.445834	-0.112633	0.577497	-0.0329849	0.478274	-0.67552	-0.482681	1.65159	-0.0111039	1.25868	3.18104	1.37808	0.149414	-1.31966	-1.33807	-0.900659	-0.494925	-0.507129	-0.524427	-0.728524	0.292372	-1.00786	1.03898	0.767952	
-0.597646	0.194615	0.0986055	-0.61461	-0.570053	0.000240447	0.59935	0.031884	0.625558	-0.465576	-0.0995778	2.08106	0.418484	1.21703	3.18801	1.66885	-0.0601368	-1.41957	-1.33634	-0.658268	-0.634553	-0.504024	-0.563762	-0.694088	0.351319	-0.572342	1.30296	0.980208	
-0.798374	-0.337941	0.145056	-0.00905263	-0.546264	0.0187079	0.651079	0.00355406	0.79849	-0.34462	0.328988	1.77713	0.990039	1.00025	3.22337	1.90235	-0.230026	-1.5191	-1.37044	-0.419597	-0.772066	-0.52004	-0.562412	-0.728424	0.484366	-0.164813	1.58079	1.06003	
-0.897167	-0.786033	0.174812	0.493937	-0.371532	-0.0466811	0.727722	-0.0823738	0.91664	-0.368747	0.631071	0.874674	1.51862	0.737537	3.24733	2.01029	-0.291571	-1.53207	-1.39468	-0.270973	-0.846607	-0.526583	-0.501467	-0.779175	0.639936	0.0705489	1.79697	0.991893	
-0.834214	-1.02137	0.192808	0.751134	-0.0768466	-0.161194	0.823116	-0.174611	0.926171	-0.532421	0.711277	-0.31688	1.86043	0.556787	3.23931	1.95935	-0.209356	-1.4093	-1.36647	-0.259409	-0.810875	-0.492296	-0.377623	-0.790919	0.785275	0.0842137	1.91589	0.805087	
-0.622302	-1.01365	0.193968	0.717831	0.264628	-0.277707	0.933076	-0.222072	0.826181	-0.770354	0.553431	-1.38454	1.96239	0.536611	3.20269	1.76213	-0.0171644	-1.16444	-1.25491	-0.368558	-0.66493	-0.414788	-0.208278	-0.732024	0.883921	-0.0709926	1.94498	0.563898	
-0.335567	-0.81846	0.182541	0.463229	0.580669	-0.354721	1.06973	-0.181106	0.686738	-0.960177	0.242467	-2.024	1.8701	0.670728	3.17337	1.48828	0.210703	-0.862325	-1.04266	-0.509932	-0.446431	-0.31692	-0.0117925	-0.594149	0.930506	-0.282564	1.93755	0.354097	
-0.0684597	-0.533633	0.16019	0.112149	0.819047	-0.376077	1.2335	-0.0386514	0.593352	-0.989532	-0.0568169	-2.12391	1.68099	0.890842	3.18025	1.21664	0.392334	-0.589089	-0.744134	-0.583981	-0.214858	-0.235718	0.187859	-0.39937	0.93522	-0.452544	1.94517	0.237385	
0.0999179	-0.253735	0.129649	-0.202504	0.961951	-0.342883	1.42715	0.19634	0.623814	-0.799018	-0.175701	-1.7478	1.5097	1.06306	3.23163	1.01886	0.455024	-0.407783	-0.385602	-0.511111	-0.0313682	-0.214389	0.379162	-0.181064	0.909855	-0.524706	2.0085	0.246428	
0.136924	-0.0311024	0.0986137	-0.386558	1.03064	-0.269806	1.63496	0.493222	0.803232	-0.402401	-0.0407423	-1.08654	1.41972	1.07863	3.30335	0.935506	0.382424	-0.335585	-0.0114727	-0.270503	0.0690258	-0.264595	0.556725	0.0310892	0.869612	-0.50659	2.12497	0.373234	
0.0580555	0.12562	0.0671096	-0.423209	1.0556	-0.181571	1.82781	0.804119	1.0936	0.103868	0.301213	-0.316255	1.40895	0.921442	3.34484	0.961488	0.191484	-0.342247	0.33173	0.0846138	0.0750941	-0.37947	0.716901	0.2139	0.809918	-0.466981	2.25491	0.573005	
-0.0739469	0.210055	0.0501407	-0.33633	1.07934	-0.0931214	1.96536	1.07677	1.39822	0.578279	0.726353	0.428273	1.41713	0.643627	3.29705	1.05382	-0.0471005	-0.361404	0.59825	0.444945	0.019442	-0.507692	0.85487	0.359342	0.743948	-0.458341	2.34072	0.78575	
-0.185165	0.223319	0.0624144	-0.171644	1.12312	-0.0068145	2.00922	1.26702	1.60572	0.886904	1.05369	1.1112	1.38034	0.37811	3.1227	1.15466	-0.247746	-0.332956	0.752589	0.692743	-0.049245	-0.583524	0.957073	0.465591	0.677522	-0.496812	2.3356	0.955727	
-0.213665	0.170413	0.13296	0.0426779	1.19732	0.0923487	1.94812	1.35093	1.63794	0.95509	1.17238	1.70616	1.26835	0.256401	2.82838	1.22081	-0.33656	-0.218795	0.786231	0.754194	-0.0752098	-0.547875	1.01518	0.539695	0.638033	-0.527956	2.23569	1.05763	
-0.131496	0.0494188	0.28168	0.292132	1.29348	0.211784	1.78886	1.31984	1.46636	0.7826	1.0594	2.16985	1.09838	0.376421	2.45642	1.22564	-0.270227	-0.0315745	0.703209	0.611758	-0.0228769	-0.372737	1.0168	0.580601	0.656577	-0.481047	2.06739	1.0822	
0.0453909	-0.108034	0.512712	0.564716	1.39332	0.350576	1.57312	1.1871	1.13372	0.437664	0.810088	2.40211	0.945805	0.717035	2.0786	1.16982	-0.0651026	0.183722	0.538477	0.316601	0.112015	-0.0869162	0.964734	0.586204	0.752791	-0.304084	1.89364	1.04395	
0.27611	-0.241833	0.809366	0.834342	1.487	0.492564	1.35828	0.988111	0.731538	0.0354727	0.584267	2.2873	0.888594	1.14483	1.76617	1.07986	0.230884	0.372688	0.345407	-0.0346304	0.306871	0.247277	0.878291	0.559457	0.930713	-0.00392131	1.7743	0.963882	
0.500582	-0.271935	1.12269	1.03408	1.5644	0.603973	1.2064	0.77425	0.376128	-0.301467	0.529195	1.7613	0.981175	1.49901	1.57576	0.998975	0.527784	0.488156	0.188551	-0.332381	0.507955	0.532451	0.789295	0.511483	1.15957	0.321626	1.74884	0.864434	
0.665322	-0.138193	1.38779	1.07936	1.62792	0.656353	1.16481	0.605317	0.166595	-0.478827	0.724187	0.867721	1.21303	1.61931	1.5292	0.972181	0.733747	0.521988	0.13424	-0.487712	0.658982	0.685791	0.739148	0.46991	1.39543	0.540598	1.82031	0.768819	
0.725682	0.153678	1.53196	0.888622	1.67345	0.630034	1.25068	0.533816	0.159961	-0.46068	1.11277	-0.166487	1.51592	1.44459	1.6184	1.03156	0.774731	0.491495	0.224665	-0.460823	0.708509	0.657472	0.758188	0.467213	1.57387	0.521294	1.95556	0.691929	
0.654428	0.521229	1.51562	0.437373	1.69802	0.531416	1.4524	0.588801	0.362711	-0.267152	1.58403	-1.05278	1.79488	1.02588	1.8142	1.18764	0.605006	0.437153	0.47549	-0.259584	0.631578	0.445468	0.862671	0.531844	1.65607	0.211344	2.11252	0.649684	
0.447386	0.810584	1.33265	-0.214723	1.69205	0.386595	1.72084	0.765941	0.732053	0.0482896	1.96927	-1.45476	1.96803	0.515195	2.07667	1.42792	0.238822	0.386435	0.85199	0.0722911	0.433268	0.105301	1.03583	0.668126	1.63159	-0.328134	2.2485	0.651184	
0.121858	0.856023	1.03055	-0.918725	1.64766	0.236044	1.98582	1.02112	1.18977	0.40768	2.15638	-1.23902	2.01293	0.12108	2.36653	1.70846	-0.260386	0.342015	1.27579	0.467224	0.156003	-0.273581	1.23343	0.847092	1.5353	-0.932699	2.34121	0.700209	
-0.268858	0.560143	0.70311	-1.47942	1.57599	0.122607	2.17742	1.28307	1.64385	0.739325	2.13728	-0.48762	1.96625	-0.0340872	2.64403	1.96757	-0.779172	0.291695	1.64749	0.855587	-0.125726	-0.586828	1.40294	1.0173	1.43913	-1.38533	2.39171	0.786893	
-0.661876	-0.0622651	0.445238	-1.72736	1.48409	0.0616022	2.22988	1.46436	1.99873	0.981389	1.98128	0.512285	1.91228	0.114346	2.86781	2.13537	-1.19742	0.194434	1.85282	1.16587	-0.341692	-0.761417	1.47976	1.10166	1.40836	-1.51763	2.4033	0.884548	
-0.982637	-0.869414	0.33257	-1.58485	1.38912	0.0419378	2.10375	1.48647	2.17313	1.08615	1.81847	1.33043	1.92622	0.490879	2.99056	2.14384	-1.41814	0.0235036	1.80996	1.33274	-0.433783	-0.773866	1.42073	1.03371	1.48667	-1.2726	2.37249	0.949948	
-1.1642	-1.61017	0.381803	-1.12328	1.30233	0.0203459	1.78928	1.30743	2.11083	1.02326	1.74742	1.63069	2.03211	0.925206	2.9678	1.95065	-1.38821	-0.224946	1.48112	1.30195	-0.378807	-0.653554	1.20821	0.776585	1.66107	-0.749774	2.27317	0.92867	
-1.17643	-2.04006	0.549282	-0.531891	1.22132	-0.0531574	1.31961	0.941015	1.80468	0.794637	1.81305	1.24222	2.18946	1.23697	2.77853	1.56753	-1.13884	-0.522333	0.901579	1.05302	-0.202487	-0.479575	0.862437	0.344422	1.8718	-0.164372	2.07224	0.786208	
