-0.441291	-1.5623	-0.538925	-0.906214	-0.862371	-0.42504	0.699773	0.439328	1.25724	1.4551	-1.05567	-0.625832	-0.67167	0.0767279	1.29914	0.188438	-0.845185	-0.252384	1.09172	1.32284	-0.470454	-0.355089	-0.0592	0.551979	-0.591916	-0.506103	0.176606	-0.155611	
-0.687022	-1.87241	-0.68049	-0.934855	-0.784264	-0.418738	0.963342	0.830446	1.64075	1.76368	-1.04291	-0.997472	-0.620121	-0.0796778	1.39884	0.496429	-0.979424	-0.313932	1.42524	1.63711	-0.52488	-0.365425	0.144655	0.724024	-0.776613	-0.633147	0.316098	0.0693645	
-1.0188	-1.77766	-0.878867	-1.05297	-0.541036	-0.411048	1.2743	1.18591	1.91622	2.01332	-0.838281	-1.36894	-0.462708	-0.303011	1.44333	0.840283	-1.09161	-0.334431	1.68986	1.86196	-0.537901	-0.397799	0.440344	0.836913	-0.909706	-0.786565	0.505935	0.298294	
-1.36784	-1.37778	-1.07375	-1.24708	-0.220293	-0.394797	1.53593	1.45154	1.98194	2.1617	-0.57793	-1.65717	-0.289914	-0.538642	1.43957	1.16834	-1.18178	-0.324198	1.83412	1.93263	-0.528658	-0.469868	0.755831	0.874858	-0.967969	-0.948213	0.688234	0.491672	
-1.63259	-0.882166	-1.19058	-1.44691	0.0912594	-0.35302	1.65742	1.59326	1.79828	2.18901	-0.385275	-1.79204	-0.172084	-0.716142	1.37355	1.43197	-1.2378	-0.295039	1.81797	1.82476	-0.510619	-0.571342	1.01211	0.840411	-0.919697	-1.06947	0.807604	0.627439	
-1.7172	-0.530258	-1.1801	-1.55209	0.332103	-0.271534	1.59236	1.60013	1.39962	2.09388	-0.335223	-1.74711	-0.143126	-0.775726	1.21762	1.59363	-1.23603	-0.254382	1.6344	1.55705	-0.487465	-0.666527	1.15082	0.753277	-0.76054	-1.09585	0.829565	0.702979	
-1.56991	-0.469661	-1.02545	-1.47428	0.497541	-0.145142	1.36529	1.48847	0.89523	1.89685	-0.413734	-1.54218	-0.174929	-0.688156	0.958079	1.63325	-1.14962	-0.19795	1.32356	1.19531	-0.443597	-0.704142	1.16287	0.645297	-0.492594	-0.98539	0.765494	0.726736	
-1.21388	-0.707741	-0.762887	-1.18913	0.611183	0.00413886	1.04566	1.2727	0.400275	1.59887	-0.556152	-1.25259	-0.213515	-0.484702	0.648803	1.52233	-0.97145	-0.121292	0.948508	0.800919	-0.368268	-0.653154	1.06875	0.533105	-0.149531	-0.74628	0.664886	0.694069	
-0.732918	-1.0955	-0.453586	-0.747314	0.705831	0.136406	0.725884	0.979848	0.0117389	1.21119	-0.673608	-0.979328	-0.204778	-0.240296	0.337543	1.25352	-0.719262	-0.0193818	0.588805	0.429721	-0.249652	-0.504123	0.924779	0.428809	0.202387	-0.439469	0.578076	0.598119	
-0.246043	-1.40675	-0.164283	-0.255129	0.798826	0.211139	0.483171	0.64019	-0.223599	0.752903	-0.697582	-0.805274	-0.121286	-0.0540214	0.0885912	0.837882	-0.431321	0.107657	0.309761	0.116858	-0.0859094	-0.277415	0.787565	0.335711	0.483084	-0.156782	0.542527	0.428733	
0.128549	-1.44494	0.0510842	0.156877	0.874337	0.198916	0.351339	0.283897	-0.316736	0.259712	-0.61726	-0.774058	0.0161389	-0.0177047	-0.0695462	0.317505	-0.161158	0.244355	0.143713	-0.127149	0.105097	-0.019722	0.697783	0.248185	0.615089	0.00576546	0.555805	0.18457	
0.327912	-1.11901	0.178947	0.395335	0.897101	0.105845	0.316846	-0.0461542	-0.311768	-0.205646	-0.47142	-0.861708	0.155157	-0.159147	-0.151287	-0.23182	0.0477402	0.36961	0.0857445	-0.298036	0.297382	0.219156	0.670054	0.164997	0.558116	-0.00324367	0.5818	-0.108998	
0.354307	-0.503156	0.235851	0.434978	0.830689	-0.0323262	0.331233	-0.307337	-0.266171	-0.560509	-0.329298	-0.996554	0.234748	-0.441047	-0.196569	-0.713268	0.174056	0.458295	0.0968915	-0.394961	0.460249	0.399158	0.687522	0.0871574	0.322229	-0.171057	0.571093	-0.398111	
0.272984	0.213279	0.26709	0.330366	0.673392	-0.152751	0.346103	-0.452735	-0.206791	-0.71651	-0.251709	-1.07614	0.218044	-0.748092	-0.283068	-1.01878	0.228196	0.493954	0.129923	-0.405569	0.580506	0.508311	0.730809	0.029323	-0.0232219	-0.411079	0.483917	-0.602568	
0.180584	0.802982	0.311559	0.184487	0.461947	-0.195951	0.330868	-0.455561	-0.139914	-0.622095	-0.269061	-1.0156	0.105611	-0.952009	-0.463174	-1.07584	0.239604	0.47167	0.140563	-0.322616	0.655392	0.554986	0.775977	0.00589337	-0.373176	-0.601491	0.31516	-0.648516	
0.161016	1.11081	0.387469	0.105384	0.266397	-0.126172	0.287788	-0.314606	-0.0498333	-0.284483	-0.376284	-0.783262	-0.0699675	-0.943544	-0.77493	-0.864239	0.244613	0.403128	0.109991	-0.152163	0.697642	0.565806	0.814866	0.0278228	-0.630051	-0.629242	0.0909522	-0.491465	
0.248874	1.11079	0.48633	0.164004	0.158166	0.059403	0.243965	-0.058373	0.0811547	0.221643	-0.547358	-0.408563	-0.263484	-0.669476	-1.20392	-0.430955	0.269155	0.313847	0.0458556	0.0808602	0.726024	0.569858	0.845976	0.0972579	-0.739949	-0.426656	-0.138714	-0.134955	
0.419197	0.913869	0.575934	0.362779	0.178964	0.323012	0.229601	0.252835	0.249161	0.774466	-0.744158	0.0220089	-0.433145	-0.174123	-1.67444	0.12165	0.317933	0.232457	-0.0272238	0.331439	0.750798	0.583914	0.869247	0.198916	-0.700966	-0.0118812	-0.318636	0.360575	
0.609962	0.71935	0.626497	0.640997	0.321039	0.603778	0.254917	0.548759	0.420751	1.2358	-0.940255	0.400397	-0.562473	0.435249	-2.10484	0.66175	0.37377	0.180402	-0.0828124	0.540543	0.776919	0.613489	0.882484	0.309635	-0.570135	0.525409	-0.420492	0.893644	
0.747601	0.699373	0.610142	0.907014	0.508247	0.834492	0.29235	0.762071	0.544838	1.50413	-1.11538	0.630787	-0.659565	0.998592	-2.42282	1.0637	0.405353	0.162107	-0.111768	0.66277	0.789318	0.649852	0.86272	0.400885	-0.450594	1.05057	-0.459896	1.35051	
0.789156	0.936458	0.530632	1.08961	0.63937	0.973225	0.291641	0.853977	0.574886	1.54055	-1.25035	0.682079	-0.741049	1.39114	-2.61759	1.25075	0.394436	0.167545	-0.120252	0.676408	0.773722	0.689199	0.785154	0.454034	-0.431503	1.44303	-0.488021	1.64241	
0.738376	1.37036	0.408819	1.1605	0.613771	1.00606	0.190428	0.816658	0.484201	1.3719	-1.33067	0.589543	-0.824154	1.54145	-2.69477	1.20351	0.338009	0.169608	-0.13543	0.592797	0.707672	0.724084	0.615845	0.453944	-0.557156	1.62948	-0.565324	1.72479	
0.64188	1.82911	0.273249	1.14658	0.38238	0.949065	-0.0468423	0.671243	0.290992	1.07881	-1.31424	0.436784	-0.893166	1.4526	-2.66215	0.965163	0.258201	0.139437	-0.184637	0.454937	0.578063	0.751341	0.336581	0.395634	-0.793124	1.60203	-0.72407	1.60615	
0.553393	2.10587	0.143132	1.10087	-0.0389636	0.830121	-0.412744	0.454883	0.0493672	0.754611	-1.15745	0.321624	-0.915742	1.19973	-2.531	0.615193	0.179561	0.0485345	-0.289486	0.313998	0.384771	0.764126	-0.0479119	0.279951	-1.05611	1.41621	-0.960202	1.33638	
0.513838	2.05986	0.0223673	1.07172	-0.571784	0.676728	-0.850804	0.206626	-0.163778	0.476639	-0.820794	0.315903	-0.847256	0.874038	-2.25425	0.246403	0.122889	-0.116028	-0.448781	0.21811	0.138882	0.747127	-0.50412	0.111354	-1.2398	1.15201	-1.21608	0.985282	
0.527394	1.69039	-0.0912486	1.07385	-1.07975	0.508423	-1.26005	-0.0370879	-0.27533	0.284459	-0.31274	0.441164	-0.659466	0.577086	-1.79579	-0.0627838	0.0932385	-0.341996	-0.632522	0.191374	-0.123391	0.686409	-0.95954	-0.0963949	-1.24301	0.893915	-1.40178	0.621843	
0.542214	1.1132	-0.225492	1.06357	-1.45281	0.324879	-1.54695	-0.258967	-0.244855	0.176258	0.299826	0.651815	-0.371498	0.361107	-1.11918	-0.27344	0.0579278	-0.605898	-0.802503	0.233603	-0.380079	0.551942	-1.34515	-0.332684	-1.04987	0.684619	-1.44287	0.29134	
0.492043	0.529551	-0.390813	0.976438	-1.61777	0.129241	-1.64036	-0.445418	-0.0733495	0.130793	0.912799	0.870161	-0.0346716	0.243689	-0.233364	-0.373107	-0.0218649	-0.864593	-0.911497	0.327027	-0.604252	0.332459	-1.59374	-0.573252	-0.708552	0.532378	-1.29759	0.0209058	
0.317074	0.121664	-0.585547	0.747039	-1.56851	-0.0766272	-1.5275	-0.58958	0.195049	0.121358	1.38555	1.0099	0.263007	0.198436	0.8032	-0.379736	-0.1874	-1.07751	-0.933106	0.443978	-0.784318	0.0311493	-1.67121	-0.7927	-0.321773	0.407305	-0.979378	-0.187708	
0.0084088	-0.0269817	-0.793793	0.358602	-1.36541	-0.273629	-1.25428	-0.684795	0.492436	0.136055	1.6069	1.01406	0.438468	0.187197	1.87093	-0.321426	-0.453275	-1.20951	-0.864715	0.564868	-0.923831	-0.321346	-1.58409	-0.96092	-0.0108129	0.277987	-0.557606	-0.338921	
-0.383857	0.0421781	-0.992781	-0.136326	-1.1012	-0.427905	-0.90226	-0.718424	0.75502	0.18363	1.50926	0.883866	0.431283	0.195388	2.79056	-0.221693	-0.797886	-1.24087	-0.725165	0.684001	-1.03338	-0.666832	-1.37015	-1.0498	0.134615	0.137608	-0.136988	-0.430421	
-0.765919	0.185764	-1.16526	-0.633943	-0.875982	-0.507306	-0.569849	-0.689921	0.92977	0.262505	1.10896	0.674323	0.233608	0.215403	3.44046	-0.100477	-1.16706	-1.17549	-0.554521	0.794498	-1.14114	-0.948079	-1.1029	-1.05349	0.093187	-0.000790892	0.188526	-0.464929	
-1.03421	0.23428	-1.29993	-1.00508	-0.744337	-0.488656	-0.322025	-0.603258	1.00853	0.374364	0.504548	0.474939	-0.100022	0.268696	3.74601	0.0380334	-1.48583	-1.03341	-0.388535	0.902595	-1.26601	-1.11503	-0.851652	-0.981433	-0.0708684	-0.0938093	0.366723	-0.438497	
-1.13849	0.0686515	-1.42167	-1.17034	-0.733171	-0.38806	-0.191877	-0.485089	1.01105	0.498762	-0.163298	0.360697	-0.490427	0.366368	3.74661	0.188509	-1.70571	-0.863578	-0.263543	1.00742	-1.43691	-1.16624	-0.686953	-0.875022	-0.268184	-0.115877	0.390769	-0.364727	
-1.09042	-0.309953	-1.55668	-1.12077	-0.834811	-0.247081	-0.169034	-0.369398	0.977651	0.606854	-0.731929	0.371277	-0.844875	0.511633	3.57214	0.352311	-1.8088	-0.721176	-0.196236	1.104	-1.66867	-1.1372	-0.64885	-0.786982	-0.421295	-0.0571359	0.298787	-0.261418	
-0.975756	-0.788354	-1.72717	-0.932527	-1.00788	-0.127543	-0.207277	-0.282578	0.967472	0.692657	-1.08748	0.487838	-1.09748	0.683163	3.37184	0.538074	-1.82244	-0.658163	-0.181791	1.2002	-1.95593	-1.09558	-0.735077	-0.763421	-0.48721	0.0494855	0.152335	-0.150405	
-0.920051	-1.20404	-1.93954	-0.743339	-1.21759	-0.0894707	-0.257478	-0.238367	1.02789	0.781102	-1.17635	0.641419	-1.22333	0.84656	3.26965	0.756001	-1.8107	-0.712817	-0.204897	1.31515	-2.28356	-1.1202	-0.916909	-0.833535	-0.488671	0.143038	0.00155366	-0.0517737	
-1.03373	-1.41961	-2.16894	-0.692065	-1.44167	-0.164595	-0.282536	-0.224393	1.19318	0.929394	-1.02121	0.741116	-1.24116	0.964458	3.30818	1.01524	-1.8438	-0.896787	-0.241751	1.48344	-2.62107	-1.26361	-1.14188	-0.991164	-0.503471	0.15631	-0.131046	0.0295248	
-1.36382	-1.38987	-2.36978	-0.865094	-1.67071	-0.351062	-0.275907	-0.214903	1.4577	1.19276	-0.709747	0.703802	-1.19883	0.994662	3.46651	1.3106	-1.9685	-1.19168	-0.277697	1.72813	-2.93121	-1.53455	-1.35851	-1.20171	-0.609164	0.0339243	-0.245517	0.0927472	
-1.85277	-1.18291	-2.47367	-1.24591	-1.88713	-0.597934	-0.245022	-0.169109	1.80106	1.61805	-0.357699	0.498517	-1.14226	0.93736	3.63737	1.62647	-2.17681	-1.54206	-0.297478	2.06834	-3.16316	-1.8774	-1.51011	-1.39896	-0.8334	-0.217413	-0.354461	0.156417	
-2.36188	-0.949294	-2.43096	-1.7284	-2.05867	-0.833307	-0.20592	-0.0583773	2.17361	2.18452	-0.0851856	0.145279	-1.10352	0.80327	3.67523	1.92069	-2.41567	-1.87391	-0.29255	2.48108	-3.27101	-2.19539	-1.55722	-1.51384	-1.12733	-0.543727	-0.467177	0.234815	
-2.71088	-0.839873	-2.21329	-2.15057	-2.14062	-0.984109	-0.168805	0.11815	2.51188	2.79576	0.0293487	-0.281417	-1.08302	0.617891	3.46882	2.1321	-2.59613	-2.10715	-0.257788	2.89908	-3.22116	-2.37904	-1.4807	-1.49805	-1.37551	-0.846203	-0.573109	0.329253	
-2.7512	-0.928795	-1.83056	-2.35748	-2.07535	-1.00287	-0.127317	0.331352	2.7538	3.30148	-0.0417648	-0.678677	-1.05864	0.411105	2.95375	2.19977	-2.6305	-2.17726	-0.190929	3.22528	-2.99903	-2.34638	-1.2817	-1.33555	-1.43591	-1.02044	-0.645113	0.424171	
-2.42618	-1.17643	-1.33424	-2.26462	-1.82184	-0.886661	-0.0652001	0.530015	2.85111	3.55411	-0.264966	-0.952822	-0.998831	0.209901	2.15722	2.08568	-2.46973	-2.05803	-0.0958341	3.36439	-2.61623	-2.07348	-0.982385	-1.05351	-1.21017	-0.992382	-0.6502	0.489888	
-1.79273	-1.43519	-0.800581	-1.89171	-1.38439	-0.672967	0.0301113	0.659986	2.78502	3.46108	-0.560825	-1.04327	-0.885209	0.0376255	1.17079	1.79561	-2.12174	-1.76526	0.0179378	3.25886	-2.11107	-1.60371	-0.62083	-0.709104	-0.710075	-0.744612	-0.577441	0.496634	
-1.01168	-1.52222	-0.319321	-1.35164	-0.817629	-0.426845	0.153557	0.688114	2.56121	3.03916	-0.826624	-0.94299	-0.720603	-0.0979301	0.108442	1.39008	-1.65569	-1.35609	0.12999	2.9149	-1.54424	-1.03712	-0.248613	-0.371771	-0.0592219	-0.33122	-0.451474	0.434196	
-0.287308	-1.31255	0.0388363	-0.805316	-0.222075	-0.211853	0.282529	0.619806	2.23551	2.43651	-0.972082	-0.693133	-0.531904	-0.17077	-0.899361	0.978421	-1.17261	-0.909851	0.218452	2.43188	-0.984505	-0.496545	0.0824456	-0.100751	0.54463	0.148333	-0.324037	0.321614	
0.197713	-0.805225	0.229141	-0.40253	0.275815	-0.074434	0.370077	0.491481	1.86912	1.8644	-0.939762	-0.37153	-0.360417	-0.158854	-1.75214	0.681502	-0.775247	-0.51169	0.254431	1.94955	-0.501453	-0.0909675	0.316826	0.067192	0.893112	0.573398	-0.266784	0.202786	
0.346114	-0.13931	0.244552	-0.229635	0.564762	-0.0307732	0.368566	0.357627	1.5367	1.54295	-0.725928	-0.0734901	-0.243473	-0.058122	-2.34607	0.590032	-0.532931	-0.228877	0.214995	1.62501	-0.149497	0.114466	0.412232	0.123068	0.854514	0.841637	-0.326516	0.131447	
0.169326	0.455291	0.109424	-0.289407	0.578409	-0.0708945	0.242952	0.260916	1.29328	1.59656	-0.399563	0.123582	-0.215143	0.125914	-2.60545	0.730097	-0.464053	-0.0968698	0.0865253	1.56008	0.0388332	0.111012	0.343686	0.0791835	0.428582	0.896702	-0.513296	0.145207	
-0.224118	0.747454	-0.11922	-0.503656	0.333183	-0.162741	0.00274867	0.224165	1.17067	2.0168	-0.0588924	0.17477	-0.272914	0.366176	-2.48339	1.04899	-0.534824	-0.11324	-0.117828	1.76898	0.0672474	-0.0541821	0.123239	-0.0348029	-0.232116	0.749819	-0.774521	0.25525	
-0.681718	0.592836	-0.373649	-0.767311	-0.0901721	-0.27681	-0.300243	0.230528	1.1797	2.6511	0.177263	0.0675697	-0.398554	0.607204	-1.97442	1.42544	-0.683911	-0.246645	-0.361719	2.17612	-0.035764	-0.310308	-0.206348	-0.192955	-0.894751	0.458906	-1.01914	0.425755	
-1.0649	0.0118003	-0.585985	-0.983719	-0.565019	-0.393608	-0.582678	0.234574	1.29481	3.25507	0.228589	-0.163361	-0.553799	0.787152	-1.14549	1.71376	-0.844168	-0.451653	-0.598976	2.62225	-0.22039	-0.583949	-0.577501	-0.376474	-1.32922	0.111568	-1.15061	0.592277	
-1.29994	-0.835051	-0.711752	-1.10969	-0.955794	-0.511084	-0.747089	0.186709	1.49328	3.59894	0.0799279	-0.462883	-0.691114	0.85191	-0.0988226	1.79787	-0.972118	-0.681476	-0.775205	2.94581	-0.429797	-0.826286	-0.903404	-0.575204	-1.39598	-0.211923	-1.09056	0.677768	
-1.39157	-1.69573	-0.742917	-1.16265	-1.16959	-0.639815	-0.725006	0.0517453	1.73621	3.53796	-0.213117	-0.76338	-0.777482	0.781666	0.984186	1.63445	-1.0571	-0.902639	-0.853258	3.01389	-0.612007	-1.01737	-1.10538	-0.783168	-1.11866	-0.463305	-0.832805	0.62712	
-1.39126	-2.3208	-0.699153	-1.18946	-1.1655	-0.782071	-0.486494	-0.160571	1.99891	3.09232	-0.53271	-1.00031	-0.78781	0.590815	1.90307	1.27503	-1.11033	-1.08796	-0.811714	2.78906	-0.725052	-1.15432	-1.12191	-0.981963	-0.6532	-0.626061	-0.42951	0.436451	
-1.37016	-2.5571	-0.630715	-1.24345	-0.970513	-0.934055	-0.0677293	-0.412081	2.24879	2.40696	-0.764032	-1.12907	-0.730559	0.331819	2.4617	0.839225	-1.1542	-1.22433	-0.66625	2.31664	-0.751387	-1.24695	-0.937421	-1.15162	-0.22681	-0.721133	0.00904946	0.147195	
-1.36887	-2.38314	-0.589502	-1.33635	-0.656241	-1.07069	0.449961	-0.635868	2.45396	1.71112	-0.809918	-1.12972	-0.622017	0.0795143	2.54268	0.482724	-1.19611	-1.30114	-0.4542	1.71006	-0.688425	-1.29291	-0.580564	-1.26062	-0.0352955	-0.776293	0.36555	-0.155719	
-1.38099	-1.91589	-0.615087	-1.44105	-0.30833	-1.15862	0.962251	-0.770796	2.58671	1.21618	-0.656835	-1.02461	-0.494046	-0.111345	2.15422	0.330613	-1.22843	-1.3089	-0.226432	1.10984	-0.553125	-1.28057	-0.118512	-1.28189	-0.154549	-0.817928	0.560359	-0.381276	
-1.36092	-1.33177	-0.708215	-1.4959	-0.000806525	-1.16441	1.37107	-0.784303	2.61373	1.03502	-0.379886	-0.854038	-0.385705	-0.208312	1.41671	0.436839	-1.22673	-1.24447	-0.0374854	0.620754	-0.372003	-1.18879	0.356886	-1.20332	-0.511269	-0.843925	0.571902	-0.455297	
-1.25452	-0.811447	-0.826639	-1.43352	0.23096	-1.06884	1.62117	-0.680773	2.52144	1.14353	-0.109367	-0.671139	-0.321651	-0.215039	0.567381	0.766852	-1.16415	-1.11199	0.0785773	0.291942	-0.179549	-1.00566	0.758269	-1.03499	-0.89672	-0.828308	0.458385	-0.354116	
-1.04384	-0.474112	-0.895348	-1.22612	0.385855	-0.880119	1.70459	-0.502486	2.31305	1.40349	0.00811902	-0.533733	-0.318247	-0.156609	-0.151681	1.21316	-1.03531	-0.93673	0.109506	0.111111	-0.00670142	-0.745648	1.02156	-0.815104	-1.07727	-0.734158	0.314579	-0.105815	
-0.763027	-0.357982	-0.830382	-0.892607	0.487477	-0.631056	1.66235	-0.305125	2.02544	1.62786	-0.113238	-0.473559	-0.364422	-0.0730896	-0.527809	1.63743	-0.857603	-0.755808	0.0721495	0.0301275	0.119744	-0.448548	1.12233	-0.593495	-0.888192	-0.530926	0.247023	0.218884	
-0.5037	-0.43932	-0.581558	-0.50993	0.564244	-0.377656	1.55456	-0.148827	1.70269	1.63483	-0.466396	-0.496616	-0.429397	-0.00053643	-0.440964	1.90202	-0.674018	-0.616992	-0.00304249	-0.0208566	0.176995	-0.184437	1.0731	-0.428906	-0.304599	-0.228105	0.329985	0.521831	
-0.374917	-0.662461	-0.158616	-0.180936	0.6244	-0.177291	1.43191	-0.0657378	1.39092	1.33978	-0.940487	-0.579416	-0.472028	0.0442242	0.11125	1.92597	-0.536322	-0.56065	-0.0757149	-0.0877719	0.151654	-0.0252901	0.913058	-0.359114	0.519866	0.124337	0.573485	0.719323	
-0.436513	-0.959199	0.372334	0.0169154	0.668301	-0.0674313	1.32229	-0.0578022	1.11436	0.75279	-1.37099	-0.673219	-0.450666	0.0622701	1.01002	1.68272	-0.47055	-0.592305	-0.106216	-0.195608	0.0572873	-0.0113898	0.70406	-0.384876	1.34399	0.444844	0.931928	0.756848	
-0.669769	-1.26116	0.901562	0.058456	0.683089	-0.0533513	1.20766	-0.101642	0.844377	-0.026632	-1.58053	-0.71566	-0.333418	0.0639794	1.98498	1.19952	-0.467083	-0.680562	-0.0728136	-0.349723	-0.0704923	-0.130872	0.504055	-0.471667	1.91387	0.655806	1.29517	0.630177	
-0.965319	-1.50606	1.31112	-0.0102355	0.648473	-0.106857	1.03637	-0.16745	0.505022	-0.886447	-1.44801	-0.653894	-0.107726	0.0489755	2.73952	0.526897	-0.470435	-0.756517	0.024904	-0.563892	-0.182579	-0.315736	0.349341	-0.556842	2.06948	0.701826	1.54114	0.369628	
-1.14911	-1.60765	1.53236	-0.0857681	0.561937	-0.165817	0.745289	-0.231678	-0.0134495	-1.74201	-0.958107	-0.461512	0.215346	0.0162861	2.98083	-0.284337	-0.392518	-0.726119	0.171481	-0.867719	-0.209722	-0.44929	0.259827	-0.566551	1.81176	0.586324	1.56902	0.0364131	
-1.04608	-1.46718	1.57296	-0.0390464	0.440866	-0.153136	0.289308	-0.284359	-0.814884	-2.57256	-0.198359	-0.136514	0.608554	-0.0395657	2.48825	-1.19559	-0.140547	-0.500384	0.340072	-1.31138	-0.0894182	-0.397254	0.236845	-0.434791	1.29586	0.385946	1.32825	-0.295603	
-0.54874	-0.99186	1.52422	0.239178	0.318515	-0.00168171	-0.33804	-0.340319	-1.96046	-3.42794	0.670675	0.297411	1.0349	-0.113077	1.18626	-2.18528	0.3501	-0.0298804	0.493774	-1.95491	0.219855	-0.0592467	0.267875	-0.137317	0.771969	0.22473	0.835334	-0.566478	
0.330549	-0.147971	1.52541	0.789358	0.228794	0.324143	-1.09751	-0.418778	-3.42695	-4.36259	1.47918	0.797106	1.45477	-0.176295	-0.870646	-3.2158	1.07902	0.669399	0.598121	-2.82232	0.716961	0.598335	0.333413	0.306178	0.459895	0.240739	0.150716	-0.731142	
1.46347	1.0089	1.71878	1.57797	0.197516	0.816176	-1.90356	-0.541334	-5.09953	-5.42564	2.09345	1.32152	1.83577	-0.181989	-3.42821	-4.24011	1.98726	1.52241	0.626125	-3.89943	1.35864	1.52555	0.416803	0.833157	0.481714	0.534113	-0.613599	-0.775973	
2.63643	2.31438	2.18371	2.49863	0.232462	1.41807	-2.65693	-0.722809	-6.79633	-6.60424	2.46459	1.83737	2.15971	-0.0830468	-6.13051	-5.19014	2.96107	2.40427	0.559332	-5.10918	2.05625	2.59425	0.499783	1.34627	0.817398	1.12578	-1.34119	-0.715363	
3.62648	3.5261	2.89755	3.40732	0.312763	2.0345	-3.26824	-0.967481	-8.30991	-7.82886	2.621	2.32484	2.41568	0.146859	-8.5252	-5.98938	3.86743	3.17537	0.391403	-6.33469	2.69703	3.6287	0.558559	1.74376	1.31814	1.94002	-1.9222	-0.588367	
4.28937	4.41317	3.74926	4.1745	0.418864	2.56026	-3.68144	-1.2704	-9.46118	-8.98426	2.63248	2.77836	2.59888	0.499259	-10.1975	-6.5745	4.60007	3.73005	0.131339	-7.43828	3.19108	4.46484	0.576405	1.94876	1.80329	2.82551	-2.27364	-0.447887	
4.59736	4.82615	4.56331	4.71254	0.529905	2.901	-3.89011	-1.61992	-10.1471	-9.94549	2.59524	3.20039	2.71415	0.915436	-10.9267	-6.91537	5.09842	4.01504	-0.201867	-8.30146	3.48293	4.99102	0.539305	1.92644	2.13005	3.59983	-2.37531	-0.348721	
4.63675	4.76543	5.16395	4.99324	0.627683	2.99643	-3.93887	-2.01139	-10.3684	-10.6388	2.59187	3.58949	2.77272	1.29463	-10.6725	-7.0368	5.36279	4.04065	-0.588075	-8.86617	3.5663	5.16973	0.42992	1.68383	2.24865	4.10253	-2.25408	-0.337593	
4.56248	4.3891	5.43945	5.04454	0.711614	2.8399	-3.89872	-2.43017	-10.1993	-11.0191	2.66264	3.93117	2.78841	1.53555	-9.65321	-6.99709	5.44272	3.86985	-0.996502	-9.11157	3.48615	5.04749	0.244154	1.27297	2.21897	4.2442	-1.98747	-0.436779	
4.52799	3.95951	5.38053	4.93403	0.787786	2.47877	-3.84474	-2.85691	-9.77008	-11.1095	2.82932	4.21168	2.79093	1.59058	-8.21617	-6.88088	5.41566	3.59128	-1.39761	-9.08239	3.31816	4.72859	-0.00946876	0.770971	2.17038	4.04407	-1.66713	-0.639058	
4.61163	3.72893	5.06914	4.73242	0.856801	1.99655	-3.83514	-3.26309	-9.20465	-10.9508	3.08464	4.40552	2.80683	1.46286	-6.78553	-6.76182	5.34423	3.27673	-1.76636	-8.83078	3.1322	4.33073	-0.315215	0.252962	2.22465	3.60528	-1.39339	-0.909702	
4.7875	3.83057	4.64089	4.49423	0.898254	1.49083	-3.88897	-3.60582	-8.58164	-10.5833	3.41807	4.49992	2.85731	1.23076	-5.68713	-6.67779	5.2564	2.96108	-2.08152	-8.40458	2.9648	3.94433	-0.650042	-0.222569	2.41706	3.08313	-1.23937	-1.1939	
4.94372	4.21792	4.22993	4.24704	0.887726	1.04954	-3.98334	-3.84099	-7.92372	-10.0428	3.80271	4.49425	2.94847	1.0162	-5.04138	-6.62854	5.14428	2.64429	-2.32499	-7.83398	2.81169	3.61265	-0.987292	-0.621998	2.6966	2.6298	-1.22066	-1.43263	
4.92826	4.67201	3.90272	3.98927	0.782449	0.724032	-4.0682	-3.93357	-7.19859	-9.33861	4.18279	4.40156	3.04994	0.92577	-4.76489	-6.57477	4.9641	2.29264	-2.48584	-7.11911	2.61834	3.32001	-1.30804	-0.943646	2.92796	2.33609	-1.31261	-1.58678	
4.6232	4.89767	3.63981	3.70525	0.547151	0.521046	-4.08515	-3.87408	-6.36336	-8.49484	4.4769	4.25315	3.10505	1.00974	-4.55815	-6.46609	4.66593	1.87017	-2.56132	-6.27014	2.31435	3.01412	-1.60763	-1.2062	2.95905	2.21581	-1.43949	-1.64399	
4.00594	4.65117	3.35863	3.38178	0.174551	0.410557	-3.98525	-3.67568	-5.38385	-7.52428	4.5674	4.07796	3.03408	1.23118	-4.11333	-6.25358	4.2207	1.36625	-2.55115	-5.29052	1.85339	2.64224	-1.88276	-1.42787	2.69563	2.20666	-1.52155	-1.62009	
3.16499	3.86213	2.96286	3.01924	-0.307593	0.34016	-3.74928	-3.37718	-4.27951	-6.46718	4.36072	3.90332	2.77519	1.48923	-3.22115	-5.91519	3.63992	0.808835	-2.46508	-4.22617	1.23971	2.18328	-2.13001	-1.61814	2.14217	2.21217	-1.49899	-1.55209	
2.26713	2.68272	2.39852	2.62952	-0.833293	0.256621	-3.39355	-3.02958	-3.11838	-5.37756	3.8067	3.73563	2.30258	1.63474	-1.90601	-5.45672	2.97624	0.260951	-2.32047	-3.14604	0.540125	1.66143	-2.34074	-1.77126	1.40924	2.1384	-1.36283	-1.47919	
1.49436	1.4398	1.69065	2.23963	-1.32125	0.12679	-2.95857	-2.67561	-1.994	-4.29887	2.93429	3.56166	1.64356	1.54764	-0.400867	-4.90007	2.31163	-0.198202	-2.13856	-2.12329	-0.134437	1.14038	-2.4991	-1.86923	0.657533	1.93417	-1.1534	-1.42934	
0.979019	0.501707	0.954981	1.88081	-1.68011	-0.0513689	-2.49948	-2.34025	-1.01148	-3.27314	1.8841	3.35552	0.899759	1.19582	0.949356	-4.27968	1.73777	-0.497119	-1.94425	-1.23333	-0.655222	0.702796	-2.58152	-1.89114	0.0565323	1.60979	-0.931963	-1.40518	
0.753051	0.133374	0.340026	1.57131	-1.86321	-0.258793	-2.07676	-2.03351	-0.250339	-2.32559	0.854594	3.08387	0.196828	0.635468	1.80468	-3.62841	1.31626	-0.610396	-1.77008	-0.525524	-0.935292	0.409866	-2.57499	-1.83261	-0.305611	1.21805	-0.776148	-1.3933	
0.744903	0.377227	-0.0257487	1.31753	-1.8689	-0.463784	-1.73261	-1.75277	0.255003	-1.4844	0.0608952	2.72717	-0.335537	-0.00997779	2.0333	-2.98573	1.0657	-0.563735	-1.64344	-0.025343	-0.95819	0.27549	-2.48298	-1.71187	-0.440123	0.827486	-0.720454	-1.37413	
0.822427	1.03187	-0.0875436	1.11507	-1.73772	-0.634323	-1.48373	-1.49384	0.519594	-0.779697	-0.342004	2.28851	-0.607748	-0.579451	1.74294	-2.39195	0.962305	-0.421001	-1.57891	0.27438	-0.781628	0.262532	-2.32275	-1.56383	-0.425151	0.493879	-0.747679	-1.33324	
0.845477	1.73584	0.0935008	0.951561	-1.54941	-0.754753	-1.32262	-1.26438	0.598596	-0.244782	-0.328092	1.79712	-0.612803	-0.953296	1.27213	-1.8893	0.943805	-0.269118	-1.57588	0.406724	-0.527901	0.292898	-2.13251	-1.43546	-0.377883	0.235979	-0.794236	-1.27724	
0.723964	2.10516	0.365499	0.804566	-1.39295	-0.83186	-1.22829	-1.09088	0.558248	0.0647476	-0.00788767	1.30853	-0.425227	-1.09341	1.07857	-1.524	0.932846	-0.187029	-1.6223	0.402536	-0.341486	0.273001	-1.96333	-1.37271	-0.391738	0.0294935	-0.770335	-1.23449	
0.454779	1.91074	0.534463	0.660457	-1.33652	-0.881213	-1.1634	-0.997814	0.473516	0.130918	0.401181	0.891244	-0.181515	-1.04955	1.51396	-1.31938	0.862529	-0.216882	-1.685	0.313118	-0.333411	0.139475	-1.85227	-1.39082	-0.50528	-0.163202	-0.607472	-1.23468	
0.111583	1.15176	0.451559	0.506764	-1.40193	-0.923688	-1.09238	-1.00035	0.398836	-0.0316379	0.680401	0.598321	-0.0138816	-0.935014	2.68131	-1.27941	0.698234	-0.354361	-1.72617	0.182809	-0.541992	-0.122686	-1.81148	-1.47428	-0.689414	-0.377038	-0.286293	-1.29907	
-0.19294	0.079372	0.0609312	0.340226	-1.56674	-0.966521	-0.986315	-1.08224	0.373275	-0.340118	0.667186	0.465724	-0.0231991	-0.866836	4.35711	-1.35444	0.444553	-0.551456	-1.70626	0.066591	-0.919831	-0.465434	-1.81708	-1.57336	-0.881935	-0.611311	0.138458	-1.41452	
-0.364442	-0.922694	-0.574548	0.165948	-1.76944	-1.00257	-0.822681	-1.19159	0.428352	-0.652028	0.330148	0.486699	-0.231852	-0.928453	6.08004	-1.45712	0.136678	-0.741804	-1.59469	0.0273213	-1.35697	-0.805194	-1.81895	-1.62109	-1.0292	-0.833828	0.564099	-1.53954	
-0.36529	-1.51109	-1.28995	-0.0121813	-1.93756	-1.0148	-0.594747	-1.2567	0.577547	-0.811202	-0.226531	0.611748	-0.582	-1.11959	7.34879	-1.48046	-0.173666	-0.863699	-1.38217	0.115583	-1.72199	-1.0547	-1.76001	-1.56015	-1.11326	-1.00126	0.88095	-1.61217	
-0.223985	-1.50302	-1.88454	-0.179238	-2.00604	-0.97851	-0.300633	-1.19639	0.831046	-0.67186	-0.81814	0.769691	-0.963976	-1.38488	7.78597	-1.31772	-0.435182	-0.879016	-1.07358	0.371121	-1.90242	-1.14876	-1.58437	-1.35457	-1.1616	-1.06665	1.01381	-1.56578	
-0.0230134	-0.972738	-2.19596	-0.333247	-1.94711	-0.888315	0.0440595	-0.966597	1.17469	-0.184298	-1.26334	0.871596	-1.26724	-1.62953	7.30643	-0.919107	-0.623443	-0.793793	-0.700805	0.782709	-1.8556	-1.08378	-1.27668	-1.01982	-1.23102	-1.02218	0.951665	-1.37008	
0.143765	-0.193665	-2.15651	-0.465735	-1.76221	-0.746766	0.427703	-0.557927	1.59005	0.616712	-1.46006	0.852288	-1.41868	-1.76765	6.13279	-0.287348	-0.738771	-0.64117	-0.294086	1.31333	-1.60856	-0.903401	-0.849291	-0.600517	-1.36315	-0.89094	0.760153	-1.02909	
0.201919	0.457982	-1.81581	-0.585958	-1.48945	-0.589917	0.82204	-0.0306312	2.02802	1.57254	-1.42823	0.668371	-1.41437	-1.76185	4.71882	0.486518	-0.811401	-0.48099	0.101295	1.8704	-1.25617	-0.700488	-0.364394	-0.183543	-1.55641	-0.739729	0.550115	-0.609381	
0.120213	0.672133	-1.32295	-0.713053	-1.19734	-0.46495	1.18844	0.511068	2.41709	2.46069	-1.30014	0.323968	-1.3226	-1.63432	3.58873	1.26524	-0.888389	-0.374086	0.442397	2.33855	-0.927342	-0.574735	0.0877733	0.135364	-1.77028	-0.647284	0.433369	-0.2044	
-0.0820436	0.3346	-0.859392	-0.866785	-0.943205	-0.414667	1.49295	0.95604	2.69242	3.07562	-1.23131	-0.131087	-1.23046	-1.45112	3.11581	1.90445	-1.01001	-0.360948	0.701256	2.6173	-0.730792	-0.596202	0.426025	0.28812	-1.92377	-0.665899	0.483068	0.0910884	
-0.359645	-0.450929	-0.581837	-1.07479	-0.777114	-0.472899	1.69483	1.20717	2.78982	3.2761	-1.33242	-0.629269	-1.21579	-1.28006	3.40493	2.2861	-1.20464	-0.461433	0.854335	2.63979	-0.734299	-0.793026	0.582614	0.237244	-1.94721	-0.819579	0.693686	0.205989	
-0.662128	-1.40217	-0.563292	-1.34133	-0.717905	-0.634869	1.77187	1.22941	2.68381	3.04204	-1.60286	-1.08437	-1.2981	-1.17527	4.27719	2.36705	-1.46162	-0.656454	0.9019	2.40188	-0.933114	-1.12751	0.543656	0.00464197	-1.8088	-1.0755	0.997312	0.130883	
-0.955709	-2.1955	-0.786087	-1.65792	-0.762466	-0.874863	1.71306	1.04159	2.38328	2.46509	-1.92717	-1.42958	-1.43628	-1.13957	5.3623	2.16807	-1.74789	-0.910457	0.85169	1.95607	-1.27111	-1.52876	0.330784	-0.350868	-1.5373	-1.37499	1.2832	-0.0983266	
-1.2256	-2.59453	-1.15131	-1.98452	-0.885329	-1.13688	1.53012	0.722616	1.93543	1.71996	-2.11374	-1.62458	-1.53678	-1.14852	6.26834	1.77756	-2.00642	-1.17126	0.731614	1.40306	-1.65903	-1.90483	0.00594019	-0.736327	-1.21433	-1.65064	1.45247	-0.399206	
-1.46008	-2.54283	-1.52109	-2.26296	-1.04535	-1.36312	1.2583	0.370177	1.41782	0.98854	-1.99244	-1.66214	-1.49864	-1.17596	6.73985	1.29778	-2.1724	-1.38384	0.578825	0.850404	-1.99873	-2.17637	-0.347714	-1.05791	-0.92496	-1.85629	1.46264	-0.687759	
-1.63842	-2.15736	-1.77605	-2.42415	-1.20423	-1.50363	0.942773	0.0739196	0.909341	0.409206	-1.50168	-1.57026	-1.26844	-1.20595	6.69999	0.821284	-2.19529	-1.50376	0.434347	0.389124	-2.21554	-2.29354	-0.651374	-1.24275	-0.738194	-1.97546	1.32605	-0.896627	
-1.72374	-1.66216	-1.8418	-2.41431	-1.3188	-1.52914	0.641685	-0.106127	0.494244	0.0507732	-0.724469	-1.39386	-0.860483	-1.25359	6.24795	0.413273	-2.0498	-1.49769	0.341803	0.0818787	-2.26452	-2.24188	-0.838293	-1.24722	-0.663805	-2.01992	1.11117	-0.997486	
-1.67961	-1.28063	-1.71431	-2.22012	-1.3671	-1.44652	0.397502	-0.165777	0.219203	-0.106785	0.127831	-1.18686	-0.367783	-1.35154	5.59028	0.0943526	-1.75487	-1.36485	0.323687	-0.0605757	-2.15197	-2.05448	-0.887084	-1.08655	-0.663178	-2.02279	0.899392	-1.00995	
-1.48533	-1.13406	-1.43976	-1.87024	-1.34085	-1.28126	0.238044	-0.137928	0.103849	-0.133549	0.795249	-0.994158	0.0772235	-1.53379	4.92784	-0.139462	-1.35725	-1.12259	0.387114	-0.0601086	-1.91447	-1.77996	-0.805308	-0.811984	-0.671738	-2.00882	0.755698	-0.975285	
-1.15435	-1.1923	-1.08945	-1.43658	-1.23939	-1.07414	0.176685	-0.0737526	0.146514	-0.0933037	1.07386	-0.841227	0.354933	-1.80217	4.36616	-0.298308	-0.927305	-0.809159	0.518804	0.0510557	-1.60149	-1.47536	-0.624389	-0.495167	-0.620954	-1.97823	0.704056	-0.940799	
-0.75461	-1.31487	-0.737379	-1.01554	-1.07831	-0.869014	0.194915	-0.0223285	0.310755	-0.0244015	0.889827	-0.742258	0.395066	-2.10359	3.89479	-0.380688	-0.543668	-0.483069	0.68307	0.237859	-1.27445	-1.19446	-0.397119	-0.218654	-0.490834	-1.90993	0.713735	-0.937433	
-0.386994	-1.333	-0.434935	-0.699269	-0.883944	-0.699273	0.265647	-0.0119558	0.558814	0.0793444	0.327861	-0.694279	0.207586	-2.35408	3.43456	-0.374233	-0.267933	-0.201723	0.834682	0.475908	-0.981654	-0.971693	-0.173297	-0.0419458	-0.307296	-1.77642	0.728285	-0.967331	
-0.158266	-1.14359	-0.214526	-0.541762	-0.688493	-0.578876	0.352091	-0.040685	0.843136	0.251255	-0.400957	-0.687652	-0.122701	-2.46186	2.91618	-0.261729	-0.134138	-0.0132171	0.932369	0.746446	-0.76026	-0.824278	0.00603541	0.00697585	-0.130803	-1.55467	0.69469	-1.00272	
-0.134715	-0.767176	-0.0857985	-0.54309	-0.518135	-0.500422	0.422196	-0.0775773	1.12556	0.534887	-1.04467	-0.707863	-0.471253	-2.36146	2.31498	-0.029713	-0.139856	0.0630476	0.953834	1.04109	-0.624982	-0.745663	0.123064	-0.0532953	-0.0264018	-1.24558	0.585676	-1.00008	
-0.314462	-0.330093	-0.0479499	-0.650699	-0.393427	-0.443696	0.453246	-0.0854836	1.37013	0.937861	-1.41269	-0.738098	-0.724944	-2.05913	1.70329	0.30826	-0.251015	0.0343304	0.898854	1.33855	-0.571202	-0.716136	0.176895	-0.17405	-0.0272237	-0.881685	0.417053	-0.921426	
-0.620611	-0.0146063	-0.0950139	-0.77891	-0.325618	-0.384632	0.43263	-0.036275	1.55085	1.41792	-1.44124	-0.769244	-0.822838	-1.6262	1.18631	0.701897	-0.413653	-0.0643666	0.788188	1.60797	-0.577228	-0.704078	0.185198	-0.29009	-0.128304	-0.51976	0.229092	-0.751255	
-0.915562	0.0520526	-0.20067	-0.833559	-0.300604	-0.297117	0.368413	0.0887878	1.65964	1.91124	-1.1964	-0.787524	-0.764983	-1.17664	0.825385	1.09678	-0.561994	-0.172942	0.660156	1.82109	-0.594131	-0.666486	0.183438	-0.328706	-0.271671	-0.210082	0.0677154	-0.49269	
-1.07383	-0.159658	-0.334268	-0.76394	-0.301396	-0.176353	0.266921	0.276994	1.6833	2.33114	-0.843333	-0.793219	-0.616187	-0.823407	0.636739	1.43307	-0.65444	-0.243164	0.547215	1.94479	-0.586791	-0.58096	0.194027	-0.259121	-0.392135	0.00437301	-0.0399462	-0.180905	
-1.01418	-0.548631	-0.443782	-0.569185	-0.304836	-0.0278125	0.147562	0.503288	1.63173	2.62079	-0.557872	-0.78476	-0.462396	-0.633515	0.544777	1.67697	-0.66513	-0.238837	0.473957	1.97187	-0.523986	-0.434318	0.235422	-0.0789395	-0.441525	0.111612	-0.0966774	0.143186	
-0.74825	-0.940142	-0.480342	-0.31124	-0.283781	0.12306	0.0322313	0.726403	1.51709	2.74629	-0.458554	-0.772674	-0.37192	-0.621468	0.476053	1.81356	-0.60119	-0.159462	0.445059	1.90481	-0.401406	-0.246573	0.306805	0.169277	-0.396742	0.123824	-0.11234	0.429797	
-0.377162	-1.17292	-0.411039	-0.0912355	-0.228539	0.235836	-0.0637492	0.903557	1.35366	2.71278	-0.560649	-0.775463	-0.373868	-0.726053	0.373983	1.85211	-0.498669	-0.0415924	0.443316	1.7628	-0.247493	-0.0660963	0.386547	0.41296	-0.287008	0.0651242	-0.109729	0.63621	
-0.0488746	-1.16188	-0.233247	-0.00911411	-0.140093	0.273206	-0.122784	1.0009	1.16389	2.5573	-0.779629	-0.810356	-0.443211	-0.861529	0.275182	1.81683	-0.402397	0.056428	0.447664	1.57878	-0.11095	0.0453066	0.445014	0.578538	-0.159696	-0.0426733	-0.0901436	0.737924	
0.0906501	-0.962539	0.00381888	-0.131459	-0.0367659	0.205493	-0.131044	0.996093	0.974175	2.31348	-0.983591	-0.897706	-0.520986	-0.957857	0.305194	1.71419	-0.362994	0.0712056	0.440337	1.38147	-0.0557966	0.0234163	0.452676	0.60914	-0.0642105	-0.194781	-0.0310496	0.720797	
-0.0314698	-0.72827	0.222415	-0.450993	0.0657729	0.0331901	-0.0720657	0.894404	0.816249	2.01337	-1.05129	-1.03554	-0.537954	-0.978669	0.613169	1.54795	-0.403324	-0.0306193	0.42613	1.19868	-0.122723	-0.162008	0.401957	0.499215	-0.017888	-0.388842	0.108281	0.595444	
-0.400668	-0.643856	0.326174	-0.901485	0.15205	-0.22244	0.0573583	0.709894	0.710553	1.66354	-0.940316	-1.21451	-0.457001	-0.944935	1.31149	1.29916	-0.528448	-0.25155	0.42274	1.04067	-0.327141	-0.505696	0.298648	0.279354	-0.00475768	-0.632686	0.363574	0.377227	
-0.90827	-0.8361	0.247205	-1.36776	0.210319	-0.514638	0.249859	0.475563	0.671548	1.26785	-0.679263	-1.40512	-0.277776	-0.90708	2.36121	0.951996	-0.711233	-0.54961	0.456188	0.911437	-0.633667	-0.949081	0.172285	0.0191485	0.00639775	-0.921227	0.731402	0.0993673	
-1.39537	-1.31384	-0.0244354	-1.72609	0.248939	-0.782304	0.488375	0.231278	0.69774	0.833991	-0.355949	-1.56798	-0.0343841	-0.917234	3.58544	0.510052	-0.904427	-0.853215	0.547686	0.805529	-0.968015	-1.40069	0.0658519	-0.201932	0.0581495	-1.22249	1.17368	-0.195417	
-1.71908	-1.95586	-0.425938	-1.8904	0.274928	-0.973249	0.734245	0.0133603	0.765651	0.388995	-0.0736156	-1.6671	0.212086	-0.986197	4.67341	0.00923059	-1.0609	-1.08973	0.690271	0.714889	-1.24188	-1.76297	0.0102461	-0.331197	0.163214	-1.48539	1.59896	-0.462075	
-1.79884	-2.54882	-0.830771	-1.83393	0.297773	-1.05158	0.945658	-0.1514	0.843035	-0.0157237	0.0990302	-1.67204	0.406829	-1.08048	5.31983	-0.48207	-1.13583	-1.20446	0.854832	0.636959	-1.37731	-1.95825	0.0185306	-0.351434	0.306486	-1.65184	1.90724	-0.655654	
-1.64527	-2.88791	-1.09023	-1.59756	0.32763	-1.01159	1.08352	-0.252317	0.89561	-0.322837	0.143563	-1.58081	0.518489	-1.13218	5.34267	-0.884683	-1.1082	-1.17972	0.989261	0.570862	-1.33053	-1.95649	0.0801464	-0.290612	0.460383	-1.67878	2.02719	-0.746806	
-1.35052	-2.86073	-1.0893	-1.27003	0.359436	-0.8794	1.11504	-0.298096	0.879445	-0.494865	0.111402	-1.41171	0.553138	-1.06759	4.74788	-1.12997	-0.983178	-1.04238	1.03449	0.503699	-1.11138	-1.78374	0.157997	-0.209312	0.586344	-1.55371	1.93353	-0.723757	
-1.04295	-2.48548	-0.796526	-0.954846	0.384214	-0.7002	1.0365	-0.306687	0.784366	-0.51166	0.0690459	-1.20361	0.537003	-0.856247	3.76058	-1.17814	-0.791472	-0.849339	0.956419	0.438351	-0.781588	-1.51343	0.209678	-0.170277	0.661947	-1.30808	1.67168	-0.598386	
-0.83802	-1.90127	-0.279573	-0.731382	0.391009	-0.523576	0.871195	-0.295955	0.624429	-0.3895	0.0668949	-1.00108	0.502684	-0.527564	2.69151	-1.03941	-0.579146	-0.664464	0.761019	0.379406	-0.427531	-1.23637	0.20569	-0.211933	0.691211	-1.0055	1.3275	-0.401877	
-0.794581	-1.31594	0.308914	-0.630309	0.379077	-0.385544	0.671813	-0.274625	0.441743	-0.178061	0.111143	-0.840351	0.47307	-0.165856	1.86291	-0.768284	-0.391213	-0.533549	0.502048	0.334747	-0.135424	-1.02906	0.146141	-0.324434	0.69356	-0.719468	1.01186	-0.173598	
-0.898245	-0.910834	0.788426	-0.630607	0.359927	-0.300182	0.498887	-0.237696	0.294571	0.0714357	0.163336	-0.741777	0.451238	0.123632	1.4477	-0.440394	-0.261497	-0.469681	0.262054	0.325322	0.0408194	-0.927197	0.0620828	-0.457152	0.697434	-0.50915	0.806892	0.0457933	
-1.07933	-0.773885	1.00673	-0.67586	0.352396	-0.259441	0.406782	-0.170738	0.234172	0.314725	0.172169	-0.707464	0.426893	0.259961	1.41813	-0.131809	-0.203024	-0.453828	0.126727	0.365566	0.0919632	-0.915397	0.00557314	-0.535515	0.708309	-0.398806	0.740877	0.229751	
-1.24159	-0.884878	0.90438	-0.702629	0.386018	-0.235518	0.4355	-0.0476871	0.304232	0.543862	0.0848477	-0.725737	0.380541	0.229422	1.58259	0.111659	-0.208304	-0.441032	0.159904	0.479889	0.0561648	-0.940355	0.0381781	-0.487257	0.713768	-0.370205	0.792243	0.372808	
-1.30966	-1.12496	0.538125	-0.668602	0.479878	-0.202192	0.579759	0.138563	0.494256	0.759262	-0.0987787	-0.770753	0.305839	0.0943061	1.64496	0.272582	-0.254771	-0.392353	0.364701	0.661548	-0.00577305	-0.935614	0.189758	-0.286583	0.68501	-0.369695	0.886824	0.482542	
-1.25265	-1.34391	0.0551557	-0.569911	0.631484	-0.147816	0.801393	0.370961	0.767007	0.971985	-0.337691	-0.82066	0.209408	-0.0402098	1.39943	0.361844	-0.311807	-0.290569	0.684715	0.889192	-0.0380669	-0.855249	0.447142	0.0347414	0.5936	-0.345273	0.950124	0.569492	
-1.09293	-1.42396	-0.358454	-0.435889	0.814657	-0.0763658	1.03472	0.606118	1.05194	1.17924	-0.560177	-0.859	0.113629	-0.0551736	0.793459	0.402235	-0.352361	-0.149514	1.02187	1.11881	-0.00966833	-0.690976	0.7521	0.392116	0.443094	-0.261073	0.930628	0.640958	
-0.897753	-1.33565	-0.560832	-0.316576	0.971095	-0.0164557	1.19861	0.771518	1.26304	1.33628	-0.677497	-0.884472	0.0508403	0.113976	0.00117284	0.403967	-0.364617	-0.0211963	1.25581	1.2777	0.0644298	-0.482546	1.00583	0.666478	0.254553	-0.123673	0.822591	0.687373	
-0.742031	-1.12994	-0.505652	-0.258228	1.02985	-0.00219224	1.2299	0.79902	1.34455	1.3909	-0.645324	-0.894899	0.0357717	0.441147	-0.657473	0.36752	-0.352854	0.0315209	1.29789	1.31517	0.130396	-0.301522	1.10802	0.753061	0.0703871	0.0230981	0.66301	0.685242	
-0.679746	-0.891751	-0.255996	-0.276072	0.939546	-0.0560556	1.10164	0.646005	1.27895	1.28839	-0.471971	-0.886124	0.0644302	0.826456	-0.880086	0.283951	-0.329068	-0.0384903	1.11606	1.20204	0.128587	-0.21319	0.993712	0.599733	-0.0558261	0.123523	0.507183	0.611516	
-0.725636	-0.715157	0.0444158	-0.351246	0.681552	-0.176778	0.832548	0.319957	1.09506	1.00586	-0.221466	-0.854938	0.109943	1.12755	-0.495315	0.143977	-0.308358	-0.240447	0.747644	0.952717	0.0164073	-0.253481	0.658832	0.231829	-0.0970878	0.130553	0.404524	0.455179	
