-0.0959664	0.090504	0.481634	1.47141	0.489463	-0.192119	0.0348579	-0.0970623	0.0360493	-0.136216	0.236142	1.31982	0.666476	-0.422539	-0.277093	-0.072853	-0.517268	0.178626	-0.115209	-0.167571	-0.471429	-0.0990538	0.321155	0.206401	0.276573	-0.249761	0.317877	-0.358242	
0.0116362	0.420956	0.48613	1.48011	0.268369	-0.109102	-0.276326	-0.17786	-0.164925	-0.151499	0.323863	1.79397	0.796971	-0.568124	-0.687973	0.00480951	-0.0318209	-0.00290104	-0.210265	-0.240859	0.158035	-0.0132192	-0.0560318	-0.073866	0.547645	-0.204815	0.0876316	-0.256568	
0.145885	0.76704	0.374478	1.29044	0.014381	-0.000383598	-0.502007	-0.233354	-0.377177	-0.153452	0.369889	2.11865	0.592814	-0.668026	-0.888461	0.0575509	0.344294	-0.165363	-0.297428	-0.297164	0.68602	0.1056	-0.384967	-0.300855	0.592781	-0.186334	-0.108706	-0.193884	
0.273973	1.09812	0.177309	0.993043	-0.235648	0.0985272	-0.599367	-0.258009	-0.554074	-0.145804	0.384406	2.23586	0.0945783	-0.703911	-0.836987	0.0646452	0.592352	-0.266119	-0.369164	-0.337689	1.04472	0.232971	-0.590541	-0.432939	0.352079	-0.186488	-0.229225	-0.186246	
0.369985	1.37848	-0.0502004	0.696448	-0.45317	0.160932	-0.577991	-0.249583	-0.6635	-0.139365	0.383817	2.13772	-0.511396	-0.710772	-0.59475	0.0321014	0.725442	-0.280784	-0.422749	-0.367821	1.21157	0.347412	-0.643885	-0.466437	-0.123586	-0.194698	-0.269165	-0.22633	
0.423043	1.57932	-0.233261	0.495706	-0.613255	0.168611	-0.487643	-0.218476	-0.694803	-0.153392	0.394061	1.87797	-1.01736	-0.717317	-0.282235	-0.0278492	0.785246	-0.21559	-0.465295	-0.4001	1.22017	0.430521	-0.570431	-0.439094	-0.668158	-0.206024	-0.252964	-0.298679	
0.432858	1.68852	-0.318319	0.438191	-0.701995	0.12334	-0.403224	-0.173897	-0.657337	-0.191691	0.422114	1.54788	-1.22299	-0.745249	-0.0764761	-0.0808676	0.824547	-0.105071	-0.493697	-0.432423	1.13534	0.472552	-0.436333	-0.402422	-1.10496	-0.204428	-0.227203	-0.367636	
0.406352	1.70263	-0.294765	0.508356	-0.730302	0.0452626	-0.371153	-0.122717	-0.570651	-0.247784	0.458649	1.24291	-1.07182	-0.787546	-0.0501283	-0.104075	0.859956	0.00327517	-0.502712	-0.453613	1.0114	0.472422	-0.316273	-0.401542	-1.28902	-0.190361	-0.222986	-0.407627	
0.354988	1.65192	-0.193576	0.652967	-0.692719	-0.0327525	-0.401803	-0.0744172	-0.455374	-0.303844	0.472449	1.05377	-0.704447	-0.805899	-0.217472	-0.0932128	0.893342	0.0666645	-0.479384	-0.445183	0.902205	0.43568	-0.260299	-0.451181	-1.1874	-0.156228	-0.242419	-0.393576	
0.289797	1.58266	-0.0824578	0.784709	-0.614695	-0.0857022	-0.467267	-0.0345621	-0.328334	-0.338709	0.42022	1.00697	-0.325495	-0.757201	-0.485037	-0.0620592	0.895762	0.0627148	-0.413525	-0.389004	0.811404	0.37657	-0.284422	-0.537733	-0.868875	-0.104406	-0.278797	-0.325611	
0.215317	1.5344	-0.0320086	0.837412	-0.513508	-0.0984549	-0.50825	-0.00814202	-0.191999	-0.330031	0.284089	1.0716	-0.176827	-0.586715	-0.69978	-0.0370216	0.84738	-0.00533524	-0.300775	-0.276362	0.72696	0.306585	-0.360541	-0.618819	-0.49977	-0.0398194	-0.298088	-0.215822	
0.13333	1.52332	-0.0891669	0.779433	-0.417413	-0.0702245	-0.472849	0.00481393	-0.0397786	-0.263422	0.0632956	1.17639	-0.381105	-0.311636	-0.73007	-0.0322954	0.73896	-0.10971	-0.142625	-0.108216	0.62047	0.237712	-0.440019	-0.649363	-0.246876	0.0333952	-0.276548	-0.0827209	
0.0512797	1.53792	-0.244022	0.618398	-0.337072	-0.022146	-0.340057	0.002271	0.128627	-0.14745	-0.202811	1.23087	-0.886933	0.0143293	-0.524248	-0.0579236	0.583488	-0.212299	0.0403695	0.0908601	0.474458	0.178211	-0.474684	-0.608159	-0.188124	0.100366	-0.204901	0.036258	
-0.02427	1.52784	-0.444814	0.389875	-0.282941	0.0180428	-0.135128	-0.00879391	0.309474	0.00259275	-0.456739	1.15123	-1.4557	0.307766	-0.148504	-0.0917759	0.425153	-0.278819	0.22554	0.292554	0.295356	0.132526	-0.439939	-0.50517	-0.328407	0.154005	-0.10456	0.11898	
-0.0843107	1.41703	-0.615439	0.140012	-0.26764	0.0239954	0.0883622	-0.0157122	0.488832	0.16176	-0.625208	0.900415	-1.79324	0.47717	0.282916	-0.104412	0.295042	-0.29102	0.390069	0.470799	0.0961305	0.102318	-0.344682	-0.379229	-0.554462	0.178031	-0.0233289	0.145085	
-0.116371	1.15262	-0.683239	-0.0948778	-0.261789	-0.0182207	0.27087	-0.00720082	0.643618	0.300993	-0.669116	0.503353	-1.68817	0.451951	0.603073	-0.0663173	0.211195	-0.247881	0.515377	0.602774	-0.0888561	0.0851755	-0.213977	-0.280401	-0.722152	0.156405	0.0193184	0.10382	
-0.115377	0.706316	-0.615403	-0.307832	-0.264934	-0.105741	0.361764	0.0316572	0.750975	0.408615	-0.578405	0.00978016	-1.04614	0.233838	0.693812	0.0414757	0.16521	-0.164939	0.600281	0.688685	-0.238742	0.0782473	-0.0908625	-0.245448	-0.716401	0.0855857	-0.0112293	-0.00167123	
-0.0849768	0.106533	-0.424728	-0.502596	-0.239889	-0.215488	0.363014	0.107073	0.801405	0.485757	-0.395837	-0.501076	-0.0282403	-0.136639	0.545735	0.204939	0.121715	-0.0628891	0.657923	0.742223	-0.340053	0.0748538	0.00489917	-0.27821	-0.47834	-0.0404403	-0.0796257	-0.151076	
-0.0402257	-0.551119	-0.176651	-0.683575	-0.174143	-0.313146	0.305326	0.212284	0.797389	0.540653	-0.19879	-0.940642	1.05565	-0.555094	0.242161	0.385461	0.0405797	0.0398203	0.703502	0.780874	-0.393668	0.0700097	0.0687215	-0.350301	-0.0814418	-0.197834	-0.14589	-0.314151	
-0.00112661	-1.12995	0.049696	-0.84608	-0.0479292	-0.371316	0.249013	0.325825	0.752417	0.580379	-0.070629	-1.24195	1.81939	-0.928468	-0.0606144	0.525218	-0.113091	0.132664	0.748524	0.816867	-0.417592	0.0568337	0.120013	-0.417298	0.364406	-0.362881	-0.146563	-0.464143	
0.00796465	-1.4964	0.183445	-0.971788	0.13798	-0.37506	0.242626	0.416677	0.683409	0.602492	-0.0746341	-1.3822	2.00754	-1.16279	-0.227853	0.571223	-0.336092	0.210534	0.78851	0.844893	-0.429613	0.028931	0.184127	-0.437997	0.71028	-0.497091	-0.0345037	-0.576825	
-0.0315027	-1.56807	0.187829	-1.02077	0.341068	-0.320792	0.301971	0.461459	0.610779	0.606912	-0.225145	-1.3607	1.57685	-1.22762	-0.177718	0.500768	-0.597765	0.271384	0.817022	0.859242	-0.45287	-0.0170426	0.271812	-0.387325	0.838194	-0.561606	0.175453	-0.633143	
-0.119568	-1.33267	0.0850564	-0.965517	0.554739	-0.228035	0.415501	0.442811	0.542675	0.573981	-0.499792	-1.20138	0.661761	-1.15313	0.053287	0.319848	-0.847106	0.314386	0.814545	0.837455	-0.48892	-0.0823647	0.386434	-0.276977	0.753713	-0.544802	0.470742	-0.633692	
-0.247213	-0.861934	-0.082952	-0.801038	0.71334	-0.117639	0.525404	0.373861	0.479728	0.499622	-0.81157	-0.951384	-0.377788	-0.971364	0.346077	0.0790097	-1.02786	0.331045	0.769379	0.771553	-0.537484	-0.160907	0.496773	-0.138584	0.471264	-0.434571	0.753186	-0.577953	
-0.390918	-0.298714	-0.245346	-0.545289	0.789543	-0.0165219	0.582764	0.283596	0.422435	0.389055	-1.07555	-0.653144	-1.22178	-0.733516	0.565024	-0.15804	-1.11724	0.314159	0.687189	0.670368	-0.598908	-0.244221	0.572037	-0.0150455	0.119475	-0.260269	0.952305	-0.47817	
-0.522251	0.213186	-0.35387	-0.246394	0.755056	0.0582234	0.54174	0.212765	0.365684	0.260701	-1.21607	-0.343359	-1.6002	-0.464874	0.584268	-0.328303	-1.12311	0.257569	0.583616	0.555354	-0.670983	-0.318036	0.579719	0.0632436	-0.222393	-0.0580655	0.993807	-0.348595	
-0.615037	0.551913	-0.383959	0.0271459	0.624392	0.0970808	0.404126	0.199083	0.313546	0.152635	-1.19533	-0.0678929	-1.47987	-0.198127	0.374026	-0.384977	-1.08385	0.167671	0.492976	0.464511	-0.753065	-0.3707	0.514293	0.0896005	-0.474829	0.11984	0.866948	-0.206818	
-0.657087	0.663331	-0.345293	0.216006	0.433329	0.0962204	0.208868	0.254871	0.275925	0.0912249	-1.02747	0.132732	-0.990097	0.0641442	0.0163967	-0.331425	-1.04901	0.0606533	0.439106	0.42256	-0.840757	-0.396521	0.395884	0.07538	-0.590334	0.226115	0.612567	-0.0684214	
-0.650448	0.590572	-0.273838	0.297877	0.222274	0.0569371	0.0132142	0.364835	0.266142	0.0970484	-0.764068	0.244079	-0.377888	0.306811	-0.33485	-0.199657	-1.05317	-0.0393845	0.435533	0.441538	-0.921433	-0.397917	0.261562	0.0478331	-0.604514	0.24456	0.293463	0.0515009	
-0.605643	0.423212	-0.200652	0.272121	0.0593145	-0.0231173	-0.117226	0.484251	0.288081	0.156837	-0.485965	0.250725	0.0796115	0.513177	-0.524105	-0.0508486	-1.10863	-0.102943	0.470722	0.503164	-0.978371	-0.384562	0.160399	0.0237252	-0.535493	0.172789	0.0120633	0.128918	
-0.541512	0.290465	-0.152382	0.174477	-0.0203248	-0.138886	-0.15859	0.556225	0.324785	0.229239	-0.257543	0.157381	0.275175	0.644558	-0.473043	0.0500293	-1.18653	-0.113725	0.503932	0.55914	-0.986194	-0.3697	0.118725	0.00678488	-0.425188	0.0478253	-0.175418	0.148265	
-0.472201	0.276159	-0.125118	0.0530861	-0.000615771	-0.284246	-0.11203	0.534596	0.353964	0.262608	-0.124518	-0.0217504	0.184558	0.689759	-0.187274	0.0602757	-1.24308	-0.0645011	0.492644	0.559775	-0.931142	-0.363761	0.145027	-0.01614	-0.288258	-0.084297	-0.233595	0.092521	
-0.404352	0.419959	-0.105379	-0.0462176	0.0933828	-0.439009	-0.0228638	0.401304	0.340609	0.205177	-0.101302	-0.246859	-0.0325645	0.664701	0.209346	-0.0344398	-1.23365	0.0327269	0.395961	0.460695	-0.812846	-0.367731	0.214385	-0.0637422	-0.145637	-0.169738	-0.19477	-0.0320023	
-0.332623	0.688591	-0.0655227	-0.105817	0.245834	-0.578817	0.0626526	0.176012	0.251106	0.0324865	-0.168145	-0.488376	-0.231719	0.598774	0.542812	-0.208313	-1.13401	0.156759	0.200526	0.247021	-0.644647	-0.373577	0.297663	-0.144109	0.00615356	-0.175362	-0.0920762	-0.212925	
-0.248432	0.994524	0.0026503	-0.12784	0.389936	-0.66889	0.0985528	-0.0840157	0.0771436	-0.240911	-0.282262	-0.714175	-0.257372	0.576622	0.668978	-0.412287	-0.962368	0.283077	-0.0714409	-0.0529621	-0.471674	-0.362096	0.357217	-0.244819	0.130934	-0.0899251	0.00149962	-0.409226	
-0.140853	1.25595	0.0953062	-0.133732	0.491574	-0.681784	0.0697391	-0.309683	-0.164661	-0.563078	-0.409435	-0.8971	-0.0901114	0.641744	0.510971	-0.590653	-0.766107	0.391503	-0.365965	-0.379156	-0.340274	-0.313862	0.376088	-0.330938	0.193286	0.0646098	0.0441024	-0.573167	
-0.0082633	1.40737	0.187286	-0.167363	0.542609	-0.606341	0.000500439	-0.438928	-0.42982	-0.856777	-0.532562	-1.04029	0.144333	0.808562	0.109563	-0.692674	-0.609575	0.477286	-0.610386	-0.652454	-0.291685	-0.217801	0.365131	-0.362252	0.161241	0.239007	0.0377021	-0.66065	
0.139293	1.43686	0.248517	-0.254829	0.552395	-0.453562	-0.0703279	-0.445681	-0.660692	-1.054	-0.646065	-1.14946	0.304983	1.03134	-0.404762	-0.699536	-0.544498	0.544421	-0.747837	-0.811758	-0.345584	-0.0795578	0.347919	-0.308546	0.0421427	0.378489	-0.000424133	-0.638008	
0.282635	1.37442	0.2606	-0.406969	0.545183	-0.258627	-0.0996013	-0.339559	-0.8038	-1.11075	-0.757689	-1.2444	0.252142	1.21446	-0.857234	-0.61298	-0.590064	0.606423	-0.747815	-0.825113	-0.490624	0.0797332	0.356942	-0.165255	-0.137757	0.439651	-0.0308296	-0.501555	
0.39941	1.27642	0.218354	-0.608152	0.527967	-0.064028	-0.0733565	-0.162577	-0.827805	-1.02321	-0.880756	-1.32859	-0.027406	1.27015	-1.12222	-0.45617	-0.727935	0.67681	-0.619033	-0.70147	-0.69361	0.229594	0.406499	0.0410335	-0.343176	0.408731	-0.045708	-0.269282	
0.473516	1.18892	0.147955	-0.830715	0.535524	0.0810395	0.00735119	0.0209799	-0.740705	-0.83481	-1.01535	-1.40353	-0.48051	1.10288	-1.14211	-0.271586	-0.906934	0.759564	-0.411612	-0.495524	-0.897439	0.335932	0.499432	0.257203	-0.48724	0.289846	-0.0182202	-0.00127619	
0.497586	1.13369	0.0799894	-1.02952	0.538406	0.150324	0.100146	0.160359	-0.580837	-0.608774	-1.14713	-1.45123	-0.933202	0.730531	-0.958431	-0.0914607	-1.07073	0.848803	-0.193778	-0.276719	-1.06007	0.378727	0.605408	0.428134	-0.540842	0.124253	0.0100775	0.245726	
0.477623	1.09157	0.0488296	-1.1588	0.502849	0.139934	0.160318	0.230062	-0.400128	-0.403326	-1.25207	-1.44447	-1.21353	0.25001	-0.679977	0.0601928	-1.17679	0.926922	-0.0250479	-0.105077	-1.1587	0.354574	0.684579	0.518836	-0.529678	-0.0353475	-0.00458418	0.416261	
0.430933	1.0309	0.0751476	-1.19099	0.420303	0.0712439	0.155665	0.234269	-0.255925	-0.256435	-1.31058	-1.3607	-1.24147	-0.192239	-0.456628	0.173206	-1.21001	0.973966	0.060664	-0.0161718	-1.18551	0.280673	0.706776	0.525458	-0.481541	-0.14163	-0.0824865	0.476761	
0.378921	0.913025	0.14845	-1.12341	0.27526	-0.0197022	0.0871199	0.206061	-0.165365	-0.167725	-1.31106	-1.20148	-1.01292	-0.423458	-0.362191	0.252585	-1.19681	0.976914	0.0721449	0.00170096	-1.17127	0.189125	0.659905	0.478349	-0.482224	-0.170149	-0.233431	0.426225	
0.338094	0.733499	0.236127	-0.989202	0.084633	-0.095411	-0.0140386	0.188127	-0.118034	-0.108798	-1.24571	-1.00189	-0.617981	-0.358096	-0.411155	0.308116	-1.18311	0.931484	0.0498402	-0.00909154	-1.1537	0.113147	0.559055	0.424579	-0.589742	-0.123245	-0.427001	0.292698	
0.315455	0.534812	0.290012	-0.846908	-0.0913713	-0.135159	-0.0863194	0.211372	-0.0645747	-0.0358506	-1.15217	-0.825189	-0.237208	0.00370147	-0.53642	0.351598	-1.2199	0.851716	0.057018	0.0147532	-1.16423	0.0732874	0.449342	0.405031	-0.805527	-0.0334729	-0.59329	0.121278	
0.306812	0.375763	0.26711	-0.768003	-0.181666	-0.141329	-0.0665341	0.282213	0.0580302	0.0862716	-1.052	-0.744131	-0.00151413	0.523698	-0.613357	0.38943	-1.33708	0.760791	0.148648	0.127927	-1.21802	0.0702981	0.383253	0.437043	-1.08044	0.0499275	-0.649358	-0.0468778	
0.306666	0.331174	0.143794	-0.813732	-0.137758	-0.123176	0.0752665	0.3861	0.296883	0.264112	-0.971458	-0.818053	0.0444805	1.00879	-0.543148	0.426546	-1.52988	0.689695	0.352305	0.35614	-1.30703	0.0966427	0.400233	0.510792	-1.30789	0.0867191	-0.554716	-0.167768	
0.311068	0.438987	-0.0742935	-1.02071	0.0549322	-0.0983662	0.339223	0.495446	0.674433	0.484268	-0.93098	-1.0839	-0.0640545	1.26993	-0.254012	0.468512	-1.7591	0.667104	0.663966	0.69353	-1.40705	0.136178	0.517007	0.595813	-1.40197	0.0538691	-0.30247	-0.224084	
0.326824	0.705326	-0.347343	-1.37349	0.379955	-0.077121	0.676563	0.57644	1.15163	0.700696	-0.932178	-1.50353	-0.252213	1.18475	0.208879	0.513761	-1.96487	0.709892	1.03611	1.08794	-1.47923	0.179185	0.717851	0.652296	-1.27183	-0.0476268	0.0684658	-0.21838	
0.3682	1.08613	-0.61665	-1.80646	0.767027	-0.059372	1.01283	0.606219	1.65181	0.864624	-0.959369	-1.99832	-0.419556	0.765808	0.759592	0.564326	-2.08899	0.819979	1.39749	1.46621	-1.49299	0.226678	0.958369	0.65314	-0.93032	-0.192122	0.476587	-0.170371	
0.452402	1.51338	-0.817204	-2.21237	1.11033	-0.0316204	1.25698	0.582145	2.0648	0.940434	-0.973751	-2.44299	-0.493018	0.13626	1.25203	0.623851	-2.08655	0.979836	1.66946	1.74869	-1.42934	0.290921	1.17368	0.59819	-0.479076	-0.33694	0.808922	-0.104331	
0.596271	1.92737	-0.895303	-2.47585	1.35019	0.0228778	1.35142	0.513831	2.29021	0.918077	-0.957189	-2.71349	-0.519699	-0.516396	1.54912	0.688565	-1.94504	1.16362	1.79499	1.87491	-1.27737	0.391549	1.31695	0.509675	-0.0238567	-0.442616	1.0033	-0.0442582	
0.796958	2.2814	-0.832853	-2.51714	1.44548	0.108886	1.27937	0.421887	2.26923	0.820345	-0.88944	-2.72971	-0.551972	-1.02227	1.59341	0.75956	-1.68984	1.33719	1.748	1.81949	-1.0532	0.536611	1.35939	0.420446	0.290596	-0.487375	1.03925	-0.00811935	
1.03325	2.56384	-0.645339	-2.31816	1.39984	0.216353	1.06504	0.326837	1.99345	0.68476	-0.767348	-2.47995	-0.646449	-1.27075	1.3863	0.835053	-1.37399	1.46952	1.53488	1.5898	-0.786162	0.718969	1.30096	0.355944	0.404305	-0.468417	0.932548	-0.00248056	
1.26234	2.7776	-0.386335	-1.94277	1.26866	0.319139	0.7768	0.245627	1.52259	0.569696	-0.603545	-2.04857	-0.825666	-1.26232	1.0155	0.918088	-1.06539	1.53859	1.20206	1.23478	-0.517072	0.905081	1.17225	0.325172	0.311933	-0.406463	0.756163	-0.0242017	
1.43003	2.92827	-0.132423	-1.5109	1.11848	0.382584	0.49477	0.188791	0.964441	0.526545	-0.437946	-1.56334	-1.0397	-1.09222	0.605602	1.02138	-0.827645	1.53513	0.818249	0.827111	-0.288702	1.04604	1.01582	0.318758	0.0900485	-0.338486	0.587489	-0.0591106	
1.48897	2.99826	0.0366838	-1.16641	1.00184	0.384723	0.290567	0.164026	0.450322	0.593472	-0.285679	-1.17611	-1.1695	-0.898577	0.290358	1.1635	-0.706699	1.4644	0.460556	0.449714	-0.143645	1.09613	0.874082	0.31719	-0.159241	-0.295803	0.488919	-0.0862521	
1.40775	2.95226	0.0552237	-1.02712	0.933422	0.319423	0.206533	0.179608	0.102639	0.794402	-0.180899	-1.00632	-1.09736	-0.772587	0.170893	1.36782	-0.722937	1.34197	0.202604	0.182797	-0.119128	1.02285	0.773253	0.304397	-0.360721	-0.302497	0.480928	-0.0838197	
1.18739	2.75248	-0.104095	-1.13125	0.904883	0.206537	0.247007	0.24268	-0.00194334	1.12628	-0.146515	-1.08485	-0.794545	-0.750128	0.270969	1.64566	-0.874226	1.19193	0.09478	0.0794201	-0.234369	0.826261	0.722923	0.27432	-0.453139	-0.365172	0.551713	-0.0335147	
0.851271	2.38119	-0.434329	-1.42462	0.870589	0.0774784	0.380838	0.355365	0.158268	1.56702	-0.180029	-1.3435	-0.29643	-0.792442	0.565938	1.99736	-1.14085	1.03247	0.157975	0.164042	-0.492934	0.530439	0.708929	0.230853	-0.491508	-0.476823	0.663448	0.0676897	
0.44621	1.85412	-0.879225	-1.78244	0.790814	-0.0397848	0.561667	0.508395	0.548673	2.06815	-0.284351	-1.6471	0.245174	-0.80141	0.988871	2.39324	-1.48582	0.878962	0.377307	0.419853	-0.865562	0.182005	0.71069	0.186119	-0.526281	-0.622938	0.768614	0.20141	
0.0307207	1.23782	-1.36178	-2.05948	0.649342	-0.121073	0.745618	0.685934	1.0969	2.56953	-0.432881	-1.84086	0.644026	-0.71118	1.45352	2.77973	-1.87052	0.740197	0.715479	0.804894	-1.30804	-0.164891	0.711706	0.152104	-0.629949	-0.787316	0.840517	0.339746	
-0.348893	0.630687	-1.79893	-2.14607	0.466861	-0.173323	0.91192	0.858279	1.7165	3.0013	-0.619452	-1.81514	0.742064	-0.504707	1.90341	3.08938	-2.25599	0.615219	1.11446	1.25405	-1.75647	-0.474986	0.707166	0.12879	-0.830817	-0.961532	0.891784	0.440448	
-0.655618	0.13205	-2.11916	-2.01384	0.285676	-0.216163	1.05791	0.996772	2.32541	3.29328	-0.800122	-1.54763	0.488512	-0.245538	2.29366	3.2537	-2.6044	0.503581	1.51165	1.69721	-2.14325	-0.727591	0.704867	0.106425	-1.10349	-1.13565	0.939472	0.464606	
-0.874526	-0.197354	-2.29092	-1.7312	0.159298	-0.273402	1.20053	1.08068	2.86181	3.39397	-0.949375	-1.12915	-0.0368025	-0.0388795	2.60902	3.22442	-2.88385	0.404128	1.8543	2.07544	-2.41958	-0.925851	0.721821	0.0719883	-1.39685	-1.30137	1.01507	0.392021	
-1.00607	-0.361501	-2.32221	-1.43493	0.127357	-0.356189	1.36769	1.11	3.29585	3.28267	-1.05602	-0.716107	-0.661233	0.00599898	2.85709	2.98665	-3.07164	0.322867	2.11029	2.35163	-2.55992	-1.08041	0.779664	0.0275007	-1.6179	-1.44659	1.13589	0.232769	
-1.06	-0.420558	-2.25573	-1.26945	0.188533	-0.44713	1.57162	1.10649	3.61539	2.97798	-1.09979	-0.477652	-1.13815	-0.178818	3.03303	2.5714	-3.14819	0.269368	2.27229	2.51739	-2.56835	-1.19972	0.88911	-0.00633963	-1.71532	-1.54897	1.2909	0.0327193	
-1.05146	-0.46811	-2.15103	-1.32345	0.31636	-0.51678	1.81114	1.1017	3.81627	2.52955	-1.09401	-0.516204	-1.30483	-0.536559	3.12863	2.03114	-3.10724	0.25696	2.34783	2.58041	-2.47067	-1.28347	1.05144	0.00560123	-1.66987	-1.58058	1.45571	-0.151682	
-0.989443	-0.587053	-2.06034	-1.58964	0.453019	-0.516224	2.05422	1.13271	3.88732	2.01236	-1.03129	-0.824043	-1.09166	-0.948209	3.09822	1.43937	-2.95257	0.299343	2.3586	2.56512	-2.3086	-1.31515	1.25057	0.102597	-1.52377	-1.51844	1.5777	-0.251656	
-0.88732	-0.802119	-2.01884	-1.95296	0.546934	-0.417413	2.25599	1.21677	3.80311	1.49708	-0.933708	-1.26327	-0.585991	-1.26916	2.9037	0.863717	-2.7066	0.396621	2.31684	2.48766	-2.12517	-1.28135	1.45817	0.299758	-1.35322	-1.3552	1.62918	-0.228976	
-0.75489	-1.07422	-2.02278	-2.24517	0.571202	-0.225291	2.36785	1.3423	3.53167	1.02907	-0.818591	-1.62126	0.0360155	-1.35969	2.50905	0.341579	-2.40352	0.540638	2.22302	2.35259	-1.94677	-1.17421	1.64349	0.578289	-1.20853	-1.10087	1.59279	-0.0880162	
-0.597469	-1.31505	-2.03457	-2.30384	0.531196	0.0250756	2.3492	1.47276	3.03858	0.614381	-0.682465	-1.69872	0.561106	-1.18296	1.89142	-0.116311	-2.07978	0.71387	2.05901	2.14485	-1.78579	-1.00197	1.779	0.88058	-1.1128	-0.791659	1.48149	0.131511	
-0.422403	-1.41672	-2.00711	-2.04441	0.455457	0.263631	2.18801	1.55581	2.31609	0.229448	-0.523239	-1.36615	0.843711	-0.782946	1.08763	-0.525625	-1.77667	0.892421	1.80213	1.84652	-1.63866	-0.793659	1.84748	1.12972	-1.04645	-0.478104	1.32382	0.350523	
-0.223878	-1.30337	-1.87914	-1.49513	0.38924	0.424744	1.89224	1.54345	1.3823	-0.17068	-0.306186	-0.655116	0.833473	-0.296162	0.146488	-0.910439	-1.50776	1.06028	1.43323	1.44021	-1.4765	-0.58102	1.84506	1.25581	-0.953831	-0.210868	1.14791	0.494319	
0.00519402	-0.96232	-1.6207	-0.783983	0.364458	0.459987	1.49613	1.40958	0.294125	-0.631942	-0.0153145	0.28141	0.59593	0.109777	-0.841101	-1.29367	-1.27989	1.20816	0.948726	0.924016	-1.28131	-0.391043	1.77903	1.22269	-0.779777	-0.0276503	0.976513	0.501945	
0.277418	-0.469099	-1.22617	-0.099974	0.382866	0.367454	1.04178	1.16273	-0.851863	-1.16396	0.377007	1.18735	0.291923	0.325567	-1.78588	-1.67267	-1.0731	1.33982	0.37925	0.328863	-1.03944	-0.230949	1.66391	1.05421	-0.496769	0.0617123	0.797117	0.362745	
0.605922	0.0611606	-0.725823	0.395408	0.419034	0.197403	0.569696	0.847574	-1.94546	-1.73586	0.863371	1.82076	0.0692281	0.283591	-2.6266	-2.01914	-0.854035	1.46724	-0.217516	-0.290007	-0.752428	-0.0817122	1.51667	0.820504	-0.131969	0.0720608	0.585978	0.121212	
0.987708	0.507764	-0.177403	0.618104	0.428396	0.0215268	0.11069	0.520174	-2.87997	-2.28323	1.40664	2.03839	0.0390605	0.0470331	-3.31361	-2.29826	-0.594546	1.59783	-0.770419	-0.863091	-0.439332	0.0884975	1.35015	0.614516	0.258501	0.0481018	0.311189	-0.154047	
1.41049	0.788651	0.362495	0.595942	0.386893	-0.08166	-0.315943	0.235855	-3.58027	-2.72667	1.9556	1.83049	0.174734	-0.276648	-3.8554	-2.47008	-0.271548	1.73564	-1.21393	-1.32937	-0.125709	0.31598	1.17779	0.510472	0.598165	0.0391441	-0.0316258	-0.384028	
1.83578	0.902231	0.824675	0.445783	0.277388	-0.0646472	-0.699771	0.0294963	-4.01097	-2.99892	2.42269	1.35322	0.402023	-0.583078	-4.25552	-2.5105	0.102245	1.86445	-1.50408	-1.64435	0.146344	0.614667	1.00443	0.535215	0.802719	0.0823697	-0.426475	-0.513467	
2.2161	0.922174	1.16903	0.313443	0.124154	0.0733382	-1.03643	-0.100348	-4.18692	-3.0708	2.72957	0.824951	0.577384	-0.77724	-4.54261	-2.42759	0.499002	1.95768	-1.63666	-1.80378	0.352797	0.969741	0.831691	0.6522	0.861085	0.199335	-0.82574	-0.530756	
2.5001	0.950718	1.37299	0.322754	-0.0335049	0.287461	-1.31689	-0.1803	-4.16048	-2.95604	2.82049	0.47432	0.580705	-0.85113	-4.72576	-2.25129	0.871491	1.98167	-1.64093	-1.83317	0.475036	1.33429	0.659323	0.774772	0.787323	0.380241	-1.16028	-0.465015	
2.65334	1.07859	1.43982	0.512168	-0.162791	0.502824	-1.5352	-0.251674	-3.99656	-2.69997	2.69801	0.434294	0.380603	-0.820636	-4.79462	-2.02337	1.17825	1.91073	-1.56458	-1.77322	0.516649	1.64813	0.481253	0.809154	0.627245	0.601792	-1.38866	-0.37825	
2.67411	1.35352	1.39534	0.830614	-0.228777	0.652567	-1.68331	-0.349256	-3.76836	-2.36812	2.39615	0.698391	0.0189301	-0.745058	-4.74954	-1.79115	1.39771	1.7416	-1.46246	-1.67509	0.50651	1.86115	0.298701	0.686884	0.441282	0.82312	-1.47828	-0.326396	
2.58447	1.74907	1.27526	1.17123	-0.247285	0.691299	-1.76256	-0.492485	-3.52588	-2.0214	2.00258	1.15271	-0.375464	-0.677568	-4.565	-1.58915	1.52718	1.48948	-1.37461	-1.57446	0.477767	1.9465	0.107507	0.400076	0.276395	1.00996	-1.45381	-0.349593	
2.43709	2.17875	1.1307	1.41005	-0.223124	0.611809	-1.779	-0.681036	-3.29503	-1.70168	1.61336	1.59941	-0.67149	-0.630082	-4.26387	-1.43638	1.59164	1.19696	-1.3183	-1.49183	0.470732	1.91597	-0.0852074	-0.00126975	0.173277	1.13926	-1.3543	-0.46525	
2.28558	2.53065	1.003	1.48469	-0.191474	0.452917	-1.75365	-0.893229	-3.07618	-1.42369	1.32273	1.87913	-0.774803	-0.608317	-3.88568	-1.33395	1.62459	0.91062	-1.28428	-1.42358	0.503321	1.81234	-0.273237	-0.425002	0.117285	1.20077	-1.24648	-0.644979	
2.16917	2.71491	0.925567	1.40634	-0.166364	0.268626	-1.70972	-1.10546	-2.85472	-1.18733	1.17928	1.91824	-0.665222	-0.586797	-3.49708	-1.28139	1.64506	0.670293	-1.25158	-1.35791	0.564263	1.69073	-0.447059	-0.780671	0.116249	1.20304	-1.18327	-0.854408	
2.09537	2.69484	0.913012	1.26757	-0.127946	0.109044	-1.65974	-1.30175	-2.61461	-0.995881	1.16691	1.76872	-0.438623	-0.560107	-3.15723	-1.28322	1.64651	0.493544	-1.20504	-1.28975	0.609463	1.59449	-0.590827	-1.0159	0.171463	1.16352	-1.16611	-1.06522	
2.04039	2.48613	0.960386	1.1935	-0.0534289	0.00530536	-1.61186	-1.47549	-2.34601	-0.861385	1.23178	1.57711	-0.231477	-0.564539	-2.90764	-1.34591	1.59669	0.371417	-1.14032	-1.22047	0.570651	1.54348	-0.696263	-1.13419	0.28326	1.10319	-1.18506	-1.26219	
1.95852	2.15733	1.03527	1.27614	0.0933659	-0.0352721	-1.56035	-1.6294	-2.0586	-0.806583	1.27772	1.50535	-0.161729	-0.639788	-2.76926	-1.48595	1.44604	0.270527	-1.07108	-1.1647	0.37837	1.52544	-0.757703	-1.19241	0.448858	1.03712	-1.1959	-1.44571	
1.80584	1.78188	1.10411	1.54822	0.319118	-0.0277895	-1.49041	-1.76957	-1.7674	-0.845613	1.23031	1.66797	-0.32151	-0.839483	-2.70333	-1.70835	1.16663	0.153272	-1.01343	-1.1341	0.00510574	1.50781	-0.778608	-1.25756	0.672953	0.98088	-1.15702	-1.62337	
1.56827	1.42612	1.13368	1.95355	0.610082	0.00285836	-1.38392	-1.89592	-1.49776	-0.982608	1.04986	2.06884	-0.6784	-1.16234	-2.65864	-2.00615	0.768643	-0.00194667	-0.985166	-1.13835	-0.514616	1.46005	-0.763554	-1.37723	0.918862	0.951313	-1.04015	-1.80297	
1.26397	1.13079	1.10176	2.3869	0.906752	0.0492368	-1.24074	-1.9912	-1.27391	-1.19387	0.760635	2.61307	-1.12095	-1.57211	-2.58647	-2.3478	0.312239	-0.195234	-0.990121	-1.17268	-1.08559	1.36989	-0.72573	-1.54586	1.12748	0.96238	-0.855624	-1.95477	
0.950179	0.906563	1.01396	2.72159	1.13758	0.110423	-1.07011	-2.03276	-1.10955	-1.42428	0.452835	3.12314	-1.4726	-1.96423	-2.46157	-2.68343	-0.0946453	-0.393278	-1.01027	-1.21277	-1.5494	1.24974	-0.671007	-1.70229	1.2385	1.02614	-0.640693	-2.03835	
0.697861	0.759606	0.891169	2.86764	1.24907	0.193838	-0.892256	-1.99781	-1.0014	-1.60994	0.236619	3.42468	-1.587	-2.20779	-2.29074	-2.95455	-0.339292	-0.545157	-1.01611	-1.2272	-1.74683	1.13282	-0.598233	-1.75687	1.19792	1.15147	-0.434531	-2.01551	
0.569222	0.693573	0.778888	2.80856	1.22481	0.307248	-0.734153	-1.87635	-0.938222	-1.69776	0.226574	3.41318	-1.39501	-2.22076	-2.11821	-3.11103	-0.328766	-0.598081	-0.980339	-1.19295	-1.54988	1.05768	-0.500648	-1.62522	1.01566	1.33332	-0.271226	-1.85557	
0.587	0.727219	0.705199	2.59042	1.08768	0.451065	-0.614676	-1.67333	-0.896736	-1.66216	0.483024	3.08325	-0.889048	-1.9568	-1.99569	-3.1267	-0.0444758	-0.52497	-0.883893	-1.09511	-0.93607	1.04483	-0.367292	-1.27347	0.715002	1.55232	-0.163118	-1.55437	
0.726538	0.885893	0.688199	2.30262	0.917676	0.602375	-0.531329	-1.41793	-0.853408	-1.52342	0.978359	2.53949	-0.222342	-1.48085	-1.94188	-3.00592	0.452373	-0.331675	-0.732396	-0.945079	0.00800212	1.0864	-0.188777	-0.735339	0.398342	1.77597	-0.0803225	-1.15639	
0.920035	1.18548	0.715434	2.03713	0.798055	0.727133	-0.466591	-1.1521	-0.800677	-1.34546	1.60885	1.94107	0.419852	-0.897069	-1.94815	-2.78571	1.03138	-0.0645499	-0.561372	-0.780105	1.09841	1.14417	0.031826	-0.112917	0.153889	1.96965	0.0164409	-0.731756	
1.06827	1.59221	0.7376	1.84465	0.778862	0.800103	-0.400315	-0.905961	-0.737743	-1.19867	2.20944	1.45151	0.867288	-0.360606	-1.96744	-2.50513	1.51408	0.195245	-0.413035	-0.63788	2.06767	1.16194	0.265788	0.454175	0.0431901	2.09488	0.149975	-0.343337	
1.0913	2.04851	0.701969	1.71479	0.872347	0.802585	-0.306195	-0.703684	-0.674731	-1.13581	2.60848	1.16481	0.99699	0.0352376	-1.91916	-2.20581	1.76175	0.37073	-0.32669	-0.55118	2.69831	1.0899	0.477601	0.849678	0.0952757	2.13282	0.33476	-0.0431196	
0.945046	2.46705	0.55935	1.59498	1.03432	0.744149	-0.175876	-0.541491	-0.626595	-1.16897	2.68409	1.09306	0.795196	0.25941	-1.73788	-1.90446	1.69435	0.406556	-0.321281	-0.530969	2.8482	0.905876	0.624419	1.00966	0.270146	2.08627	0.552017	0.162819	
0.637336	2.75968	0.290962	1.42165	1.18333	0.656922	-0.0258254	-0.397992	-0.608925	-1.26293	2.39537	1.18743	0.362937	0.338403	-1.40804	-1.5904	1.32276	0.286733	-0.392566	-0.568567	2.50861	0.625103	0.668121	0.944013	0.494897	1.97943	0.753439	0.308909	
0.225181	2.86452	-0.0835679	1.14443	1.23266	0.586439	0.111253	-0.240124	-0.623831	-1.33877	1.8108	1.33767	-0.118634	0.378564	-0.975176	-1.23195	0.740155	0.042599	-0.502015	-0.625278	1.79888	0.293066	0.595547	0.725176	0.679465	1.85074	0.88495	0.46077	
-0.208566	2.77509	-0.510971	0.755005	1.13867	0.563186	0.200778	-0.0434835	-0.657731	-1.31084	1.07081	1.45215	-0.47302	0.471041	-0.527715	-0.791704	0.0784108	-0.258851	-0.597505	-0.654584	0.920451	-0.0287362	0.424718	0.456521	0.76865	1.73323	0.914131	0.664373	
-0.585948	2.55156	-0.922	0.305481	0.900836	0.596879	0.220452	0.194724	-0.689709	-1.12743	0.355099	1.49288	-0.580552	0.674193	-0.160635	-0.257556	-0.531278	-0.542082	-0.640887	-0.627961	0.09942	-0.290815	0.198499	0.234549	0.732563	1.65263	0.84259	0.940143	
-0.857012	2.28171	-1.25036	-0.127753	0.575561	0.678838	0.169786	0.459612	-0.692293	-0.783726	-0.171216	1.46223	-0.405494	0.954777	0.0493463	0.351829	-1.00181	-0.744196	-0.608394	-0.532488	-0.500152	-0.466817	-0.0250479	0.115707	0.593167	1.60912	0.698161	1.27443	
-1.00959	2.06961	-1.46198	-0.474006	0.246708	0.76918	0.0804262	0.712223	-0.638226	-0.33099	-0.420002	1.39872	-0.0124731	1.25249	0.100265	0.978713	-1.30243	-0.833729	-0.505164	-0.380645	-0.803614	-0.561395	-0.188341	0.107926	0.381345	1.58578	0.536519	1.60131	
-1.07172	1.98738	-1.55195	-0.679683	-0.00977773	0.823374	-0.00285673	0.910511	-0.521014	0.137445	-0.373897	1.3485	0.439851	1.47172	0.0426222	1.53776	-1.45694	-0.82009	-0.363944	-0.208788	-0.840817	-0.605165	-0.260031	0.170192	0.151791	1.55875	0.407169	1.8434	
-1.09131	2.048	-1.55294	-0.741869	-0.163195	0.810969	-0.0387054	1.02216	-0.349013	0.52121	-0.123675	1.3348	0.831767	1.53841	-0.0252616	1.94029	-1.51937	-0.745018	-0.229779	-0.0597958	-0.721669	-0.634302	-0.24445	0.246153	-0.0623081	1.49698	0.328183	1.94084	
-1.11542	2.2078	-1.51199	-0.686932	-0.241085	0.724707	-0.00490999	1.0378	-0.142543	0.756295	0.216423	1.35543	1.04892	1.47275	-0.00200903	2.1245	-1.53508	-0.662683	-0.136627	0.0387372	-0.577011	-0.67684	-0.177729	0.290272	-0.269648	1.39631	0.28828	1.87576	
-1.16676	2.38793	-1.4652	-0.56395	-0.283585	0.583369	0.0927103	0.972653	0.0634505	0.824151	0.506745	1.37553	1.05045	1.33306	0.157137	2.07067	-1.5192	-0.612041	-0.0983612	0.0769932	-0.494588	-0.736585	-0.106124	0.290671	-0.450652	1.26044	0.256644	1.67905	
-1.24461	2.5024	-1.43857	-0.418521	-0.363197	0.423492	0.216528	0.864003	0.241795	0.764764	0.652554	1.36669	0.89715	1.2289	0.430066	1.81806	-1.46764	-0.612487	-0.102472	0.0722236	-0.512133	-0.798511	-0.0774126	0.263466	-0.629731	1.11511	0.184446	1.41554	
-1.32641	2.49236	-1.42422	-0.277103	-0.515162	0.291229	0.3199	0.759203	0.3747	0.651208	0.619194	1.31301	0.656935	1.25229	0.732395	1.44633	-1.36316	-0.650273	-0.114617	0.0583464	-0.600667	-0.838112	-0.111388	0.246141	-0.791326	0.99384	0.0448662	1.17344	
-1.37778	2.35973	-1.40359	-0.156107	-0.728427	0.214262	0.362699	0.69712	0.462714	0.564079	0.42152	1.22799	0.431415	1.43741	0.946245	1.05991	-1.203	-0.687532	-0.0900514	0.0784694	-0.697897	-0.833629	-0.193158	0.275954	-0.909549	0.909172	-0.161729	1.01336	
-1.37849	2.16492	-1.35656	-0.0407825	-0.95776	0.201477	0.329821	0.696702	0.52129	0.557658	0.13414	1.17078	0.237013	1.73295	0.982638	0.747546	-1.01028	-0.685793	0.00348771	0.162467	-0.743525	-0.783816	-0.285217	0.370833	-0.970754	0.868331	-0.401645	0.957776	
-1.32241	2.01064	-1.26793	0.0869364	-1.12274	0.242872	0.230048	0.748384	0.55723	0.628892	-0.184322	1.20951	0.0669848	2.00815	0.794557	0.555192	-0.828758	-0.617186	0.164213	0.305458	-0.701191	-0.705509	-0.340527	0.524984	-0.940064	0.847487	-0.630616	0.991878	
-1.22688	1.99818	-1.14835	0.239377	-1.18228	0.310706	0.0940697	0.823744	0.58515	0.74708	-0.451159	1.40112	-0.122961	2.14305	0.421916	0.489359	-0.708551	-0.482048	0.370425	0.48923	-0.585166	-0.628279	-0.329745	0.707565	-0.866144	0.824053	-0.81323	1.06023	
-1.12415	2.21354	-1.01764	0.428598	-1.11203	0.370106	-0.0387794	0.876994	0.593125	0.835179	-0.638038	1.78167	-0.421216	2.04072	-0.0332952	0.499308	-0.680053	-0.309745	0.563975	0.659479	-0.429497	-0.586102	-0.25253	0.871404	-0.770196	0.767653	-0.925582	1.09688	
-1.04118	2.6829	-0.896606	0.650562	-0.947925	0.390126	-0.147344	0.861021	0.557181	0.82295	-0.73641	2.33197	-0.821396	1.69191	-0.45932	0.511586	-0.731966	-0.146509	0.679332	0.756791	-0.272734	-0.5956	-0.144375	0.970165	-0.695952	0.661709	-0.985967	1.04201	
-0.998834	3.36347	-0.799636	0.906827	-0.772931	0.361216	-0.232667	0.747328	0.447357	0.665012	-0.745686	3.00333	-1.2817	1.19727	-0.76056	0.453802	-0.813775	-0.0407639	0.658248	0.727933	-0.13632	-0.654573	-0.0639569	0.980329	-0.703309	0.519159	-1.03604	0.884602	
-0.997727	4.16522	-0.716565	1.20177	-0.650856	0.276855	-0.316642	0.525577	0.235004	0.35616	-0.692428	3.72473	-1.70441	0.713893	-0.914705	0.285767	-0.85186	-0.0215979	0.471315	0.543711	-0.0085155	-0.743195	-0.0629827	0.895738	-0.766001	0.36406	-1.1126	0.636533	
-1.02175	4.94478	-0.627056	1.52592	-0.638982	0.14397	-0.423634	0.217579	-0.0694326	-0.0540225	-0.583189	4.39825	-1.96001	0.398963	-0.934321	0.0185471	-0.782519	-0.0890223	0.137638	0.221264	0.136639	-0.8297	-0.166047	0.739954	-0.860617	0.235782	-1.2389	0.334019	
-1.05073	5.56696	-0.507034	1.87348	-0.731093	-0.0234127	-0.5687	-0.135967	-0.441795	-0.498111	-0.442378	4.9576	-1.97926	0.3721	-0.883706	-0.300302	-0.591945	-0.217051	-0.296459	-0.199568	0.320305	-0.890266	-0.356857	0.54852	-0.918922	0.16475	-1.40037	0.0331163	
-1.05571	5.91095	-0.345161	2.20777	-0.886168	-0.202537	-0.738674	-0.47558	-0.813487	-0.879507	-0.280555	5.32306	-1.73244	0.631812	-0.817213	-0.584249	-0.308528	-0.351695	-0.739873	-0.633808	0.544243	-0.904331	-0.576639	0.373681	-0.907342	0.164763	-1.557	-0.215362	
-1.02078	5.93355	-0.151522	2.49018	-1.01461	-0.371872	-0.896228	-0.752573	-1.11818	-1.14005	-0.123829	5.4637	-1.34002	1.07339	-0.76631	-0.763594	-0.00965988	-0.441847	-1.11275	-1.00803	0.780503	-0.873972	-0.749124	0.253333	-0.793057	0.219427	-1.63998	-0.384406	
-0.942117	5.64984	0.0432046	2.68004	-1.04422	-0.519437	-0.996619	-0.938566	-1.29989	-1.24756	-0.0157685	5.37808	-0.929449	1.5415	-0.724795	-0.794919	0.220731	-0.454287	-1.3507	-1.25913	0.979505	-0.814939	-0.814141	0.207375	-0.589977	0.295385	-1.60254	-0.473616	
-0.830336	5.13565	0.188775	2.74198	-0.96807	-0.626254	-1.00735	-1.01956	-1.32421	-1.20315	0.0313899	5.09328	-0.620099	1.87137	-0.648577	-0.672029	0.322757	-0.385379	-1.4227	-1.35068	1.08662	-0.747049	-0.753398	0.237514	-0.403703	0.356958	-1.44244	-0.488795	
-0.707981	4.52401	0.24289	2.67198	-0.803087	-0.688886	-0.918771	-1.01266	-1.20382	-1.04843	-0.00306889	4.68526	-0.524943	1.96915	-0.494092	-0.43709	0.285306	-0.263876	-1.34559	-1.29221	1.07571	-0.692721	-0.594895	0.311426	-0.309676	0.37242	-1.17357	-0.450616	
-0.593482	3.93819	0.189039	2.4793	-0.625944	-0.712477	-0.759441	-0.947895	-0.972257	-0.829306	-0.107409	4.2221	-0.597467	1.81529	-0.23962	-0.150492	0.162144	-0.135491	-1.15829	-1.11287	0.966265	-0.660968	-0.407148	0.385925	-0.366599	0.32847	-0.86632	-0.385608	
-0.510605	3.48694	0.0367264	2.20419	-0.518419	-0.709493	-0.587258	-0.861452	-0.692179	-0.598919	-0.234733	3.78772	-0.740766	1.48568	0.0833336	0.121029	0.0303981	-0.0522794	-0.926268	-0.871313	0.810203	-0.657167	-0.272755	0.406892	-0.589052	0.233013	-0.595612	-0.30689	
-0.472726	3.21655	-0.17909	1.88737	-0.551561	-0.699344	-0.46223	-0.776674	-0.407505	-0.378314	-0.33434	3.43581	-0.770104	1.1027	0.417019	0.346178	-0.0290875	-0.04835	-0.694133	-0.608218	0.673781	-0.677086	-0.254432	0.338821	-0.932892	0.11355	-0.429945	-0.224432	
-0.483274	3.10725	-0.404429	1.55539	-0.728484	-0.701991	-0.42022	-0.7042	-0.139651	-0.173883	-0.342632	3.17163	-0.576919	0.767714	0.703427	0.520265	0.0181804	-0.127776	-0.48469	-0.349575	0.608798	-0.716507	-0.363329	0.171904	-1.27843	-0.00666819	-0.387166	-0.151165	
-0.534627	3.07671	-0.59548	1.21547	-0.996569	-0.732036	-0.457494	-0.63823	0.117413	0.0312229	-0.237355	2.9624	-0.117934	0.550269	0.898498	0.666744	0.149691	-0.2636	-0.289039	-0.0945021	0.627727	-0.769854	-0.557435	-0.065563	-1.51071	-0.112329	-0.444086	-0.0932653	
-0.60595	3.02093	-0.728198	0.858388	-1.27807	-0.776412	-0.532761	-0.558484	0.39194	0.264159	-0.0135361	2.73128	0.553288	0.425783	1.00377	0.818736	0.306532	-0.40505	-0.072355	0.180894	0.708216	-0.827263	-0.757272	-0.303521	-1.56724	-0.198367	-0.548901	-0.0404116	
-0.669958	2.85836	-0.794676	0.483143	-1.46447	-0.823258	-0.58501	-0.459851	0.695756	0.52146	0.291807	2.42011	1.23845	0.335974	1.05051	0.984195	0.422093	-0.498197	0.182199	0.480292	0.814653	-0.881416	-0.876694	-0.474067	-1.41981	-0.275938	-0.618761	0.00337081	
-0.699784	2.55402	-0.808218	0.105608	-1.49837	-0.860558	-0.561535	-0.355515	1.02077	0.780929	0.611551	2.01078	1.76587	0.223651	1.1024	1.13395	0.459053	-0.510625	0.471544	0.792864	0.911288	-0.926008	-0.866684	-0.523758	-1.11164	-0.361839	-0.601945	0.0300613	
-0.673131	2.13822	-0.778969	-0.221901	-1.37441	-0.869895	-0.452583	-0.273443	1.31593	0.991452	0.897304	1.54574	1.98999	0.0471915	1.18418	1.20996	0.4386	-0.436652	0.750453	1.0683	0.99532	-0.949373	-0.731538	-0.442626	-0.735915	-0.459558	-0.483961	0.0452157	
-0.580162	1.70833	-0.713188	-0.422415	-1.13618	-0.852009	-0.291508	-0.255184	1.49904	1.08393	1.10896	1.14209	1.89088	-0.160061	1.28057	1.14293	0.434475	-0.303663	0.937756	1.22694	1.09825	-0.942139	-0.530012	-0.278833	-0.3877	-0.555423	-0.279106	0.0458504	
-0.424516	1.39086	-0.599164	-0.415007	-0.865837	-0.821139	-0.155481	-0.3395	1.48459	0.995023	1.2433	0.944239	1.56891	-0.325904	1.33209	0.877564	0.541307	-0.157808	0.943232	1.18504	1.26896	-0.895704	-0.354318	-0.131621	-0.114052	-0.630104	-0.0488959	0.0281181	
-0.227877	1.28225	-0.423849	-0.153602	-0.64057	-0.803588	-0.12959	-0.538795	1.2132	0.694496	1.31913	1.07561	1.20016	-0.361223	1.24971	0.41517	0.821358	-0.0480393	0.700459	0.886175	1.53033	-0.807449	-0.289433	-0.119121	0.0686771	-0.655468	0.14117	-0.0157213	
-0.0246409	1.41918	-0.191088	0.338368	-0.524715	-0.812566	-0.267189	-0.818512	0.696532	0.218281	1.36812	1.57112	0.974109	-0.214467	0.981179	-0.170459	1.26008	-0.00749568	0.213672	0.347269	1.84319	-0.680325	-0.380162	-0.316588	0.162629	-0.613366	0.232453	-0.0770239	
0.156923	1.748	0.0867546	0.962451	-0.522679	-0.848371	-0.570655	-1.1103	0.0130118	-0.346676	1.40865	2.34736	0.981298	0.103367	0.514349	-0.749912	1.7713	-0.0343505	-0.444094	-0.349727	2.11563	-0.515485	-0.607488	-0.749793	0.216727	-0.503407	0.198478	-0.149617	
0.295199	2.13227	0.361536	1.5442	-0.591012	-0.888817	-0.965747	-1.31704	-0.688535	-0.857833	1.43056	3.19314	1.21351	0.510901	-0.0672942	-1.1676	2.18465	-0.0955035	-1.11978	-1.04513	2.19329	-0.316951	-0.889631	-1.34109	0.254681	-0.353026	0.0582763	-0.219245	
0.388643	2.40382	0.581852	1.91111	-0.667864	-0.879852	-1.34467	-1.34596	-1.24433	-1.17308	1.41084	3.84516	1.54013	0.857447	-0.644764	-1.29317	2.33439	-0.136255	-1.64019	-1.5666	1.93841	-0.0816397	-1.1202	-1.94879	0.282423	-0.201423	-0.157361	-0.249979	
0.446001	2.40484	0.695818	1.93074	-0.685081	-0.7786	-1.58195	-1.14582	-1.52182	-1.19066	1.31223	4.05831	1.76296	1.02148	-1.06477	-1.06506	2.10383	-0.106068	-1.85839	-1.77183	1.27411	0.183261	-1.20197	-2.40077	0.275253	-0.0809335	-0.373743	-0.225031	
0.485409	2.05572	0.676656	1.56389	-0.611626	-0.561144	-1.59518	-0.72691	-1.45486	-0.883977	1.11067	3.7035	1.74744	0.926676	-1.21894	-0.525348	1.47439	0.0220058	-1.70518	-1.59973	0.23025	0.464894	-1.08895	-2.55673	0.208485	-0.0226553	-0.544287	-0.137472	
