-0.0429428	0.44905	0.176106	0.114154	0.124261	0.373983	0.181749	0.207332	-0.57425	-0.47493	-0.69954	0.44379	0.352795	-0.40197	0.284232	-0.427206	0.0777709	-0.272164	0.0239184	-0.447194	-0.256585	0.214928	-0.140611	0.21042	0.355659	0.75029	0.295962	0.33288	
-0.116404	0.348978	0.222983	0.299936	0.155848	0.202412	-0.0490889	-0.0447555	-0.36934	-0.334435	-0.616384	0.504089	0.204843	-0.525542	0.285629	-0.534339	0.203148	-0.448044	-0.363926	-0.307727	-0.250092	0.193114	-0.446164	0.0102464	0.375006	0.515851	0.444226	0.100585	
-0.14944	0.235957	0.287148	0.416547	0.173211	0.0467448	-0.274055	-0.250332	-0.067107	-0.0656976	-0.485567	0.454124	0.0225783	-0.549272	0.257007	-0.501715	0.323676	-0.601708	-0.721073	-0.0741755	-0.187565	0.199327	-0.751593	-0.212017	0.318557	0.196697	0.534475	-0.115971	
-0.109403	0.143254	0.403342	0.469787	0.178752	-0.0511555	-0.440207	-0.388095	0.212857	0.217965	-0.345607	0.309204	-0.136612	-0.517922	0.207755	-0.364984	0.450632	-0.721576	-1.00667	0.14998	-0.0464412	0.241948	-1.02678	-0.414886	0.237719	-0.175098	0.549102	-0.269583	
0.0109107	0.0842149	0.561338	0.483913	0.169552	-0.0462422	-0.529671	-0.448224	0.372092	0.416551	-0.196372	0.0857928	-0.235382	-0.489884	0.149746	-0.182575	0.579997	-0.796879	-1.198	0.2806	0.157652	0.327737	-1.23942	-0.554188	0.173834	-0.570486	0.498454	-0.331281	
0.183716	0.054247	0.724522	0.472681	0.146888	0.0445005	-0.547038	-0.444593	0.370334	0.483209	-0.037131	-0.154185	-0.270702	-0.512714	0.086765	-0.0107371	0.690413	-0.822754	-1.29482	0.285957	0.380585	0.426111	-1.36292	-0.610313	0.147687	-0.920301	0.397101	-0.305882	
0.37117	0.0294169	0.863804	0.451766	0.137632	0.163627	-0.519182	-0.418646	0.208933	0.396017	0.164169	-0.37691	-0.256415	-0.611441	0.0365543	0.0800655	0.76528	-0.791009	-1.31718	0.166033	0.581652	0.508129	-1.3736	-0.594433	0.17775	-1.17945	0.304517	-0.242657	
0.534012	0.00364088	0.949154	0.429287	0.165846	0.234474	-0.493098	-0.420231	-0.0655665	0.172575	0.413327	-0.538237	-0.205095	-0.763153	-0.00135509	0.0470051	0.795399	-0.697333	-1.29214	-0.0481031	0.727675	0.545464	-1.26415	-0.539429	0.253634	-1.2433	0.249698	-0.19956	
0.64744	-0.0175695	0.990767	0.411663	0.263477	0.173428	-0.492018	-0.496166	-0.387604	-0.146427	0.678071	-0.61231	-0.149836	-0.920626	-0.0214132	-0.133675	0.788558	-0.544591	-1.24184	-0.309102	0.81826	0.520428	-1.03997	-0.493443	0.369522	-1.10001	0.262899	-0.239479	
0.712855	-0.0115706	1.0128	0.397898	0.429686	-0.0451999	-0.53577	-0.668009	-0.707159	-0.52384	0.913629	-0.617029	-0.0812117	-1.03598	-0.0308646	-0.448408	0.769239	-0.341706	-1.17992	-0.586019	0.871883	0.446648	-0.730502	-0.494302	0.515522	-0.736358	0.328517	-0.391599	
0.744744	0.0411097	1.04977	0.381914	0.644911	-0.414715	-0.603108	-0.926587	-0.989115	-0.927212	1.0557	-0.556841	0.016769	-1.07023	-0.0366179	-0.848721	0.763596	-0.115189	-1.11096	-0.864574	0.919545	0.337659	-0.383381	-0.565791	0.689014	-0.216122	0.412233	-0.645239	
0.771316	0.150217	1.12371	0.366342	0.859659	-0.845267	-0.65876	-1.21791	-1.20931	-1.31599	1.05303	-0.468562	0.121658	-1.01351	-0.0427895	-1.26422	0.792604	0.110621	-1.02115	-1.12802	0.985473	0.234234	-0.0468173	-0.689005	0.864125	0.311389	0.477806	-0.946517	
0.803705	0.299145	1.21569	0.334908	1.00936	-1.2324	-0.660516	-1.46	-1.33945	-1.62446	0.895267	-0.368836	0.236853	-0.892536	-0.0532483	-1.5986	0.84865	0.305777	-0.890973	-1.34276	1.06468	0.153129	0.232273	-0.819839	1.01502	0.694663	0.483029	-1.21938	
0.838012	0.441736	1.28752	0.281246	1.03698	-1.4733	-0.576341	-1.56909	-1.36294	-1.79602	0.623947	-0.293498	0.342773	-0.752815	-0.0596225	-1.77501	0.908296	0.448856	-0.709951	-1.47488	1.13219	0.104898	0.422693	-0.903275	1.11402	0.776503	0.423556	-1.39393	
0.857439	0.530884	1.27955	0.205868	0.903545	-1.49624	-0.426299	-1.4842	-1.26665	-1.776	0.300089	-0.25657	0.404929	-0.640226	-0.0667877	-1.74095	0.937384	0.534601	-0.480921	-1.48354	1.1463	0.0890148	0.511101	-0.887688	1.11397	0.516204	0.300591	-1.42497	
0.832923	0.523965	1.14179	0.108999	0.617303	-1.30639	-0.246501	-1.18939	-1.0418	-1.53207	0.0136319	-0.258202	0.407429	-0.576832	-0.0758546	-1.48838	0.897771	0.568169	-0.219232	-1.33425	1.06911	0.080925	0.507323	-0.746062	0.992906	-0.0404866	0.137379	-1.30625	
0.747795	0.411473	0.862894	0.00161159	0.214525	-0.949784	-0.104105	-0.718989	-0.714829	-1.08412	-0.172095	-0.305735	0.355961	-0.549589	-0.0952718	-1.05921	0.775271	0.572268	0.0486827	-1.02619	0.886626	0.0705499	0.438696	-0.479414	0.730844	-0.724503	-0.0453644	-1.06243	
0.599035	0.212629	0.475543	-0.103802	-0.223714	-0.52425	-0.0523377	-0.154072	-0.329595	-0.499738	-0.22943	-0.386028	0.296094	-0.527553	-0.124701	-0.532713	0.574343	0.568437	0.29324	-0.595006	0.61974	0.0428629	0.342018	-0.125437	0.37541	-1.31906	-0.219268	-0.744192	
0.408824	-0.0261464	0.0511436	-0.201738	-0.615611	-0.116104	-0.11202	0.410841	0.0617472	0.120663	-0.198989	-0.498703	0.242306	-0.464128	-0.165232	-0.00434007	0.324698	0.577288	0.501751	-0.102652	0.319405	0.00312214	0.261842	0.268559	-0.033356	-1.6463	-0.372653	-0.399068	
0.20521	-0.258285	-0.335527	-0.305512	-0.89167	0.203697	-0.265475	0.88578	0.402817	0.666716	-0.139014	-0.630245	0.225209	-0.337051	-0.209893	0.435408	0.0569948	0.603995	0.674522	0.372704	0.0411391	-0.0498224	0.233374	0.645932	-0.42661	-1.6045	-0.496328	-0.0709396	
0.0117866	-0.449456	-0.629027	-0.430615	-1.00927	0.401354	-0.448178	1.2133	0.665247	1.04884	-0.119093	-0.781085	0.248523	-0.148915	-0.238708	0.727789	-0.205109	0.636724	0.830892	0.764883	-0.169888	-0.11833	0.280654	0.958569	-0.730566	-1.22921	-0.576305	0.215708	
-0.15897	-0.587724	-0.801937	-0.600182	-0.963902	0.48051	-0.578588	1.38108	0.856075	1.23345	-0.195978	-0.935633	0.261112	0.0796204	-0.231171	0.857116	-0.450005	0.655179	0.996642	1.04678	-0.295846	-0.210515	0.410463	1.17827	-0.916189	-0.656018	-0.595462	0.454474	
-0.321856	-0.69482	-0.879852	-0.826383	-0.7796	0.456214	-0.572602	1.4134	1.0151	1.25856	-0.357553	-1.05744	0.235144	0.298024	-0.158143	0.853495	-0.688512	0.627029	1.18587	1.23739	-0.357883	-0.351412	0.603832	1.28976	-0.953583	-0.0834627	-0.522796	0.640498	
-0.495553	-0.789145	-0.910601	-1.08702	-0.5139	0.365698	-0.391902	1.3586	1.16928	1.19395	-0.550571	-1.11826	0.150012	0.473338	-0.0110563	0.777892	-0.921435	0.529163	1.38489	1.36714	-0.397479	-0.54542	0.817545	1.29285	-0.87258	0.323881	-0.345554	0.776567	
-0.696041	-0.883799	-0.930433	-1.3332	-0.226125	0.233365	-0.0604442	1.25865	1.3327	1.10999	-0.692414	-1.06969	0.00611193	0.592496	0.197264	0.692208	-1.14163	0.348952	1.54387	1.46674	-0.455777	-0.788317	0.986609	1.18831	-0.697071	0.493701	-0.0656675	0.860012	
-0.920896	-0.965483	-0.960022	-1.50101	0.0263279	0.0839996	0.34736	1.14045	1.49449	1.05704	-0.716611	-0.878409	-0.161046	0.672684	0.431645	0.644265	-1.32127	0.0950083	1.59908	1.54868	-0.554546	-1.04386	1.0467	0.987129	-0.474197	0.448609	0.283619	0.889225	
-1.14411	-1.00712	-0.992438	-1.52883	0.197201	-0.0547179	0.715523	1.00914	1.60127	1.04333	-0.576399	-0.538129	-0.2677	0.748633	0.638657	0.655768	-1.42238	-0.206297	1.48316	1.59189	-0.691805	-1.25223	0.943166	0.707662	-0.244546	0.277522	0.640952	0.869185	
-1.31155	-0.966473	-0.989284	-1.36608	0.272714	-0.138032	0.933708	0.854066	1.59079	1.0328	-0.298683	-0.0886973	-0.240463	0.839696	0.770218	0.712643	-1.40106	-0.508566	1.16034	1.55051	-0.826098	-1.33406	0.659335	0.380771	-0.0095229	0.0898212	0.935977	0.812397	
-1.36595	-0.814739	-0.919235	-1.03054	0.255551	-0.11874	0.924588	0.668825	1.42653	0.979988	0.0541654	0.398062	-0.0689041	0.961439	0.782724	0.789593	-1.23613	-0.759487	0.649274	1.38549	-0.908833	-1.23187	0.22534	0.0555562	0.20186	-0.0255101	1.09965	0.746442	
-1.27195	-0.563264	-0.768035	-0.582806	0.173286	0.0254383	0.676113	0.45113	1.10848	0.844027	0.386917	0.84002	0.215564	1.08612	0.664795	0.849593	-0.944802	-0.915683	0.0209442	1.08273	-0.898333	-0.933881	-0.285036	-0.220111	0.392126	-0.0602973	1.09619	0.692924	
-1.0317	-0.256723	-0.565683	-0.117316	0.0657761	0.290436	0.238349	0.215737	0.678976	0.620623	0.629038	1.13683	0.54439	1.17627	0.438613	0.870073	-0.579897	-0.950912	-0.614194	0.667422	-0.781449	-0.482139	-0.770311	-0.407234	0.54863	-0.0553411	0.936287	0.667118	
-0.694247	0.0274117	-0.359335	0.253627	-0.0214485	0.612909	-0.287539	-0.0115654	0.229316	0.348479	0.735866	1.24119	0.819028	1.20163	0.151611	0.856612	-0.223916	-0.871284	-1.14174	0.212748	-0.581616	0.015176	-1.13379	-0.490902	0.658553	-0.0735176	0.67188	0.672816	
-0.334266	0.220683	-0.207074	0.4553	-0.0506457	0.897326	-0.769951	-0.212804	-0.150686	0.0790942	0.723945	1.161	0.988199	1.14252	-0.124604	0.818109	0.0519857	-0.705449	-1.48139	-0.198994	-0.34303	0.437104	-1.30823	-0.490667	0.720964	-0.153003	0.391355	0.687847	
-0.0352848	0.277774	-0.155993	0.469683	-0.0123353	1.03158	-1.10346	-0.380943	-0.400579	-0.135467	0.667796	0.953883	1.06895	1.02004	-0.327748	0.780264	0.199937	-0.506661	-1.61149	-0.499041	-0.128953	0.671914	-1.28567	-0.455767	0.726731	-0.268544	0.179843	0.684975	
0.151126	0.212414	-0.195104	0.345111	0.0863758	0.929089	-1.22244	-0.53206	-0.512454	-0.296697	0.637325	0.718685	1.14199	0.875897	-0.416935	0.746867	0.229114	-0.328291	-1.57439	-0.672097	0.0245184	0.669433	-1.11262	-0.453428	0.69929	-0.345885	0.0894966	0.634259	
0.211299	0.0899695	-0.287166	0.152559	0.208282	0.565087	-1.12528	-0.691034	-0.505437	-0.424745	0.693745	0.561023	1.28301	0.765429	-0.384892	0.710711	0.185179	-0.2132	-1.44912	-0.734237	0.100474	0.448022	-0.872804	-0.537716	0.649433	-0.293798	0.138177	0.515415	
0.178803	-0.00553716	-0.363815	-0.0136683	0.305538	-0.00596542	-0.868361	-0.881484	-0.433409	-0.564864	0.849202	0.549939	1.56852	0.717336	-0.260865	0.647796	0.137532	-0.178635	-1.32367	-0.738004	0.114664	0.0995616	-0.658524	-0.730138	0.608418	-0.0792043	0.283759	0.330587	
0.122704	0.00667498	-0.370025	-0.0869685	0.337983	-0.641102	-0.534888	-1.10464	-0.337365	-0.754435	1.07654	0.673413	1.9857	0.722465	-0.0888108	0.523365	0.151614	-0.203293	-1.24931	-0.734076	0.106875	-0.238733	-0.528301	-1.00054	0.595811	0.256326	0.465232	0.101837	
0.111596	0.166646	-0.275301	-0.0551118	0.287591	-1.18037	-0.213987	-1.32662	-0.217337	-0.979845	1.29211	0.881547	2.3949	0.741239	0.072779	0.326489	0.25386	-0.240622	-1.21627	-0.735415	0.117933	-0.451723	-0.487527	-1.26974	0.607134	0.60639	0.60589	-0.128605	
0.190134	0.457994	-0.0962935	0.0437502	0.169069	-1.47907	0.0289593	-1.48667	-0.0502259	-1.17808	1.42025	1.07541	2.61509	0.721747	0.176044	0.0677938	0.425646	-0.231937	-1.16393	-0.711138	0.178458	-0.470381	-0.486576	-1.43954	0.62923	0.804629	0.643993	-0.318049	
0.350961	0.800692	0.0981322	0.136807	0.0219214	-1.47771	0.158853	-1.5156	0.205124	-1.2383	1.4052	1.1522	2.46192	0.62492	0.198955	-0.205401	0.598474	-0.135939	-1.00702	-0.590691	0.281885	-0.315437	-0.449598	-1.42739	0.622808	0.747104	0.56382	-0.432275	
0.548078	1.08231	0.240386	0.152886	-0.0938393	-1.21721	0.181458	-1.36465	0.55337	-1.07475	1.24528	1.0564	1.86765	0.459577	0.139182	-0.428195	0.696122	0.055833	-0.685697	-0.324526	0.405085	-0.0772773	-0.308903	-1.20219	0.565912	0.401643	0.37438	-0.45091	
0.713271	1.21533	0.269974	0.0524005	-0.120545	-0.81443	0.135406	-1.0271	0.965343	-0.651578	0.976926	0.796765	0.87415	0.278791	0.0269187	-0.535794	0.662504	0.315509	-0.192963	0.104536	0.510422	0.125073	-0.0331499	-0.794577	0.449027	-0.142166	0.138214	-0.380488	
0.783608	1.15283	0.175873	-0.146694	-0.0388813	-0.4283	0.0635727	-0.552043	1.35403	-0.0273281	0.678173	0.445378	-0.28673	0.162549	-0.101968	-0.488029	0.486393	0.578735	0.403483	0.641115	0.562039	0.187117	0.343182	-0.297741	0.288658	-0.69766	-0.0897337	-0.236594	
0.723115	0.907515	-0.0162733	-0.398654	0.13912	-0.193693	0.0175365	-0.0347686	1.62158	0.651925	0.433828	0.0960354	-1.28607	0.184432	-0.198495	-0.293662	0.202562	0.767782	0.98384	1.17493	0.539496	0.0611969	0.736096	0.160916	0.129931	-1.09733	-0.243619	-0.0548893	
0.540084	0.554632	-0.240724	-0.633452	0.366398	-0.175052	0.0164073	0.404758	1.68818	1.19481	0.289153	-0.148646	-1.83835	0.360686	-0.231944	-0.00737423	-0.113837	0.819362	1.40905	1.56603	0.447758	-0.225996	1.03778	0.465726	0.0272763	-1.21356	-0.284046	0.122673	
0.275449	0.180854	-0.435915	-0.793714	0.565085	-0.333327	0.062558	0.669377	1.54716	1.4583	0.266079	-0.255112	-1.7742	0.655312	-0.187974	0.297044	-0.386777	0.700898	1.57037	1.72411	0.302954	-0.580931	1.1504	0.546593	0.0126378	-1.06902	-0.205724	0.262668	
-0.0124331	-0.133906	-0.569055	-0.865317	0.671495	-0.567658	0.141126	0.704877	1.27811	1.38214	0.327938	-0.248834	-1.10405	0.959881	-0.0632819	0.542663	-0.563216	0.42757	1.42932	1.63238	0.129677	-0.891575	1.02843	0.402067	0.0955186	-0.763821	-0.0198071	0.335627	
-0.270232	-0.361347	-0.62566	-0.869693	0.646231	-0.753654	0.233033	0.522536	1.02018	1.03016	0.419026	-0.187681	-0.0347163	1.15221	0.122494	0.684017	-0.629262	0.0548065	1.02797	1.36837	-0.046332	-1.06682	0.68946	0.0936713	0.247618	-0.483179	0.23118	0.330726	
-0.477739	-0.52387	-0.645854	-0.871286	0.500118	-0.795812	0.325983	0.196186	0.93872	0.590602	0.474983	-0.169802	1.10673	1.15311	0.349396	0.733281	-0.62464	-0.344036	0.473582	1.09656	-0.216811	-1.08104	0.209233	-0.278634	0.413181	-0.386553	0.514228	0.249624	
-0.646934	-0.684572	-0.675602	-0.939683	0.27269	-0.683951	0.400255	-0.173283	1.13418	0.286326	0.45986	-0.249255	2.01704	0.948547	0.582782	0.749466	-0.614244	-0.706448	-0.108879	0.984615	-0.386476	-0.987081	-0.315811	-0.621378	0.522611	-0.523369	0.786413	0.115494	
-0.81102	-0.912276	-0.760401	-1.1159	0.022676	-0.483048	0.461605	-0.487365	1.60521	0.30046	0.36756	-0.448166	2.51537	0.614566	0.80144	0.815266	-0.661645	-0.998086	-0.618004	1.14292	-0.569659	-0.880893	-0.800805	-0.879401	0.530256	-0.854388	1.02857	-0.0383378	
-0.990451	-1.22066	-0.898416	-1.38618	-0.178315	-0.300413	0.500839	-0.683361	2.21237	0.681388	0.224932	-0.70301	2.58242	0.282371	0.975143	1.00136	-0.786882	-1.21222	-1.0093	1.5511	-0.761332	-0.85994	-1.1906	-1.04285	0.444057	-1.22115	1.22441	-0.167134	
-1.19219	-1.57799	-1.06112	-1.69063	-0.308002	-0.240099	0.519628	-0.740104	2.75571	1.3652	0.0782765	-0.92975	2.34744	0.103843	1.08578	1.35678	-0.971158	-1.37528	-1.29831	2.09638	-0.955735	-0.979622	-1.48602	-1.14913	0.281569	-1.44387	1.36982	-0.221477	
-1.39618	-1.89769	-1.19852	-1.95718	-0.365557	-0.371823	0.516694	-0.688097	3.01991	2.16696	-0.0253356	-1.03822	2.05907	0.172891	1.12673	1.87502	-1.15798	-1.52514	-1.54783	2.57652	-1.13028	-1.24217	-1.72129	-1.26173	0.115318	-1.39933	1.47404	-0.172219	
-1.5589	-2.07389	-1.25689	-2.09168	-0.395239	-0.675388	0.470222	-0.585496	2.86249	2.86737	-0.0444164	-0.957074	1.90941	0.487	1.08521	2.5022	-1.26887	-1.69011	-1.838	2.78442	-1.25836	-1.57124	-1.95	-1.43513	0.0067547	-1.09349	1.53627	-0.0107489	
-1.63774	-2.02413	-1.2218	-2.03933	-0.458913	-1.05432	0.362767	-0.486138	2.28931	3.31709	0.0234965	-0.714927	1.95941	0.964314	0.964144	3.17421	-1.24369	-1.87965	-2.22923	2.60584	-1.32525	-1.85441	-2.21735	-1.68942	-0.00884975	-0.640178	1.56481	0.246644	
-1.60953	-1.72818	-1.10135	-1.80109	-0.603415	-1.399	0.170922	-0.425922	1.43606	3.47033	0.170574	-0.34971	2.16366	1.46227	0.763457	3.83576	-1.0595	-2.08401	-2.74382	2.04081	-1.32895	-1.99912	-2.54211	-2.00948	0.0688916	-0.205818	1.55319	0.561203	
-1.48711	-1.24749	-0.948445	-1.41963	-0.863571	-1.60571	-0.106772	-0.406323	0.556277	3.42441	0.358461	0.044032	2.36202	1.84115	0.496992	4.47568	-0.743725	-2.28269	-3.35823	1.23678	-1.29692	-1.95091	-2.91883	-2.34819	0.188867	0.0463364	1.49293	0.885485	
-1.32277	-0.713325	-0.827863	-0.985802	-1.22099	-1.63144	-0.454352	-0.404523	-0.0936507	3.3511	0.553452	0.39037	2.36111	2.03551	0.182541	5.12195	-0.37069	-2.46185	-4.01949	0.413712	-1.27025	-1.73883	-3.31891	-2.65184	0.290947	0.0533513	1.38064	1.17753	
-1.19446	-0.284039	-0.808028	-0.592594	-1.64441	-1.50248	-0.841603	-0.381682	-0.311954	3.43876	0.710211	0.627167	2.04797	2.06411	-0.15656	5.84083	-0.040149	-2.62755	-4.65986	-0.191852	-1.30715	-1.44956	-3.71666	-2.8808	0.280232	-0.132288	1.21037	1.41769	
-1.17474	-0.0868576	-0.921604	-0.329668	-2.0711	-1.30721	-1.21214	-0.313369	-0.0385182	3.77497	0.770842	0.746597	1.45386	2.02329	-0.48437	6.67649	0.157222	-2.79973	-5.21573	-0.431577	-1.44634	-1.20466	-4.08665	-3.02539	0.12992	-0.381713	0.995424	1.60378	
-1.29686	-0.168139	-1.1577	-0.232219	-2.44607	-1.12799	-1.51734	-0.189631	0.634963	4.3093	0.718299	0.788744	0.742988	2.03472	-0.774693	7.62121	0.170292	-2.99548	-5.63403	-0.290671	-1.6953	-1.09571	-4.41013	-3.09158	-0.16303	-0.53283	0.743803	1.76339	
-1.53955	-0.472514	-1.47373	-0.289674	-2.72451	-1.01537	-1.70623	-0.0177304	1.51352	4.8771	0.540704	0.791973	0.117939	2.19352	-0.998064	8.59979	0.00246254	-3.21225	-5.86821	0.133776	-2.02112	-1.15135	-4.66516	-3.08969	-0.560161	-0.477794	0.480809	1.9357	
-1.83002	-0.861103	-1.78223	-0.45992	-2.87202	-0.976143	-1.75262	0.173719	2.33282	5.23227	0.254521	0.820024	-0.21247	2.53101	-1.13743	9.44975	-0.286833	-3.41938	-5.8867	0.639538	-2.34621	-1.34093	-4.8211	-3.02911	-0.969662	-0.182194	0.232424	2.14794	
-2.05607	-1.1397	-2.00862	-0.641157	-2.89279	-0.947332	-1.67494	0.353229	2.87066	5.15227	-0.0885787	0.902165	-0.14853	2.9738	-1.20085	9.96268	-0.589945	-3.55022	-5.66991	1.0208	-2.57993	-1.55367	-4.84152	-2.89543	-1.31038	0.264631	0.000447002	2.40767	
-2.10647	-1.1432	-2.07789	-0.742139	-2.78706	-0.840987	-1.51294	0.48742	2.97017	4.49701	-0.42307	1.05505	0.235743	3.4112	-1.20859	9.91761	-0.784536	-3.52078	-5.21811	1.11361	-2.62546	-1.66146	-4.68209	-2.66042	-1.49632	0.741056	-0.21182	2.68625	
-1.89913	-0.780025	-1.94679	-0.668634	-2.5685	-0.584953	-1.33372	0.558352	2.58775	3.28026	-0.653789	1.26834	0.765536	3.72344	-1.19448	9.16221	-0.764632	-3.2574	-4.5577	0.856969	-2.41972	-1.55492	-4.31453	-2.29248	-1.50437	1.14136	-0.417573	2.93259	
-1.41348	-0.0637196	-1.61023	-0.384696	-2.23718	-0.162667	-1.18764	0.554386	1.78555	1.65012	-0.717159	1.53591	1.21889	3.83998	-1.18298	7.64947	-0.471478	-2.72823	-3.74495	0.298135	-1.94684	-1.19043	-3.73372	-1.78057	-1.31746	1.39973	-0.619875	3.07933	
-0.69104	0.889058	-1.10117	0.106331	-1.80537	0.389525	-1.10803	0.473076	0.693889	-0.167785	-0.557797	1.83259	1.41272	3.76447	-1.18891	5.46	0.0884326	-1.95787	-2.86026	-0.445972	-1.24763	-0.594229	-2.97234	-1.14193	-0.975448	1.55297	-0.817727	3.07002	
0.171929	1.90489	-0.501159	0.754288	-1.28119	0.990377	-1.08842	0.318792	-0.517987	-1.93756	-0.183246	2.12653	1.26555	3.55472	-1.2019	2.79713	0.838696	-1.02622	-1.99034	-1.22767	-0.414761	0.148756	-2.09318	-0.427309	-0.544747	1.64253	-0.983054	2.87371	
1.05188	2.79157	0.111239	1.44145	-0.67982	1.53752	-1.08762	0.098026	-1.68946	-3.49199	0.315087	2.37833	0.832353	3.30665	-1.19066	-0.0565275	1.65115	-0.0481746	-1.20564	-1.93355	0.443073	0.91191	-1.17182	0.287643	-0.0875576	1.73697	-1.07323	2.49458	
1.83097	3.40819	0.632523	2.04684	-0.0426518	1.94827	-1.04683	-0.171871	-2.66725	-4.73645	0.837982	2.54115	0.256254	3.07737	-1.11783	-2.78399	2.37272	0.860502	-0.541017	-2.48155	1.21046	1.57895	-0.283928	0.927044	0.325975	1.84423	-1.04553	1.97571	
2.4243	3.69471	0.986934	2.44602	0.590115	2.19058	-0.894716	-0.462038	-3.35556	-5.66303	1.25473	2.56635	-0.293783	2.87761	-0.945783	-5.10204	2.86832	1.61871	0.0132855	-2.85382	1.8092	2.06964	0.523452	1.43828	0.643581	1.92268	-0.864677	1.39144	
2.79591	3.67486	1.13431	2.56234	1.16644	2.2747	-0.595047	-0.733269	-3.70274	-6.29956	1.47565	2.4287	-0.687747	2.6657	-0.659727	-6.80543	3.053	2.19163	0.495731	-3.0664	2.20288	2.34872	1.22628	1.79735	0.832252	1.90651	-0.521625	0.824886	
2.95127	3.43546	1.08013	2.3726	1.64207	2.2432	-0.156519	-0.943075	-3.71616	-6.67571	1.45567	2.14002	-0.867375	2.36574	-0.279477	-7.79041	2.91523	2.58739	0.949539	-3.14998	2.39992	2.42472	1.82106	2.01123	0.903225	1.71869	-0.0525873	0.349276	
2.92781	3.07458	0.881091	1.9251	1.9748	2.13671	0.359613	-1.05932	-3.46837	-6.81517	1.23649	1.74485	-0.837242	1.92623	0.139389	-8.07019	2.51773	2.84013	1.39605	-3.14423	2.44333	2.33386	2.30752	2.10551	0.875327	1.39158	0.458593	0.00764145	
2.77045	2.6715	0.617051	1.32233	2.15533	1.9749	0.871348	-1.06761	-3.07268	-6.7066	0.925773	1.33392	-0.667244	1.35168	0.531963	-7.75377	1.97005	2.97889	1.81789	-3.06939	2.38429	2.11602	2.67465	2.10343	0.799268	0.989323	0.930028	-0.195696	
2.52088	2.26285	0.377075	0.681005	2.18791	1.75208	1.30088	-0.974976	-2.6567	-6.3378	0.638979	0.984304	-0.411828	0.717125	0.842829	-7.00543	1.40072	3.01261	2.16885	-2.93633	2.26668	1.80495	2.90279	2.02155	0.722405	0.65246	1.28571	-0.283672	
2.20367	1.8392	0.215282	0.107521	2.09762	1.43453	1.60097	-0.812263	-2.30644	-5.70474	0.498413	0.766473	-0.105616	0.136444	1.04369	-6.01999	0.909292	2.92235	2.39264	-2.72744	2.10798	1.41986	2.96451	1.85974	0.698679	0.480787	1.48928	-0.310257	
1.84184	1.38493	0.148517	-0.318566	1.93044	1.015	1.77082	-0.625592	-2.07386	-4.86284	0.555033	0.672255	0.245684	-0.291953	1.14386	-4.99339	0.555516	2.6908	2.44917	-2.44209	1.91576	0.995551	2.851	1.61871	0.749548	0.488003	1.54997	-0.335438	
1.46082	0.895059	0.154576	-0.582284	1.73696	0.502599	1.83929	-0.465293	-1.93487	-3.909	0.789321	0.648524	0.644486	-0.517485	1.18417	-4.09153	0.344783	2.31711	2.33573	-2.08193	1.69334	0.568817	2.58194	1.30112	0.872494	0.596516	1.52779	-0.417254	
1.10631	0.41326	0.186582	-0.701192	1.56848	-0.0502651	1.84565	-0.368892	-1.82202	-2.94508	1.11909	0.601086	1.05082	-0.578428	1.20572	-3.41801	0.252349	1.84195	2.08995	-1.65001	1.46029	0.199782	2.20853	0.92859	1.03935	0.637701	1.48373	-0.589882	
0.847727	0.0419049	0.210887	-0.711064	1.46598	-0.563123	1.81591	-0.357383	-1.66405	-2.08717	1.43879	0.438671	1.41316	-0.580988	1.23405	-3.02496	0.251929	1.35598	1.77029	-1.17963	1.26695	-0.038315	1.80922	0.541553	1.20404	0.476425	1.45668	-0.859216	
0.765133	-0.0900027	0.232917	-0.641177	1.46474	-0.957251	1.73855	-0.434812	-1.42196	-1.41293	1.65192	0.14781	1.62526	-0.645367	1.25882	-2.91367	0.336709	0.977629	1.42802	-0.717398	1.18993	-0.0830817	1.46183	0.184935	1.34139	0.0246869	1.45258	-1.20589	
0.936829	0.134021	0.307181	-0.486573	1.56953	-1.16698	1.55789	-0.589113	-1.13409	-0.962783	1.70789	-0.232028	1.57033	-0.870281	1.22904	-3.02904	0.540935	0.822307	1.08032	-0.333575	1.31722	0.113746	1.22172	-0.0991788	1.42678	-0.65999	1.42497	-1.586	
1.39758	0.75795	0.514253	-0.230073	1.76482	-1.19114	1.1912	-0.803288	-0.905802	-0.73718	1.63351	-0.571774	1.19363	-1.26699	1.0656	-3.29167	0.911054	0.952791	0.701689	-0.107136	1.71025	0.542059	1.09682	-0.294474	1.47695	-1.37475	1.28849	-1.95313	
2.12731	1.74193	0.930152	0.166274	2.01999	-1.06406	0.582156	-1.05808	-0.890112	-0.717066	1.48916	-0.731105	0.500967	-1.76958	0.702665	-3.61469	1.48629	1.36147	0.244607	-0.117563	2.37845	1.1515	1.05617	-0.407108	1.52103	-1.8696	0.964523	-2.26264	
3.0298	2.93268	1.57469	0.710664	2.28795	-0.861189	-0.251347	-1.32792	-1.19595	-0.870347	1.35874	-0.596542	-0.399062	-2.2602	0.136672	-3.91216	2.24986	1.95788	-0.318776	-0.406083	3.25146	1.84066	1.0495	-0.461609	1.58962	-1.92639	0.440818	-2.48319	
3.9534	4.09611	2.38292	1.37682	2.52213	-0.656552	-1.2074	-1.57963	-1.84009	-1.14173	1.30604	-0.155259	-1.33248	-2.62246	-0.572699	-4.11194	3.11295	2.6009	-0.960575	-0.945964	4.18743	2.49389	1.0325	-0.47946	1.69453	-1.48272	-0.242005	-2.60154	
4.7262	4.99237	3.21618	2.09125	2.68567	-0.493887	-2.10396	-1.7729	-2.71608	-1.48194	1.34985	0.491959	-2.12483	-2.80323	-1.30039	-4.16979	3.92858	3.14577	-1.5863	-1.64979	5.00959	3.01344	0.998207	-0.466064	1.80745	-0.671123	-0.973793	-2.62489	
5.19185	5.43073	3.88575	2.74234	2.76042	-0.387174	-2.73648	-1.87497	-3.60618	-1.835	1.45234	1.14893	-2.63305	-2.82481	-1.88471	-4.08701	4.51603	3.48299	-2.05237	-2.37493	5.54438	3.33153	0.973974	-0.41198	1.88589	0.242768	-1.60115	-2.58232	
5.26149	5.34023	4.22299	3.22025	2.74403	-0.313281	-2.93247	-1.86035	-4.25528	-2.12779	1.53532	1.61269	-2.82309	-2.78893	-2.18227	-3.87755	4.72873	3.56962	-2.21561	-2.95187	5.67651	3.43261	1.01233	-0.294766	1.86002	0.916941	-1.97737	-2.50661	
4.93968	4.7814	4.1328	3.45061	2.6463	-0.23346	-2.62927	-1.72814	-4.45152	-2.28827	1.55352	1.73659	-2.72199	-2.81003	-2.12354	-3.58319	4.50666	3.43599	-2.00157	-3.23627	5.38482	3.3503	1.15139	-0.0975989	1.68853	1.11738	-2.03108	-2.42745	
4.32772	3.9476	3.65252	3.4256	2.49663	-0.121772	-1.89874	-1.51901	-4.11589	-2.28086	1.46603	1.4998	-2.42359	-2.95608	-1.72926	-3.27324	3.91232	3.16711	-1.4533	-3.16361	4.75803	3.1529	1.3913	0.164654	1.39149	0.793104	-1.76688	-2.37144	
3.5826	3.08495	2.92313	3.20382	2.31215	0.0122596	-0.923817	-1.29893	-3.32169	-2.1041	1.29466	1.03343	-2.04216	-3.22293	-1.1067	-3.00461	3.11076	2.85302	-0.728546	-2.76095	3.95413	2.91002	1.67327	0.43796	1.02097	0.0936711	-1.26335	-2.34837	
2.88597	2.42225	2.15129	2.89291	2.103	0.140031	0.0218696	-1.15514	-2.2883	-1.80799	1.12087	0.532187	-1.64372	-3.51405	-0.428422	-2.83358	2.32955	2.56309	-0.0768879	-2.15141	3.16304	2.68621	1.8828	0.63623	0.686583	-0.661225	-0.665499	-2.35621	
2.37495	2.10757	1.54582	2.59861	1.86771	0.203152	0.689404	-1.15536	-1.28782	-1.47301	1.01679	0.242138	-1.26332	-3.67771	0.129291	-2.76895	1.77597	2.31356	0.256473	-1.50376	2.541	2.50149	1.89373	0.665681	0.493026	-1.14955	-0.121326	-2.37513	
2.12006	2.15671	1.23437	2.40816	1.60099	0.165936	0.912971	-1.33242	-0.556065	-1.2004	1.06641	0.306994	-0.866766	-3.58771	0.447807	-2.8016	1.5792	2.08092	0.105775	-0.989771	2.17373	2.36079	1.60993	0.462848	0.528144	-1.14161	0.267036	-2.37705	
2.11007	2.46941	1.24112	2.34968	1.30011	0.0229974	0.669068	-1.65372	-0.215225	-1.05586	1.27592	0.760235	-0.437206	-3.18279	0.492191	-2.8659	1.74812	1.822	-0.546467	-0.715188	2.05995	2.24838	1.01599	0.0281231	0.799385	-0.625726	0.470031	-2.32155	
2.26998	2.8676	1.47492	2.40458	0.959704	-0.175489	0.0571767	-2.02945	-0.251939	-1.05455	1.62957	1.48241	0.0370813	-2.5045	0.297338	-2.87286	2.18423	1.50657	-1.56715	-0.704925	2.12299	2.15497	0.180451	-0.563827	1.23257	0.223784	0.494141	-2.1691	
2.49858	3.17791	1.79194	2.51984	0.597104	-0.354336	-0.747644	-2.35416	-0.54894	-1.17996	2.03972	2.2696	0.52246	-1.67062	-0.043532	-2.75265	2.72355	1.13867	-2.72867	-0.91778	2.25735	2.08095	-0.755761	-1.18978	1.70935	1.14582	0.397892	-1.89936	
2.68569	3.27323	2.04151	2.63032	0.232567	-0.45047	-1.52983	-2.5204	-0.934138	-1.34888	2.39015	2.9244	0.928559	-0.843539	-0.421228	-2.43422	3.18284	0.748596	-3.76681	-1.24783	2.35081	2.02108	-1.62257	-1.70936	2.07647	1.84913	0.246702	-1.50674	
2.78863	3.135	2.1372	2.71574	-0.107352	-0.396554	-2.15909	-2.47534	-1.29679	-1.4939	2.62227	3.30656	1.17325	-0.154061	-0.770462	-1.91727	3.45834	0.408061	-4.50679	-1.61256	2.35283	2.0072	-2.28266	-2.00948	2.22859	2.1893	0.0668399	-1.00883	
2.80611	2.84524	2.08537	2.78021	-0.394567	-0.190791	-2.57728	-2.22752	-1.58785	-1.56065	2.68061	3.41862	1.17233	0.351312	-1.07118	-1.24332	3.52363	0.182098	-4.88489	-1.94892	2.26691	2.04968	-2.66275	-2.04388	2.11949	2.18397	-0.143172	-0.446624	
2.77524	2.54134	1.95082	2.86614	-0.606683	0.134171	-2.81145	-1.85465	-1.84787	-1.55446	2.58681	3.34686	0.925486	0.687491	-1.33668	-0.522583	3.43484	0.106375	-4.96854	-2.25625	2.13916	2.15455	-2.77746	-1.84841	1.79728	2.00677	-0.397067	0.115943	
2.73711	2.34941	1.8217	3.00317	-0.742778	0.503489	-2.93264	-1.45972	-2.13769	-1.50349	2.38348	3.2347	0.477871	0.938955	-1.59868	0.132561	3.27676	0.169242	-4.89382	-2.54787	2.0216	2.29652	-2.70519	-1.51846	1.34743	1.86637	-0.707545	0.618804	
2.70568	2.32994	1.75042	3.18995	-0.815428	0.839337	-2.99623	-1.13655	-2.48747	-1.45009	2.14508	3.19077	-0.0642648	1.18028	-1.87114	0.625504	3.11803	0.313289	-4.79514	-2.83211	1.94136	2.42507	-2.55369	-1.17498	0.881467	1.91436	-1.06886	1.00432	
2.66256	2.44977	1.73276	3.37688	-0.833996	1.08493	-3.01406	-0.940088	-2.85212	-1.43676	1.94171	3.25069	-0.577354	1.44389	-2.12473	0.891224	2.97709	0.460763	-4.7445	-3.09226	1.89007	2.48496	-2.40973	-0.917011	0.496249	2.18203	-1.42536	1.23955	
2.54846	2.58799	1.69388	3.46465	-0.812187	1.2122	-2.90958	-0.850412	-3.08793	-1.44385	1.78434	3.33869	-0.992703	1.69449	-2.28216	0.949565	2.80438	0.53767	-4.69827	-3.24461	1.81319	2.42102	-2.30121	-0.780813	0.222511	2.53713	-1.6894	1.32804	
2.29869	2.5911	1.53607	3.3502	-0.760286	1.24105	-2.58829	-0.800275	-3.03939	-1.42674	1.67302	3.3296	-1.24335	1.84363	-2.25552	0.868433	2.52218	0.503609	-4.54888	-3.19879	1.64355	2.20809	-2.20663	-0.740828	0.0499939	2.7783	-1.775	1.29982	
1.8628	2.32906	1.1853	2.9517	-0.684375	1.20427	-1.96963	-0.700043	-2.58012	-1.31829	1.55642	3.10446	-1.34439	1.80682	-1.98392	0.755875	2.05239	0.354268	-4.165	-2.8744	1.32576	1.84456	-2.07016	-0.724993	-0.0767598	2.73511	-1.63267	1.20643	
1.23215	1.74899	0.630728	2.2596	-0.582663	1.13454	-1.03185	-0.488346	-1.70425	-1.07879	1.37671	2.61394	-1.33641	1.53817	-1.45331	0.705639	1.36769	0.117658	-3.47164	-2.26132	0.845339	1.36332	-1.83777	-0.657449	-0.202731	2.32858	-1.25255	1.09378	
0.453887	0.897966	-0.0584212	1.34118	-0.466738	1.0526	0.143567	-0.145616	-0.538875	-0.704489	1.07967	1.91702	-1.25766	1.0927	-0.729438	0.789342	0.511282	-0.156457	-2.49028	-1.42904	0.235905	0.819152	-1.49042	-0.485859	-0.364157	1.62214	-0.700934	1.01047	
-0.376676	-0.0758098	-0.760666	0.34507	-0.355126	0.96854	1.39725	0.291726	0.685905	-0.246639	0.652616	1.16043	-1.16498	0.590658	0.0618271	1.02168	-0.405227	-0.418241	-1.34328	-0.517323	-0.424373	0.283298	-1.05612	-0.205429	-0.560139	0.795783	-0.0920552	0.977483	
-1.15536	-0.999761	-1.34177	-0.553852	-0.265813	0.880879	2.5215	0.747273	1.71761	0.219945	0.119217	0.525313	-1.06446	0.190339	0.77755	1.36768	-1.25064	-0.641468	-0.215868	0.314122	-1.04581	-0.18657	-0.606225	0.13815	-0.753385	0.0651792	0.454312	0.997877	
-1.79578	-1.72566	-1.7246	-1.20191	-0.231936	0.789391	3.34182	1.15069	2.37522	0.628869	-0.465822	0.129163	-0.967756	0.0304928	1.29253	1.77721	-1.91505	-0.82347	0.722232	0.941056	-1.56238	-0.553147	-0.223201	0.477064	-0.920941	-0.409793	0.828951	1.06468	
-2.25328	-2.17545	-1.9026	-1.51159	-0.281945	0.707512	3.75696	1.45776	2.60544	0.943598	-1.00571	0.0206663	-0.868757	0.156915	1.53938	2.19074	-2.34353	-0.976456	1.3664	1.3159	-1.94443	-0.803965	0.0313439	0.74834	-1.0521	-0.606238	0.976458	1.16061	
-2.52867	-2.36303	-1.93726	-1.48323	-0.425096	0.666506	3.76467	1.67137	2.49504	1.17268	-1.40292	0.106185	-0.773282	0.522134	1.52234	2.56712	-2.54905	-1.11477	1.7101	1.47607	-2.20166	-0.948773	0.134714	0.923925	-1.15599	-0.569607	0.892397	1.27707	
-2.66069	-2.36632	-1.92456	-1.19699	-0.647016	0.690043	3.47862	1.83252	2.22137	1.36148	-1.57467	0.247413	-0.69986	0.988348	1.31654	2.88294	-2.59392	-1.2432	1.83877	1.5213	-2.37063	-1.01024	0.117511	1.01778	-1.26065	-0.447551	0.63467	1.40568	
-2.70734	-2.29653	-1.94722	-0.791195	-0.911966	0.788172	3.06739	1.99937	1.97898	1.56831	-1.50266	0.294792	-0.639004	1.39693	1.03527	3.14119	-2.56328	-1.35311	1.88153	1.56885	-2.49498	-1.02506	0.0402972	1.07645	-1.3931	-0.348317	0.287396	1.5502	
-2.71225	-2.22556	-2.03191	-0.403427	-1.16992	0.94464	2.69498	2.20615	1.88118	1.80697	-1.19271	0.172737	-0.613545	1.61381	0.776631	3.33752	-2.51988	-1.42374	1.94497	1.67892	-2.59464	-1.01815	-0.0316016	1.14993	-1.55094	-0.324674	-0.0653561	1.70355	
-2.69524	-2.17099	-2.13669	-0.139302	-1.35766	1.11091	2.46397	2.43817	1.92391	2.0385	-0.745601	-0.0853786	-0.610445	1.5896	0.607779	3.44788	-2.48688	-1.43479	2.07095	1.83938	-2.65609	-1.01021	-0.0516175	1.26377	-1.69359	-0.330648	-0.351266	1.84955	
-2.65131	-2.09638	-2.18601	-0.0415595	-1.43134	1.22384	2.40808	2.64301	2.00438	2.18068	-0.287856	-0.370765	-0.614908	1.37019	0.547479	3.44469	-2.45048	-1.3769	2.23356	1.9677	-2.64944	-1.01077	-0.00804813	1.40957	-1.77098	-0.269805	-0.526693	1.96736	
-2.56251	-1.93025	-2.11099	-0.0955714	-1.37515	1.23234	2.48277	2.75165	1.98722	2.15673	0.0479419	-0.524507	-0.609365	1.0597	0.567755	3.30101	-2.37738	-1.25786	2.36209	1.9699	-2.54425	-1.01651	0.0830501	1.54639	-1.73909	-0.072955	-0.583717	2.03674	
-2.41811	-1.62912	-1.8858	-0.237633	-1.19869	1.11239	2.59738	2.71067	1.78179	1.93103	0.153426	-0.4525	-0.586179	0.78789	0.620012	3.02159	-2.24506	-1.10381	2.38756	1.79018	-2.32973	-1.02681	0.186057	1.62365	-1.58175	0.296966	-0.542044	2.04756	
-2.22826	-1.20034	-1.55642	-0.394862	-0.947872	0.890174	2.67198	2.51497	1.38937	1.53784	0.00174348	-0.13346	-0.572321	0.645724	0.655546	2.64631	-2.05873	-0.950568	2.28442	1.4437	-2.03446	-1.03668	0.268452	1.60318	-1.34356	0.723895	-0.433826	2.00305	
-2.03201	-0.726929	-1.22795	-0.517819	-0.686431	0.624657	2.6585	2.21678	0.925789	1.08999	-0.380735	0.330057	-0.611259	0.662886	0.651328	2.25656	-1.85998	-0.834211	2.09059	1.03543	-1.72513	-1.04896	0.316445	1.48024	-1.10579	1.05523	-0.293965	1.92658	
-1.88089	-0.333978	-1.01539	-0.583593	-0.480317	0.394055	2.55012	1.90756	0.559735	0.734836	-0.861472	0.769827	-0.761275	0.794261	0.602442	1.95106	-1.70646	-0.775521	1.88642	0.710702	-1.48295	-1.06422	0.333044	1.28903	-0.964749	1.1288	-0.159555	1.84929	
-1.82837	-0.142738	-0.998787	-0.606858	-0.368817	0.257893	2.38647	1.68374	0.446656	0.620829	-1.30228	1.00658	-1.01518	0.961733	0.537462	1.81147	-1.6515	-0.78518	1.76088	0.615086	-1.37898	-1.09183	0.333127	1.08228	-0.977573	0.858474	-0.0509645	1.79627	
-1.90473	-0.230806	-1.1852	-0.622789	-0.360905	0.23207	2.24208	1.60508	0.661136	0.816982	-1.56233	0.939985	-1.33438	1.08083	0.499012	1.87545	-1.718	-0.857413	1.77084	0.817433	-1.44598	-1.14121	0.332762	0.915686	-1.14656	0.288057	0.0330208	1.77741	
-2.1018	-0.578342	-1.50274	-0.670965	-0.430358	0.286583	2.17866	1.66673	1.1542	1.28695	-1.56004	0.572163	-1.62134	1.10613	0.520914	2.10725	-1.88365	-0.978102	1.90645	1.28005	-1.66266	-1.21569	0.337194	0.813329	-1.40385	-0.433495	0.103612	1.77576	
-2.37867	-1.08479	-1.82244	-0.779449	-0.520743	0.336429	2.21866	1.79606	1.77267	1.90415	-1.31668	0.0143768	-1.7351	1.03417	0.619333	2.41251	-2.09473	-1.13329	2.09586	1.87639	-1.95918	-1.32535	0.337623	0.758077	-1.62162	-1.07991	0.17867	1.7468	
-2.66614	-1.59493	-2.02744	-0.944828	-0.575445	0.30394	2.34589	1.89131	2.32496	2.50103	-0.925329	-0.559618	-1.57883	0.891474	0.785315	2.675	-2.28047	-1.30688	2.23737	2.4374	-2.24294	-1.46363	0.314781	0.704348	-1.69349	-1.46952	0.278025	1.64625	
-2.89232	-1.95853	-2.04281	-1.14889	-0.5455	0.124614	2.5106	1.85759	2.66191	2.93993	-0.535626	-0.987623	-1.0952	0.729389	1.00008	2.79248	-2.38424	-1.48829	2.24029	2.82457	-2.42685	-1.62254	0.253034	0.590129	-1.54044	-1.51707	0.426324	1.44466	
-2.99352	-2.0772	-1.8703	-1.3396	-0.419411	-0.20401	2.63851	1.64682	2.72595	3.13836	-0.262034	-1.16845	-0.335026	0.572479	1.22069	2.7181	-2.36915	-1.6599	2.05995	2.96685	-2.45291	-1.7764	0.147579	0.377289	-1.18248	-1.25529	0.61739	1.14649	
-2.94062	-1.93827	-1.57581	-1.46617	-0.214518	-0.626282	2.67358	1.27879	2.56716	3.10598	-0.18312	-1.1054	0.57241	0.439552	1.41586	2.46903	-2.23522	-1.80749	1.71839	2.88826	-2.31223	-1.90171	0.00915603	0.0612975	-0.708809	-0.847336	0.846438	0.788831	
-2.73943	-1.6186	-1.25147	-1.49456	0.0244381	-1.05128	2.56906	0.824031	2.29666	2.90462	-0.276836	-0.874518	1.44343	0.324438	1.55234	2.11512	-2.00821	-1.91276	1.28152	2.66701	-2.03679	-1.9737	-0.14053	-0.322274	-0.236006	-0.470956	1.08972	0.432978	
-2.42346	-1.23227	-0.985912	-1.39841	0.241948	-1.37833	2.30847	0.38034	2.03572	2.61928	-0.447817	-0.601078	2.10219	0.223007	1.60662	1.74967	-1.72268	-1.95707	0.83783	2.40003	-1.68809	-1.9707	-0.273207	-0.70561	0.110241	-0.270658	1.31449	0.148214	
-2.04429	-0.886743	-0.802129	-1.18899	0.403917	-1.54049	1.90671	0.0229969	1.85009	2.30031	-0.561586	-0.382921	2.47193	0.143471	1.5763	1.43626	-1.41304	-1.92943	0.456732	2.14929	-1.32677	-1.88899	-0.365018	-1.02116	0.289307	-0.304375	1.50236	-0.0278268	
-1.6526	-0.638943	-0.685358	-0.894893	0.496765	-1.50731	1.40673	-0.210435	1.72999	1.95314	-0.499148	-0.268612	2.55589	0.10242	1.47012	1.20839	-1.10083	-1.82591	0.172255	1.91986	-0.998851	-1.72889	-0.403432	-1.2131	0.319209	-0.511273	1.63999	-0.0815517	
-1.2934	-0.48388	-0.56836	-0.575896	0.548083	-1.32174	0.88385	-0.340566	1.59963	1.53726	-0.22744	-0.234835	2.475	0.148418	1.32336	1.0365	-0.803264	-1.65823	-0.0217185	1.65959	-0.722183	-1.51645	-0.383852	-1.27135	0.300126	-0.769549	1.74605	-0.0428921	
-0.995502	-0.362866	-0.399635	-0.289563	0.595112	-1.05438	0.391457	-0.424018	1.36833	1.00507	0.221441	-0.223904	2.38283	0.29587	1.16032	0.869605	-0.534713	-1.44802	-0.160522	1.30418	-0.494793	-1.28028	-0.314785	-1.22277	0.336335	-0.947575	1.82846	0.0332778	
-0.778004	-0.213718	-0.172492	-0.0914468	0.669294	-0.7883	-0.0142578	-0.51299	0.99167	0.370549	0.716554	-0.176599	2.4283	0.538716	1.0112	0.674764	-0.318733	-1.22944	-0.275739	0.832862	-0.31249	-1.06108	-0.214439	-1.11836	0.490989	-0.973777	1.89535	0.0974651	
-0.641909	-0.00797053	0.0884761	-0.015444	0.78701	-0.589172	-0.302559	-0.636943	0.50029	-0.295993	1.11661	-0.0571557	2.67091	0.838417	0.894898	0.450776	-0.175249	-1.03583	-0.390648	0.28268	-0.165184	-0.891853	-0.110482	-1.01522	0.776567	-0.853863	1.94743	0.117189	
-0.578773	0.237363	0.298209	-0.0588216	0.923216	-0.474555	-0.459637	-0.774232	0.00837218	-0.847142	1.29651	0.114652	3.06129	1.11985	0.817876	0.256915	-0.121345	-0.893635	-0.501727	-0.233197	-0.0615473	-0.790715	-0.0304801	-0.946034	1.10815	-0.653746	1.96561	0.105577	
-0.581337	0.440433	0.390891	-0.199078	1.02699	-0.43381	-0.483668	-0.873796	-0.338307	-1.13599	1.21414	0.292674	3.46392	1.31683	0.778058	0.171753	-0.160093	-0.826221	-0.595826	-0.582072	-0.0204509	-0.768907	-0.00692618	-0.922807	1.37191	-0.468844	1.931	0.0926912	
-0.638312	0.498342	0.32423	-0.391338	1.03764	-0.427533	-0.411505	-0.874662	-0.425343	-1.05403	0.911762	0.403927	3.70412	1.38022	0.757538	0.272729	-0.275215	-0.844054	-0.66511	-0.653372	-0.0623719	-0.817473	-0.0718282	-0.931004	1.46985	-0.35243	1.82257	0.121559	
-0.747659	0.326467	0.112414	-0.589557	0.907616	-0.436881	-0.264975	-0.745225	-0.209065	-0.589994	0.48733	0.408108	3.6673	1.32281	0.747228	0.586462	-0.437969	-0.950745	-0.713088	-0.408847	-0.204296	-0.929902	-0.242902	-0.950825	1.35804	-0.313113	1.64285	0.214927	
-0.901251	-0.0903641	-0.171476	-0.756716	0.633804	-0.44681	-0.0742663	-0.500131	0.266712	0.149175	0.0846233	0.299674	3.30722	1.19241	0.742101	1.06708	-0.608863	-1.13544	-0.755993	0.10056	-0.438408	-1.08503	-0.515405	-0.962772	1.07016	-0.316651	1.4243	0.360115	
