1.87553	1.55081	2.26062	1.63295	-0.337681	1.39103	-1.61834	-0.0765786	-2.66773	-1.70413	1.55095	1.50574	-1.85284	-1.12058	-3.88154	-1.82834	2.2941	1.23584	-0.980544	-2.16747	1.97526	1.78406	-0.574767	0.942235	0.232239	0.884225	-2.33234	0.027267	
2.33593	2.26555	2.46176	1.92238	-0.00160542	1.17773	-2.38721	-0.518102	-2.79652	-2.32931	1.46335	1.49968	-1.41653	-1.16041	-4.15851	-2.38693	2.68335	1.60067	-0.919388	-2.5735	2.33508	2.01231	-0.428618	0.890439	0.410282	0.765412	-2.34952	-0.39779	
2.5263	2.47024	2.3508	2.0444	0.43113	0.928552	-2.55833	-0.940142	-2.75576	-2.82186	1.14638	1.35919	-0.828443	-0.951609	-4.2102	-2.82546	2.77588	1.79647	-0.823657	-2.81902	2.45877	2.06273	-0.14965	0.745766	0.590946	0.654637	-1.89026	-0.767805	
2.44045	2.17951	2.00992	1.97624	0.883695	0.713812	-2.31358	-1.24964	-2.5301	-3.08517	0.751464	1.14171	-0.317779	-0.545055	-4.08974	-3.0579	2.5863	1.79985	-0.692953	-2.83573	2.35525	1.93058	0.198783	0.548331	0.764164	0.601812	-1.18111	-0.983126	
2.14495	1.57187	1.57933	1.74373	1.27485	0.577013	-1.91404	-1.40132	-2.16237	-3.08834	0.44462	0.890925	-0.0766112	-0.0646516	-3.81296	-3.06678	2.20195	1.64056	-0.548907	-2.62043	2.09559	1.6554	0.52791	0.336463	0.920817	0.62717	-0.466552	-1.0102	
1.7492	0.937537	1.20656	1.41772	1.52815	0.519338	-1.60571	-1.40885	-1.73715	-2.87193	0.34889	0.653683	-0.163964	0.337954	-3.37763	-2.89771	1.74912	1.37777	-0.43018	-2.24308	1.77428	1.30685	0.749621	0.138826	1.03514	0.721673	0.0654082	-0.881499	
1.35257	0.545161	0.980621	1.07835	1.59218	0.503003	-1.49705	-1.32362	-1.34153	-2.51187	0.474104	0.468845	-0.478389	0.543868	-2.76662	-2.62625	1.33655	1.07338	-0.372441	-1.80227	1.46906	0.948498	0.802726	-0.0347763	1.07773	0.836974	0.347532	-0.676319	
1.00773	0.535345	0.906887	0.781524	1.45438	0.458288	-1.49286	-1.21734	-1.02837	-2.0871	0.713069	0.35956	-0.81337	0.485837	-1.95816	-2.31102	1.0223	0.762181	-0.392317	-1.38755	1.20921	0.618149	0.672827	-0.198397	1.02993	0.896845	0.464507	-0.492056	
0.706343	0.854285	0.904131	0.533326	1.14011	0.316487	-1.37701	-1.14631	-0.77528	-1.65734	0.903708	0.328639	-0.947936	0.208372	-0.936951	-1.9792	0.788287	0.443741	-0.473937	-1.04458	0.96871	0.315403	0.39983	-0.374139	0.881736	0.825947	0.591151	-0.397488	
0.394095	1.29304	0.840401	0.287886	0.70838	0.0385119	-0.906879	-1.12492	-0.495031	-1.22988	0.879197	0.342561	-0.726032	-0.174355	0.256891	-1.60682	0.561962	0.0948487	-0.572568	-0.744569	0.684494	0.00837773	0.0573659	-0.573191	0.647839	0.572494	0.892524	-0.406582	
0.014109	1.56447	0.598444	-0.0297488	0.240941	-0.364794	0.00139527	-1.12449	-0.0807663	-0.780226	0.558677	0.353439	-0.147397	-0.502419	1.54357	-1.14068	0.259539	-0.303048	-0.628226	-0.422183	0.299336	-0.338647	-0.262395	-0.785261	0.361354	0.137744	1.44714	-0.469844	
-0.46371	1.42255	0.119706	-0.476225	-0.178561	-0.829313	1.25597	-1.08623	0.546512	-0.278323	-0.0306739	0.304213	0.604505	-0.628544	2.8164	-0.545652	-0.176694	-0.742855	-0.58458	-0.00599983	-0.207068	-0.744267	-0.478292	-0.977991	0.0653068	-0.412372	2.2171	-0.504866	
-1.0101	0.769474	-0.551997	-1.04995	-0.486115	-1.25575	2.60412	-0.954923	1.35389	0.275934	-0.749319	0.152875	1.25612	-0.491243	3.94557	0.168491	-0.735626	-1.1778	-0.421719	0.518415	-0.794856	-1.1828	-0.546049	-1.10345	-0.202667	-0.959788	3.06625	-0.436924	
-1.54274	-0.295988	-1.28357	-1.67154	-0.643919	-1.5437	3.67344	-0.703756	2.21284	0.84145	-1.39459	-0.105004	1.55517	-0.107608	4.78565	0.924298	-1.33171	-1.52924	-0.153738	1.10037	-1.36968	-1.59362	-0.462716	-1.11855	-0.416104	-1.36806	3.77138	-0.228705	
-1.95452	-1.50539	-1.89935	-2.20476	-0.653861	-1.62726	4.17692	-0.357357	2.91458	1.33473	-1.80544	-0.421539	1.35267	0.418205	5.22882	1.60166	-1.83449	-1.71758	0.162365	1.62205	-1.81509	-1.89445	-0.266313	-1.00926	-0.566014	-1.52485	4.15444	0.091149	
-2.15282	-2.51696	-2.23689	-2.50105	-0.548917	-1.49422	3.96005	0.0153722	3.25601	1.65667	-1.90092	-0.714499	0.701803	0.953921	5.20754	2.06996	-2.11527	-1.6933	0.457669	1.94671	-2.03505	-2.00972	-0.0156613	-0.793304	-0.659888	-1.3784	4.09701	0.444239	
-2.09562	-3.01442	-2.21919	-2.45779	-0.387615	-1.18862	3.12035	0.325353	3.10055	1.72666	-1.72176	-0.881478	-0.162642	1.37209	4.7115	2.23692	-2.09702	-1.46044	0.665208	1.96471	-1.99136	-1.90392	0.223198	-0.518635	-0.720319	-0.960624	3.60336	0.731617	
-1.80653	-2.83792	-1.87071	-2.06876	-0.229329	-0.797908	1.93991	0.487319	2.44458	1.5187	-1.39553	-0.838321	-0.912709	1.55404	3.82484	2.09564	-1.77612	-1.08038	0.742361	1.64986	-1.71502	-1.59131	0.398073	-0.258458	-0.758328	-0.385531	2.79759	0.870015	
-1.37428	-2.03617	-1.325	-1.43308	-0.122186	-0.41794	0.782101	0.462418	1.46751	1.08356	-1.08678	-0.564332	-1.30631	1.47032	2.72495	1.72761	-1.24254	-0.656039	0.693909	1.0879	-1.30422	-1.14242	0.486106	-0.07778	-0.786557	0.194185	1.86361	0.831542	
-0.916381	-0.85639	-0.765857	-0.727283	-0.0944572	-0.116533	-0.0271615	0.268162	0.43759	0.534709	-0.920722	-0.109076	-1.23013	1.13787	1.63294	1.27984	-0.641267	-0.294039	0.552297	0.434655	-0.885432	-0.652556	0.486429	-0.0123579	-0.809131	0.635314	1.00639	0.652675	
-0.540977	0.357946	-0.363956	-0.1398	-0.145131	0.0863168	-0.392882	-0.0157107	-0.358011	0.0315442	-0.933407	0.425535	-0.739282	0.631177	0.72812	0.925521	-0.12199	-0.0670112	0.378544	-0.118277	-0.570335	-0.215935	0.422582	-0.0529468	-0.820757	0.854182	0.325669	0.429365	
-0.31944	1.26785	-0.220648	0.192809	-0.249218	0.212954	-0.371457	-0.282827	-0.710163	-0.283814	-1.07779	0.907551	-0.0735332	0.0269495	0.157429	0.790286	0.202241	0.00369704	0.232105	-0.42384	-0.424194	0.0970617	0.326934	-0.155474	-0.808394	0.846921	-0.125586	0.261691	
-0.260377	1.63166	-0.324474	0.23839	-0.367533	0.311944	-0.190818	-0.436432	-0.581313	-0.325464	-1.2451	1.21328	0.477903	-0.577525	-0.0398646	0.913087	0.298977	-0.0445051	0.153001	-0.424748	-0.442565	0.266409	0.232322	-0.251499	-0.759341	0.689881	-0.379056	0.223862	
-0.321452	1.40325	-0.574449	0.0744505	-0.461679	0.430017	-0.123744	-0.419942	-0.102661	-0.0932017	-1.32601	1.28602	0.693534	-1.05312	0.0377433	1.23464	0.212808	-0.140895	0.148202	-0.175025	-0.567503	0.311842	0.158873	-0.276677	-0.665785	0.509805	-0.533758	0.334838	
-0.427326	0.702365	-0.818057	-0.155258	-0.500492	0.580873	-0.345111	-0.246664	0.490109	0.328927	-1.26716	1.13753	0.499015	-1.32239	0.242314	1.617	0.0488589	-0.211669	0.193942	0.195173	-0.708217	0.283447	0.114686	-0.200836	-0.522751	0.41912	-0.667107	0.539797	
-0.498793	-0.199554	-0.916013	-0.302843	-0.468924	0.737672	-0.922913	0.0155475	0.963102	0.810264	-1.091	0.844895	-0.0288599	-1.30312	0.387742	1.90602	-0.0774208	-0.207839	0.25222	0.545063	-0.778609	0.235288	0.0991151	-0.0320655	-0.336348	0.48397	-0.86294	0.746456	
-0.479204	-0.994819	-0.794926	-0.28189	-0.36958	0.840055	-1.72132	0.252489	1.16034	1.19483	-0.859967	0.520719	-0.686043	-0.985414	0.363799	1.96782	-0.0789348	-0.123424	0.273814	0.756435	-0.728393	0.209213	0.0978306	0.176404	-0.120413	0.688416	-1.12207	0.844358	
-0.34839	-1.43984	-0.476114	-0.0992412	-0.220045	0.817832	-2.52115	0.351778	1.07502	1.37168	-0.650976	0.275923	-1.23682	-0.437044	0.168994	1.75241	0.0710248	0.00978844	0.226631	0.796559	-0.55088	0.220294	0.0978256	0.34744	0.0978355	0.945238	-1.40229	0.756665	
-0.129949	-1.40163	-0.0603642	0.15128	-0.0429799	0.625578	-3.09504	0.237065	0.846542	1.29853	-0.504135	0.178645	-1.51074	0.209617	-0.0926271	1.29811	0.331275	0.137903	0.0973552	0.716683	-0.290233	0.254555	0.0870751	0.404648	0.292234	1.13699	-1.64114	0.464893	
0.127431	-0.918938	0.312387	0.3364	0.136081	0.269171	-3.28805	-0.107678	0.672826	1.00883	-0.401734	0.238249	-1.45158	0.792356	-0.259905	0.710506	0.612023	0.214707	-0.103726	0.61077	-0.0127471	0.287102	0.0601782	0.303628	0.431076	1.16496	-1.7638	0.0196258	
0.360342	-0.14598	0.517903	0.346362	0.296128	-0.191754	-3.10811	-0.626237	0.722864	0.601492	-0.269459	0.423278	-1.08419	1.15234	-0.214191	0.134486	0.810582	0.218159	-0.346991	0.572483	0.210131	0.288868	0.0201461	0.0448549	0.497096	0.993962	-1.75	-0.474417	
0.510292	0.663361	0.492586	0.141356	0.428978	-0.665218	-2.62985	-1.21653	1.05399	0.191448	-0.0212009	0.659566	-0.502478	1.13872	0.128419	-0.314676	0.850771	0.156318	-0.590434	0.641974	0.325778	0.239083	-0.018404	-0.326664	0.493451	0.64746	-1.5643	-0.913641	
0.538452	1.27019	0.256484	-0.226774	0.533433	-1.05917	-2.02378	-1.75405	1.60008	-0.113211	0.386503	0.863242	0.171411	0.729669	0.71588	-0.573932	0.706232	0.0596496	-0.786339	0.806094	0.31606	0.131442	-0.0331505	-0.731294	0.442163	0.215564	-1.23156	-1.20912	
0.432362	1.49496	-0.108481	-0.644155	0.613769	-1.30557	-1.39951	-2.13368	2.16765	-0.267819	0.910937	0.968676	0.854729	0.0317314	1.4181	-0.660627	0.407188	-0.0361941	-0.89825	0.979721	0.189334	-0.0249322	-0.00181942	-1.07924	0.376685	-0.192554	-0.766257	-1.32659	
0.205914	1.26775	-0.493089	-0.984969	0.678773	-1.39502	-0.787173	-2.29452	2.55484	-0.288314	1.42438	0.940962	1.50547	-0.771239	2.07555	-0.645018	0.0233252	-0.109975	-0.898569	1.06857	-0.020678	-0.215301	0.0924538	-1.30251	0.334209	-0.494091	-0.181037	-1.29052	
-0.102976	0.641909	-0.798297	-1.16438	0.738756	-1.3721	-0.14618	-2.22847	2.63342	-0.229755	1.76654	0.768582	2.08063	-1.48711	2.56611	-0.610124	-0.353279	-0.159282	-0.775724	1.02044	-0.266801	-0.420919	0.258429	-1.366	0.340631	-0.664927	0.498701	-1.16765	
-0.446509	-0.228782	-0.977626	-1.18016	0.795294	-1.31513	0.641316	-1.9865	2.3826	-0.176073	1.80258	0.473164	2.51687	-1.9263	2.869	-0.627309	-0.64933	-0.205887	-0.543149	0.830616	-0.509371	-0.628268	0.481138	-1.28294	0.394962	-0.742426	1.27671	-1.0383	
-0.783285	-1.1462	-1.04667	-1.10628	0.838769	-1.30812	1.6616	-1.64667	1.94608	-0.188884	1.46659	0.0889593	2.73931	-2.00297	3.08747	-0.713307	-0.836381	-0.284242	-0.231002	0.567747	-0.721422	-0.832768	0.727216	-1.10707	0.458993	-0.799198	2.13604	-0.964112	
-1.08494	-1.91905	-1.06372	-1.05803	0.853452	-1.39952	2.94196	-1.29493	1.52441	-0.290883	0.810731	-0.337182	2.67036	-1.73125	3.38375	-0.841299	-0.92787	-0.42315	0.108024	0.329875	-0.897186	-1.03698	0.949363	-0.913691	0.480359	-0.915492	3.05372	-0.970641	
-1.33859	-2.38796	-1.09685	-1.13289	0.815352	-1.58561	4.36105	-0.994334	1.30317	-0.445761	-0.00393186	-0.744977	2.28811	-1.20094	3.85175	-0.935286	-0.972015	-0.633196	0.409856	0.214066	-1.04367	-1.23972	1.09204	-0.777339	0.412303	-1.12043	3.93184	-1.02583	
-1.55131	-2.51082	-1.20629	-1.37475	0.706271	-1.8077	5.71289	-0.76575	1.38163	-0.574692	-0.776537	-1.07745	1.65572	-0.576007	4.52388	-0.908742	-1.03717	-0.897755	0.622098	0.271063	-1.17949	-1.4401	1.12012	-0.739119	0.221417	-1.39375	4.67044	-1.06789	
-1.74503	-2.31717	-1.41279	-1.74999	0.514788	-1.98051	6.75041	-0.597172	1.72145	-0.595336	-1.32566	-1.27621	0.944242	0.0117957	5.30434	-0.703431	-1.18011	-1.18624	0.700378	0.485448	-1.33194	-1.6346	1.0145	-0.809473	-0.0767453	-1.66122	5.15999	-1.02352	
-1.93998	-1.92971	-1.69477	-2.16057	0.244015	-2.01986	7.25118	-0.443185	2.17938	-0.438989	-1.55499	-1.313	0.371645	0.46056	6.00571	-0.296413	-1.42487	-1.45609	0.638094	0.795517	-1.51515	-1.80971	0.791618	-0.951844	-0.434301	-1.82762	5.30762	-0.834095	
-2.1477	-1.50168	-2.01089	-2.50582	-0.0852244	-1.87871	7.14759	-0.265077	2.56211	-0.0940511	-1.47868	-1.19229	0.129944	0.747995	6.44286	0.272398	-1.76145	-1.66989	0.455815	1.10678	-1.73855	-1.95494	0.495291	-1.10694	-0.76967	-1.82666	5.11511	-0.487475	
-2.3573	-1.17713	-2.31128	-2.70899	-0.438022	-1.56764	6.49142	-0.0336534	2.73099	0.399828	-1.21495	-0.95607	0.326192	0.879375	6.49528	0.948688	-2.14265	-1.80219	0.201672	1.34741	-1.98614	-2.05565	0.18304	-1.2093	-1.00661	-1.64003	4.62136	-0.0174487	
-2.53909	-1.0527	-2.55051	-2.74978	-0.768532	-1.15264	5.45811	0.247834	2.64587	0.962426	-0.90344	-0.677614	0.89154	0.860516	6.18458	1.65522	-2.49416	-1.84286	-0.0657033	1.48799	-2.22154	-2.09964	-0.0873001	-1.20818	-1.09468	-1.32288	3.9423	0.495094	
-2.65061	-1.15245	-2.70077	-2.66481	-1.04318	-0.727742	4.29181	0.542962	2.36041	1.4994	-0.66765	-0.431471	1.59949	0.716674	5.64911	2.33431	-2.73683	-1.79839	-0.302979	1.54	-2.39633	-2.07439	-0.284741	-1.08782	-1.03119	-0.962303	3.21848	0.96122	
-2.65432	-1.44764	-2.75172	-2.51885	-1.24073	-0.384259	3.2056	0.805175	2.01262	1.93391	-0.587304	-0.288624	2.15273	0.481586	5.10858	2.95644	-2.81556	-1.68443	-0.483153	1.54529	-2.4591	-1.97852	-0.405361	-0.863662	-0.875765	-0.6486	2.57993	1.30597	
-2.52958	-1.82741	-2.69903	-2.36451	-1.36371	-0.181348	2.35301	0.982842	1.74001	2.22539	-0.656424	-0.275441	2.28698	0.204201	4.72895	3.50993	-2.69852	-1.52406	-0.62342	1.5475	-2.37487	-1.81498	-0.482604	-0.590735	-0.713024	-0.443051	2.094	1.49014	
-2.27682	-2.16198	-2.53223	-2.20906	-1.4319	-0.125865	1.73656	1.04877	1.59871	2.37973	-0.79856	-0.366996	1.90165	-0.0428355	4.52918	4.00943	-2.38486	-1.33872	-0.760903	1.56551	-2.1272	-1.58983	-0.56925	-0.334899	-0.626773	-0.340439	1.71953	1.53029	
-1.92955	-2.34641	-2.25249	-2.02668	-1.46905	-0.180885	1.27487	1.00363	1.59433	2.43342	-0.92532	-0.499539	1.0935	-0.194512	4.418	4.44837	-1.91914	-1.14846	-0.9334	1.59444	-1.73807	-1.32188	-0.704988	-0.155846	-0.665352	-0.290034	1.36865	1.47262	
-1.53726	-2.30008	-1.86843	-1.76765	-1.49411	-0.281286	0.822178	0.876826	1.64459	2.4256	-0.979162	-0.593955	0.1397	-0.144297	4.17822	4.80977	-1.36547	-0.969947	-1.16772	1.60124	-1.25779	-1.03537	-0.908894	-0.0885924	-0.82169	-0.210431	0.906085	1.38818	
-1.15278	-2.01367	-1.39988	-1.39496	-1.50623	-0.362879	0.234163	0.713608	1.6472	2.37826	-0.934607	-0.595902	-0.598868	0.150691	3.61757	5.0442	-0.797507	-0.813651	-1.45472	1.54979	-0.754643	-0.7567	-1.15981	-0.1343	-1.02979	-0.0388929	0.233048	1.33149	
-0.81873	-1.54544	-0.903551	-0.935214	-1.48693	-0.391634	-0.490838	0.549424	1.55078	2.28857	-0.808677	-0.494793	-0.83633	0.611771	2.67294	5.09537	-0.289597	-0.682911	-1.74958	1.42518	-0.301596	-0.513253	-1.40067	-0.266307	-1.19311	0.222502	-0.621115	1.31399	
-0.557292	-0.999186	-0.448456	-0.472441	-1.40212	-0.372607	-1.3087	0.412286	1.39	2.1529	-0.64542	-0.346001	-0.462289	1.08802	1.4543	4.94368	0.0976365	-0.57343	-1.97675	1.25586	0.0463616	-0.33235	-1.55514	-0.434547	-1.21986	0.517016	-1.56238	1.31116	
-0.371973	-0.502043	-0.110172	-0.128337	-1.22284	-0.343015	-2.06407	0.312486	1.27685	1.98604	-0.478958	-0.244388	0.397401	1.34196	0.243164	4.61073	0.328268	-0.477489	-2.0594	1.10333	0.26044	-0.230973	-1.55552	-0.587613	-1.06971	0.725579	-2.40316	1.26368	
-0.254097	-0.171831	0.0545859	-0.0266693	-0.944044	-0.353119	-2.58207	0.246423	1.33318	1.84413	-0.329271	-0.289022	1.43129	1.18508	-0.629533	4.18379	0.393103	-0.390987	-1.9462	1.03998	0.340401	-0.218769	-1.37562	-0.686118	-0.76798	0.730242	-2.93788	1.12127	
-0.200689	-0.125419	0.0157114	-0.245471	-0.594419	-0.43922	-2.7124	0.221644	1.68512	1.83786	-0.213184	-0.559489	2.26445	0.514418	-0.896774	3.80442	0.294004	-0.318088	-1.62463	1.14236	0.303304	-0.299327	-1.03295	-0.710994	-0.409359	0.452273	-3.01606	0.863189	
-0.221047	-0.401804	-0.221902	-0.786124	-0.236536	-0.61314	-2.37609	0.257839	2.36624	2.10699	-0.143771	-1.07024	2.59335	-0.566291	-0.517202	3.64003	0.0499814	-0.27879	-1.13698	1.45295	0.171121	-0.471349	-0.601099	-0.671653	-0.126612	-0.119757	-2.60573	0.527892	
-0.340098	-1.01115	-0.614414	-1.5652	0.0490756	-0.846032	-1.66056	0.40987	3.33003	2.80133	-0.140665	-1.76471	2.29477	-1.8051	0.31027	3.85482	-0.315801	-0.302437	-0.552475	1.99479	-0.0414298	-0.726996	-0.175253	-0.586191	-0.0439955	-0.902388	-1.86289	0.213101	
-0.590792	-1.90739	-1.11155	-2.45707	0.187404	-1.08993	-0.695984	0.735703	4.47968	3.99374	-0.259631	-2.53561	1.46227	-2.88167	1.23127	4.52763	-0.7874	-0.420605	0.0526152	2.75502	-0.334142	-1.05726	0.159134	-0.478482	-0.239899	-1.76281	-1.00951	0.0355653	
-1.00474	-2.96591	-1.66593	-3.33322	0.135737	-1.2936	0.284544	1.28332	5.70056	5.64863	-0.569188	-3.26679	0.370117	-3.43524	1.83646	5.64015	-1.35561	-0.660339	0.62397	3.69811	-0.723229	-1.4541	0.351652	-0.366628	-0.711604	-2.53952	-0.334377	0.107067	
-1.5799	-4.04737	-2.23687	-4.09417	-0.0905441	-1.42493	1.08876	2.04814	6.90231	7.58335	-1.1051	-3.87079	-0.627294	-3.31551	1.87087	7.04048	-2.00188	-1.01857	1.14484	4.76241	-1.21428	-1.89912	0.4145	-0.2594	-1.36976	-3.11804	-0.0413421	0.459478	
-2.27897	-4.99823	-2.80386	-4.70405	-0.421592	-1.49129	1.62938	2.94815	8.03973	9.48925	-1.84809	-4.29408	-1.24371	-2.59754	1.34306	8.46424	-2.70032	-1.46299	1.63392	5.86439	-1.79643	-2.36697	0.409769	-0.162561	-2.06877	-3.45289	-0.161527	1.03226	
-3.02317	-5.67957	-3.34847	-5.16983	-0.750794	-1.52374	1.92134	3.83777	9.09512	10.9994	-2.70891	-4.54708	-1.34374	-1.58046	0.510108	9.60095	-3.4051	-1.92484	2.13139	6.89988	-2.42428	-2.81999	0.436915	-0.0727393	-2.64976	-3.56657	-0.569406	1.67587	
-3.69735	-6.00157	-3.83413	-5.50984	-0.959417	-1.56987	2.09401	4.51476	10.0161	11.7593	-3.53056	-4.65974	-0.973678	-0.661887	-0.204284	10.1402	-4.03941	-2.3165	2.66278	7.72231	-3.01285	-3.20684	0.587132	0.00564767	-2.97901	-3.53743	-0.998205	2.19066	
-4.17225	-5.93202	-4.19667	-5.71867	-0.954895	-1.66	2.28972	4.7895	10.6698	11.5382	-4.1117	-4.65426	-0.32394	-0.205579	-0.419816	9.86336	-4.50055	-2.54645	3.21866	8.17016	-3.44876	-3.46227	0.913332	0.0715459	-2.98432	-3.44801	-1.17419	2.39033	
-4.32608	-5.50207	-4.348	-5.75241	-0.696326	-1.79742	2.65827	4.51518	10.8746	10.2612	-4.28206	-4.53236	0.376132	-0.431026	0.0664783	8.66798	-4.67717	-2.54126	3.73478	8.08959	-3.60956	-3.51907	1.40676	0.11301	-2.66328	-3.35757	-0.878946	2.15095	
-4.08705	-4.78893	-4.20792	-5.54043	-0.207285	-1.94839	3.24096	3.65449	10.4148	8.05044	-3.93696	-4.25534	0.931643	-1.24204	1.15654	6.61682	-4.48287	-2.27503	4.10514	7.37321	-3.41073	-3.32602	1.99246	0.120148	-2.07855	-3.26647	-0.0759797	1.47366	
-3.43732	-3.893	-3.71396	-4.99821	0.437353	-2.04741	3.91607	2.29403	9.12378	5.19338	-3.07375	-3.75875	1.26716	-2.34588	2.47814	3.92109	-3.86711	-1.76572	4.21415	6.00864	-2.81511	-2.85562	2.55803	0.093498	-1.32309	-3.12017	1.03829	0.471784	
-2.43254	-2.92845	-2.86502	-4.0913	1.13607	-2.02729	4.47513	0.624691	6.97935	2.0623	-1.80646	-2.99134	1.43597	-3.3291	3.54423	0.883904	-2.85552	-1.0778	3.9732	4.09681	-1.86085	-2.12392	2.98609	0.0424918	-0.495614	-2.83943	2.14137	-0.65666	
-1.19736	-1.94547	-1.73765	-2.86317	1.7846	-1.84131	4.65193	-1.10029	4.14144	-0.965908	-0.333431	-1.96048	1.58505	-3.80681	3.92321	-2.14796	-1.54941	-0.309729	3.35931	1.84485	-0.662682	-1.19694	3.18979	-0.0153704	0.325222	-2.35506	2.87278	-1.68882	
0.101433	-0.993509	-0.471769	-1.44376	2.31402	-1.48999	4.23875	-2.64164	0.963713	-3.58854	1.1216	-0.745147	1.88407	-3.59802	3.45274	-4.86853	-0.116018	0.431923	2.4327	-0.469087	0.615685	-0.184167	3.14112	-0.0659671	1.09939	-1.65349	2.98418	-2.45137	
1.2858	-0.0855885	0.754701	-0.0236366	2.6964	-1.01883	3.14467	-3.8108	-2.11814	-5.60688	2.36311	0.513935	2.42156	-2.77629	2.27648	-7.04324	1.24958	1.05903	1.33335	-2.5559	1.79547	0.783804	2.87746	-0.0913414	1.81088	-0.78672	2.41006	-2.85863	
2.19731	0.77865	1.76404	1.19452	2.93434	-0.509558	1.47814	-4.52477	-4.65861	-6.95267	3.25179	1.64025	3.17277	-1.60793	0.80553	-8.55864	2.35884	1.50779	0.241314	-4.1737	2.7167	1.57399	2.47754	-0.0901394	2.44969	0.139148	1.31843	-2.92443	
2.73648	1.55317	2.42513	2.05069	3.05496	-0.0464299	-0.477466	-4.79773	-6.36406	-7.65835	3.73599	2.47071	3.99857	-0.431574	-0.456595	-9.41006	3.0774	1.75577	-0.666815	-5.19636	3.27647	2.08809	2.04023	-0.0597639	3.00021	0.994024	0.044385	-2.73675	
2.8807	2.17621	2.69196	2.47961	3.08418	0.3067	-2.36493	-4.72079	-7.1511	-7.81719	3.85469	2.91643	4.68464	0.455569	-1.1064	-9.68209	3.3627	1.81508	-1.26335	-5.6184	3.45282	2.28419	1.64714	-0.00453912	3.43672	1.66497	-1.04609	-2.41913	
2.68543	2.55899	2.60121	2.50886	3.03342	0.525164	-3.80992	-4.42201	-7.1455	-7.55361	3.70378	2.96916	5.00203	0.929683	-0.982945	-9.52128	3.2567	1.72958	-1.50158	-5.54242	3.29733	2.18686	1.34499	0.07421	3.7142	2.08275	-1.64616	-2.07863	
2.26466	2.63445	2.25514	2.24575	2.89305	0.627211	-4.55941	-4.01683	-6.62724	-6.98759	3.40213	2.71487	4.79794	1.05019	-0.232247	-9.07217	2.87667	1.5544	-1.41815	-5.13272	2.91641	1.87638	1.1379	0.180042	3.7865	2.24482	-1.63652	-1.77532	
1.7586	2.38601	1.79259	1.83581	2.64853	0.655636	-4.53823	-3.59295	-5.90877	-6.22942	3.0738	2.29597	4.04712	1.00202	0.791625	-8.47855	2.37534	1.34344	-1.11643	-4.56047	2.43838	1.46774	0.997373	0.316151	3.63119	2.20187	-1.10677	-1.52728	
1.30524	1.87289	1.35532	1.41816	2.2992	0.661161	-3.89121	-3.1881	-5.25014	-5.37077	2.81662	1.86069	2.8846	0.94258	1.64524	-7.83796	1.90614	1.15149	-0.71951	-3.95738	1.99021	1.08391	0.887381	0.488796	3.26769	2.03465	-0.331683	-1.32489	
0.995058	1.23243	1.04296	1.08579	1.86167	0.67034	-2.89106	-2.81508	-4.75778	-4.49532	2.68964	1.5218	1.55654	0.945306	2.00362	-7.21966	1.57639	1.0089	-0.343984	-3.38881	1.65496	0.814461	0.775952	0.685263	2.75565	1.81696	0.378884	-1.16055	
0.863317	0.632461	0.899698	0.871975	1.38469	0.683889	-1.8722	-2.47238	-4.40519	-3.67388	2.70325	1.31217	0.355792	0.952199	1.76726	-6.66302	1.43078	0.933406	-0.0587951	-2.86676	1.4657	0.703213	0.655245	0.884884	2.18916	1.59522	0.774088	-1.04585	
0.882716	0.248219	0.917642	0.763676	0.935753	0.673887	-1.14171	-2.15181	-4.07702	-2.94471	2.82139	1.20282	-0.451939	0.780276	1.06729	-6.17245	1.45301	0.922158	0.125277	-2.35913	1.40755	0.734972	0.53942	1.05262	1.67507	1.37834	0.728856	-1.01184	
0.987755	0.188656	1.05006	0.71898	0.57885	0.604918	-0.862001	-1.85984	-3.65122	-2.32345	2.97128	1.12582	-0.743009	0.295664	0.182291	-5.75059	1.58285	0.956386	0.233797	-1.83404	1.42968	0.857163	0.447178	1.15129	1.30712	1.14949	0.294581	-1.08935	
1.10603	0.438519	1.23259	0.696466	0.359752	0.457642	-1.03461	-1.59891	-3.07043	-1.79143	3.05864	1.00444	-0.534285	-0.540972	-0.61848	-5.37651	1.74433	1.01267	0.316077	-1.27683	1.477	0.998392	0.397284	1.15895	1.13579	0.88847	-0.358042	-1.28223	
1.17865	0.888368	1.40502	0.665613	0.284422	0.238089	-1.5162	-1.371	-2.36656	-1.30894	3.00479	0.797619	-0.00990013	-1.57075	-1.15834	-5.02907	1.87599	1.0618	0.407595	-0.705891	1.50033	1.09589	0.388358	1.07258	1.15653	0.584251	-1.01308	-1.55587	
1.18235	1.34552	1.52869	0.618264	0.320134	-0.0166769	-2.09114	-1.16259	-1.64742	-0.829467	2.76361	0.506307	0.549153	-2.49958	-1.44426	-4.67396	1.94369	1.0832	0.525419	-0.157226	1.47895	1.11532	0.402646	0.9171	1.31522	0.257881	-1.50083	-1.82998	
1.12436	1.62284	1.58445	0.562405	0.401808	-0.253085	-2.55917	-0.937772	-1.04647	-0.311723	2.33985	0.187999	0.865553	-3.00243	-1.63272	-4.25837	1.94139	1.06234	0.653707	0.32964	1.41348	1.05333	0.411782	0.741442	1.51499	-0.0494104	-1.75822	-2.00168	
1.03373	1.58867	1.57418	0.503182	0.462677	-0.421971	-2.75658	-0.672448	-0.658122	0.241878	1.7927	-0.097785	0.763753	-2.87229	-1.89671	-3.74419	1.8831	0.99533	0.755456	0.719223	1.3237	0.933407	0.388978	0.59659	1.66121	-0.290786	-1.80818	-1.99838	
0.936261	1.23245	1.51309	0.442599	0.459259	-0.504825	-2.63512	-0.3509	-0.489614	0.802992	1.21404	-0.308913	0.243435	-2.16697	-2.32551	-3.10355	1.78618	0.887863	0.800399	1.0049	1.23258	0.784121	0.326623	0.519006	1.68232	-0.436263	-1.74379	-1.80233	
0.844825	0.64829	1.42205	0.372859	0.378439	-0.518854	-2.22502	0.0021831	-0.476388	1.30601	0.710492	-0.421208	-0.51862	-1.14324	-2.87416	-2.35192	1.66534	0.747246	0.760717	1.18907	1.15433	0.63217	0.229996	0.509033	1.55314	-0.485931	-1.64158	-1.46894	
0.746435	0.000342343	1.31357	0.282975	0.249844	-0.512855	-1.60587	0.333684	-0.500136	1.67622	0.347295	-0.466091	-1.22258	-0.216674	-3.34418	-1.55019	1.5149	0.580079	0.639814	1.28699	1.08751	0.482721	0.127775	0.53479	1.29924	-0.469957	-1.50563	-1.10971	
0.610829	-0.534545	1.18882	0.156173	0.128709	-0.548228	-0.881839	0.57754	-0.436777	1.87003	0.133655	-0.488916	-1.56918	0.216758	-3.46877	-0.785294	1.32322	0.389488	0.463068	1.32506	1.01521	0.324496	0.0522287	0.539652	0.982073	-0.448525	-1.28253	-0.852087	
0.416695	-0.855764	1.05036	-0.0168929	0.0717571	-0.670973	-0.093741	0.659486	-0.212863	1.87388	0.0327569	-0.542133	-1.38447	-0.0646076	-3.05381	-0.172279	1.08442	0.176907	0.260016	1.32493	0.923279	0.144344	0.0241372	0.458505	0.689172	-0.475044	-0.855236	-0.792516	
0.158194	-0.95363	0.893652	-0.233932	0.110804	-0.885559	0.715211	0.558191	0.160062	1.73388	-0.0333693	-0.640168	-0.696057	-0.971233	-2.09785	0.204885	0.800453	-0.0527115	0.0652228	1.30557	0.800179	-0.0646182	0.0474552	0.261198	0.486247	-0.575271	-0.15699	-0.939487	
-0.137325	-0.913403	0.714895	-0.492549	0.240687	-1.15419	1.55125	0.28241	0.622797	1.51342	-0.139917	-0.774187	0.280807	-2.12662	-0.782406	0.291358	0.494072	-0.291623	-0.111536	1.28135	0.649947	-0.291715	0.0996622	-0.0562755	0.402896	-0.741077	0.814331	-1.22675	
-0.423206	-0.860995	0.517244	-0.778953	0.421363	-1.40982	2.37974	-0.0997618	1.09772	1.30253	-0.331468	-0.90817	1.19121	-3.04979	0.5683	0.101405	0.1991	-0.524703	-0.257743	1.27961	0.488462	-0.511793	0.150912	-0.448638	0.430852	-0.928402	1.93349	-1.52818	
-0.639125	-0.912638	0.313256	-1.07283	0.586217	-1.57522	3.13425	-0.491152	1.50673	1.17723	-0.583003	-0.984631	1.69951	-3.31281	1.56809	-0.280348	-0.043233	-0.729692	-0.377231	1.32491	0.341269	-0.686706	0.166709	-0.843039	0.518005	-1.07593	2.97693	-1.7052	
-0.742991	-1.11171	0.116637	-1.34972	0.670409	-1.59613	3.74378	-0.801923	1.82208	1.16916	-0.823709	-0.977626	1.60956	-2.74644	1.97427	-0.734173	-0.205595	-0.886388	-0.470765	1.43492	0.226377	-0.786291	0.129381	-1.16429	0.594044	-1.13433	3.71599	-1.6742	
-0.725562	-1.41663	-0.0623993	-1.58462	0.6361	-1.46208	4.11359	-0.96517	2.06487	1.27553	-0.975261	-0.893626	0.959007	-1.51427	1.75799	-1.12452	-0.281677	-0.976727	-0.521671	1.61521	0.149345	-0.801538	0.049139	-1.3515	0.591531	-1.09115	3.97071	-1.43432	
-0.606736	-1.71032	-0.202676	-1.74686	0.48278	-1.21266	4.21985	-0.984134	2.26519	1.43494	-0.963714	-0.773198	0.0174238	-0.0488722	1.08518	-1.36726	-0.277403	-0.996647	-0.522073	1.83345	0.103712	-0.742039	-0.049045	-1.39462	0.479811	-0.969863	3.72192	-1.07583	
-0.443817	-1.85062	-0.300068	-1.80824	0.250618	-0.913238	4.0567	-0.885134	2.43137	1.58029	-0.782642	-0.66369	-0.822904	1.10374	0.250975	-1.42125	-0.227186	-0.951472	-0.440474	2.03709	0.0650929	-0.640554	-0.115494	-1.30392	0.266357	-0.820784	3.08042	-0.730864	
-0.289802	-1.75389	-0.356823	-1.76562	0.0108474	-0.641448	3.73713	-0.747192	2.55382	1.63051	-0.491144	-0.618854	-1.20003	1.51969	-0.416167	-1.32936	-0.162247	-0.854869	-0.279548	2.15723	0.0153321	-0.531771	-0.113048	-1.12948	-0.0026288	-0.712065	2.30754	-0.5358	
-0.190268	-1.4272	-0.387796	-1.64016	-0.166646	-0.454032	3.44165	-0.648199	2.59382	1.53388	-0.194494	-0.662324	-0.940683	1.04621	-0.702061	-1.17871	-0.1146	-0.726968	-0.0559178	2.1352	-0.0600608	-0.445237	-0.020574	-0.923353	-0.260358	-0.687545	1.70128	-0.564546	
-0.161579	-0.962663	-0.411384	-1.47549	-0.234693	-0.366651	3.35174	-0.631688	2.48349	1.28043	0.0072468	-0.768125	-0.131918	-0.117456	-0.607755	-1.06134	-0.104347	-0.583598	0.188282	1.93544	-0.159409	-0.395056	0.153939	-0.717583	-0.446272	-0.749194	1.48025	-0.794326	
-0.194696	-0.520153	-0.449694	-1.33411	-0.183779	-0.356555	3.61187	-0.702838	2.19314	0.893053	0.0457629	-0.88834	0.899761	-1.4886	-0.284403	-1.04075	-0.141725	-0.438169	0.393506	1.56771	-0.270964	-0.379909	0.375616	-0.525036	-0.528732	-0.860971	1.72848	-1.11917	
-0.26492	-0.248767	-0.527483	-1.27745	-0.0406658	-0.374722	4.20621	-0.809634	1.75633	0.447929	-0.0884534	-0.967083	1.71095	-2.53719	0.0506187	-1.10911	-0.234024	-0.293121	0.524426	1.10107	-0.374872	-0.392293	0.605512	-0.325856	-0.514552	-0.963532	2.33018	-1.38918	
-0.340069	-0.24396	-0.649178	-1.34388	0.137631	-0.372381	5.01933	-0.884787	1.24973	0.03908	-0.324043	-0.965571	1.91396	-2.86251	0.198368	-1.19789	-0.375888	-0.147031	0.559732	0.631739	-0.452068	-0.422411	0.797267	-0.0994142	-0.445645	-1.00208	3.05306	-1.4708	
-0.408547	-0.49632	-0.821532	-1.53007	0.284692	-0.317015	5.79548	-0.851132	0.79056	-0.233497	-0.555957	-0.878937	1.34846	-2.35512	0.0983687	-1.19361	-0.571571	-0.000437058	0.531285	0.271056	-0.502454	-0.471495	0.928014	0.172311	-0.390312	-0.945908	3.59515	-1.29116	
-0.466179	-0.915797	-1.03208	-1.79518	0.353112	-0.215172	6.26494	-0.671489	0.50386	-0.301571	-0.698271	-0.745574	0.151646	-1.21804	-0.1519	-1.00422	-0.810869	0.144686	0.496079	0.106972	-0.533	-0.548568	0.994822	0.477543	-0.408536	-0.817627	3.72208	-0.881381	
-0.522129	-1.3572	-1.25732	-2.06387	0.322865	-0.103359	6.21002	-0.354423	0.466062	-0.141691	-0.717036	-0.625683	-1.27041	0.114892	-0.368958	-0.587022	-1.08018	0.278356	0.528863	0.177537	-0.561301	-0.664269	1.01748	0.77964	-0.529998	-0.672662	3.33164	-0.349548	
-0.581212	-1.66421	-1.46325	-2.24578	0.211957	-0.0307816	5.4919	0.0590204	0.680626	0.235376	-0.630079	-0.561963	-2.42888	1.14055	-0.388335	0.0318631	-1.34819	0.393452	0.698483	0.475083	-0.59807	-0.818386	1.0312	1.03402	-0.740778	-0.584281	2.44689	0.154064	
-0.634558	-1.76106	-1.61323	-2.2781	0.0631498	-0.0384379	4.1763	0.490056	1.08117	0.758715	-0.514616	-0.581473	-2.92517	1.5138	-0.12783	0.741521	-1.56936	0.485142	1.0245	0.932268	-0.6432	-0.987206	1.06636	1.19687	-0.993493	-0.61189	1.25433	0.495739	
-0.662739	-1.63653	-1.67928	-2.13796	-0.073615	-0.1395	2.46957	0.860393	1.55017	1.32965	-0.463625	-0.6676	-2.61134	1.15474	0.344709	1.39356	-1.69902	0.552351	1.47699	1.45196	-0.683535	-1.1287	1.1412	1.24934	-1.22238	-0.764498	-0.0103246	0.606304	
-0.639206	-1.35409	-1.63556	-1.8519	-0.15974	-0.310753	0.677083	1.1192	1.95936	1.84803	-0.530997	-0.767971	-1.65258	0.250346	0.816699	1.85258	-1.69657	0.601855	1.97688	1.93178	-0.695161	-1.19594	1.25273	1.20706	-1.36672	-0.999954	-1.13533	0.499156	
-0.545902	-1.00402	-1.47716	-1.47889	-0.177782	-0.496666	-0.92487	1.25877	2.21382	2.23573	-0.698507	-0.82887	-0.463261	-0.845664	1.03656	2.05144	-1.54767	0.646782	2.42682	2.29292	-0.652526	-1.14753	1.38254	1.12039	-1.39228	-1.23522	-2.014	0.265327	
-0.383505	-0.676119	-1.21787	-1.09722	-0.136926	-0.631322	-2.16404	1.3147	2.30201	2.46072	-0.890967	-0.81389	0.451856	-1.76059	0.831648	2.01522	-1.26632	0.700016	2.74188	2.50621	-0.541927	-0.972887	1.50443	1.05061	-1.31185	-1.38156	-2.65881	0.0267883	
-0.179603	-0.415084	-0.896467	-0.77476	-0.0683206	-0.658884	-3.00233	1.34397	2.26729	2.5327	-1.00207	-0.726598	0.707694	-2.25518	0.20736	1.84506	-0.904652	0.767567	2.87748	2.57502	-0.371417	-0.69785	1.59266	1.05279	-1.17853	-1.3775	-3.15492	-0.105138	
0.021212	-0.211268	-0.563589	-0.541748	-0.00620079	-0.554575	-3.56238	1.41064	2.18043	2.5008	-0.938695	-0.601358	0.17901	-2.28897	-0.665323	1.69231	-0.530736	0.847251	2.8432	2.53624	-0.166988	-0.382807	1.63256	1.15246	-1.05952	-1.21339	-3.63771	-0.0705798	
0.173161	-0.0334006	-0.27128	-0.396765	0.0227248	-0.335711	-4.02376	1.54435	2.12802	2.40497	-0.675029	-0.499471	-0.91733	-2.00592	-1.4692	1.66653	-0.209918	0.925506	2.68791	2.42891	0.0306167	-0.101535	1.62211	1.33053	-1.01468	-0.93879	-4.18576	0.113492	
0.252233	0.152137	-0.0627111	-0.300906	0.0159775	-0.0478611	-4.58045	1.73815	2.13899	2.27262	-0.268394	-0.466624	-2.14219	-1.62538	-1.9062	1.82456	0.0140369	0.988682	2.48279	2.27789	0.186277	0.088114	1.57158	1.53973	-1.06489	-0.633296	-4.82291	0.378325	
0.262938	0.348263	0.0454812	-0.204399	-0.00732592	0.245023	-5.34442	1.95016	2.19648	2.11013	0.167245	-0.50906	-2.98935	-1.33769	-1.80857	2.13386	0.132127	1.02256	2.28573	2.09215	0.280065	0.156761	1.49488	1.7141	-1.18611	-0.379307	-5.49922	0.627763	
0.238507	0.526298	0.0617609	-0.0683217	-0.0143351	0.482003	-6.28854	2.10677	2.2367	1.89284	0.501284	-0.592832	-3.09479	-1.21855	-1.18794	2.48156	0.170572	1.02168	2.11984	1.85706	0.313339	0.12125	1.4039	1.79645	-1.31223	-0.227468	-6.1026	0.776079	
0.223024	0.644014	0.0259433	0.119754	0.0267547	0.623064	-7.24632	2.13496	2.16722	1.57684	0.630744	-0.643011	-2.36285	-1.19531	-0.257657	2.72742	0.179135	0.984452	1.96482	1.54304	0.301938	0.0303255	1.30235	1.75012	-1.35698	-0.16762	-6.50597	0.780079	
0.247449	0.660373	-0.0147118	0.339095	0.130869	0.655066	-7.96333	1.98411	1.93297	1.13607	0.53114	-0.584021	-1.00139	-1.12037	0.693125	2.74846	0.200742	0.912713	1.77503	1.1334	0.267395	-0.0600768	1.18565	1.57202	-1.25221	-0.147572	-6.60604	0.644329	
0.322609	0.58317	-0.0116669	0.555513	0.297562	0.594596	-8.22857	1.65066	1.50989	0.587791	0.261776	-0.361236	0.547631	-0.86643	1.36792	2.50934	0.268405	0.816356	1.50863	0.635713	0.236171	-0.104153	1.04933	1.29389	-0.962074	-0.092374	-6.38848	0.418307	
0.424679	0.459441	0.0632834	0.727202	0.496898	0.47408	-7.91227	1.17238	0.965693	-0.0110617	-0.0540648	0.0214444	1.79758	-0.404253	1.61514	2.04744	0.381165	0.699151	1.1472	0.0960974	0.218003	-0.0885281	0.888691	0.958986	-0.51562	0.0576291	-5.89403	0.167915	
0.507359	0.370591	0.203675	0.825458	0.686726	0.332213	-7.05669	0.624745	0.402154	-0.567726	-0.283949	0.505146	2.37008	0.176047	1.47644	1.48099	0.508711	0.564935	0.722522	-0.415474	0.209137	-0.0343173	0.711095	0.615823	0.00775757	0.31897	-5.21979	-0.0423542	
0.523786	0.392756	0.376575	0.839366	0.827736	0.196022	-5.82625	0.0976729	-0.0617423	-0.988982	-0.333578	0.984658	2.16677	0.676136	1.14288	0.955187	0.602365	0.416528	0.29794	-0.822703	0.20099	0.00945726	0.532562	0.296656	0.502416	0.644322	-4.47104	-0.178231	
0.448678	0.538954	0.530723	0.779464	0.891971	0.0765627	-4.46806	-0.334519	-0.31722	-1.21399	-0.181444	1.3445	1.36441	0.896055	0.892553	0.584436	0.618271	0.25996	-0.0513351	-1.06328	0.183286	-0.00763366	0.376321	0.0180281	0.864991	0.942194	-3.73281	-0.240808	
0.292745	0.770518	0.619033	0.676464	0.878817	-0.0241423	-3.26263	-0.627245	-0.338265	-1.24173	0.1193	1.51295	0.346407	0.751294	0.926403	0.426564	0.538925	0.107526	-0.265444	-1.12522	0.154382	-0.107971	0.264668	-0.217633	1.03438	1.12383	-3.0832	-0.250466	
0.0946409	0.957423	0.612835	0.558437	0.808483	-0.112784	-2.38105	-0.771481	-0.154982	-1.11811	0.468494	1.46641	-0.455203	0.312536	1.29848	0.466101	0.369159	-0.0269683	-0.328793	-1.03406	0.119823	-0.284321	0.209678	-0.415039	0.998953	1.12745	-2.55415	-0.231691	
-0.0910612	0.976932	0.512488	0.443257	0.719491	-0.198873	-1.89295	-0.791378	0.13113	-0.922224	0.752641	1.2527	-0.721428	-0.208625	1.88915	0.638728	0.143218	-0.128818	-0.273406	-0.857487	0.091983	-0.498558	0.211573	-0.574937	0.810007	0.950238	-2.16125	-0.202278	
-0.222368	0.734112	0.345953	0.336067	0.645563	-0.285784	-1.72922	-0.72741	0.410206	-0.736476	0.896723	0.961767	-0.34989	-0.54209	2.46016	0.859713	-0.0973148	-0.192077	-0.169908	-0.672131	0.0731787	-0.698853	0.25197	-0.693297	0.552821	0.652692	-1.90347	-0.160375	
-0.292449	0.218233	0.150715	0.22583	0.603034	-0.372082	-1.71172	-0.620087	0.579337	-0.60562	0.886145	0.692681	0.493315	-0.471834	2.78005	1.0672	-0.31598	-0.225239	-0.0929191	-0.543361	0.0512909	-0.843977	0.301941	-0.762685	0.316445	0.330881	-1.74989	-0.0890003	
-0.326169	-0.474048	-0.0392973	0.095147	0.592691	-0.453906	-1.66021	-0.491854	0.604301	-0.520359	0.758747	0.523181	1.49954	0.0353938	2.7016	1.24505	-0.497437	-0.245705	-0.0875969	-0.492982	0.00779864	-0.921042	0.334787	-0.776154	0.164342	0.0755336	-1.67881	0.0277102	
-0.370301	-1.17361	-0.204016	-0.0619112	0.59241	-0.524355	-1.44161	-0.345806	0.513677	-0.424621	0.581337	0.476431	2.29158	0.837987	2.23758	1.41552	-0.649641	-0.276201	-0.154057	-0.494904	-0.0782533	-0.949197	0.33218	-0.730306	0.118594	-0.0597831	-1.65692	0.198453	
-0.478896	-1.67432	-0.351165	-0.243771	0.570644	-0.581654	-1.04994	-0.176336	0.381154	-0.247941	0.426237	0.53274	2.62479	1.67381	1.56013	1.61764	-0.801994	-0.342352	-0.244676	-0.486896	-0.225506	-0.972501	0.287296	-0.643033	0.161016	-0.070263	-1.65822	0.414243	
-0.676949	-1.85569	-0.498039	-0.440218	0.50751	-0.630515	-0.541998	0.0196414	0.312994	0.0570756	0.330231	0.618263	2.46544	2.21517	0.936457	1.8761	-0.987272	-0.45505	-0.291719	-0.395473	-0.423914	-1.03964	0.211606	-0.54471	0.247141	-0.0178083	-1.63553	0.637144	
-0.948868	-1.69814	-0.662818	-0.634301	0.400848	-0.682641	-0.0079991	0.221947	0.385308	0.479648	0.293402	0.651635	1.96994	2.24709	0.608444	2.17528	-1.22182	-0.608964	-0.244602	-0.176513	-0.637514	-1.17886	0.123247	-0.475041	0.331911	0.00984785	-1.53029	0.810068	
-1.24258	-1.30793	-0.844121	-0.797753	0.273509	-0.746877	0.402951	0.397415	0.639851	0.955282	0.28666	0.591478	1.43661	1.75703	0.684736	2.46347	-1.49781	-0.784448	-0.0874584	0.181074	-0.814654	-1.38568	0.0429777	-0.46738	0.386959	-0.0520298	-1.35201	0.880979	
-1.48674	-0.870678	-1.01469	-0.909698	0.166609	-0.826306	0.616391	0.501291	1.04552	1.38893	0.271155	0.423654	1.13805	0.933975	1.1012	2.67183	-1.77961	-0.950941	0.143752	0.635998	-0.898266	-1.62152	-0.0151576	-0.540767	0.412483	-0.228757	-1.12722	0.819748	
-1.62165	-0.584453	-1.13304	-0.96971	0.122651	-0.921243	0.620287	0.495576	1.53205	1.68614	0.214402	0.185958	1.27057	0.0716399	1.67392	2.7439	-2.01708	-1.08369	0.373136	1.11507	-0.854804	-1.8342	-0.0505722	-0.694591	0.426612	-0.491565	-0.899025	0.623958	
-1.61608	-0.56949	-1.15843	-0.981101	0.166388	-1.02059	0.469195	0.365542	2.00419	1.79365	0.10135	-0.0642244	1.80331	-0.536754	2.19567	2.66051	-2.15802	-1.16662	0.514019	1.53007	-0.684813	-1.96922	-0.0741331	-0.901674	0.454757	-0.772919	-0.708268	0.323919	
-1.49292	-0.828027	-1.08039	-0.96337	0.285551	-1.11087	0.28309	0.132165	2.37535	1.72746	-0.0459831	-0.257941	2.53853	-0.707758	2.47848	2.45801	-2.17286	-1.20668	0.508837	1.82307	-0.43996	-1.99767	-0.107005	-1.12125	0.503727	-0.990052	-0.577761	-0.0135276	
-1.30553	-1.2448	-0.92132	-0.947641	0.439791	-1.17847	0.200009	-0.148116	2.60021	1.55682	-0.2038	-0.359245	3.17563	-0.483729	2.50199	2.20642	-2.05738	-1.22258	0.348655	1.96628	-0.193407	-1.92277	-0.16498	-1.30655	0.554682	-1.09654	-0.46931	-0.324089	
-1.11943	-1.63053	-0.738248	-0.952479	0.566693	-1.21258	0.301853	-0.398625	2.67463	1.37887	-0.338611	-0.370297	3.41521	-0.053665	2.35155	1.99395	-1.83923	-1.2326	0.084376	1.97504	-0.0228725	-1.77027	-0.253998	-1.41571	0.571902	-1.08336	-0.338773	-0.542548	
-0.993649	-1.81361	-0.612292	-0.989638	0.598659	-1.20785	0.610113	-0.547654	2.61504	1.27216	-0.435023	-0.313842	3.11347	0.326069	2.21241	1.88558	-1.57223	-1.25653	-0.199003	1.8904	0.00942368	-1.58623	-0.370511	-1.42725	0.511526	-0.98152	-0.111249	-0.626534	
-0.948852	-1.71427	-0.60902	-1.05873	0.497764	-1.16744	1.11026	-0.561174	2.45575	1.26069	-0.492294	-0.252084	2.30637	0.422068	2.28107	1.89162	-1.31604	-1.29348	-0.412421	1.75172	-0.106611	-1.40763	-0.494443	-1.34757	0.347072	-0.858992	0.290156	-0.573257	
