0.0521542	-0.017913	-0.0452014	0.082362	0.253208	0.0876303	0.139301	-0.0601149	-0.431936	-0.419877	-0.0163411	-0.277138	0.518386	-0.130681	0.0511984	-0.422361	-0.0182444	0.147887	0.022463	-0.402609	0.0187659	0.106123	0.324658	-0.0377363	0.109823	-0.24291	0.339883	-0.0153179	
-0.0546936	0.604234	0.26049	0.142338	0.374246	-0.0465564	0.173616	0.200382	-0.286444	-0.00857528	0.329114	-0.606724	-0.114901	-0.192687	-0.0661102	0.211129	0.0530954	0.101642	-0.0427152	-0.0453498	0.11434	0.011429	0.433489	-0.144208	0.315247	-0.373882	0.301088	0.113037	
-0.10254	1.11744	0.522786	0.227729	0.458188	-0.140257	0.169307	0.407475	-0.13519	0.350937	0.640623	-0.796924	-0.797653	-0.286395	-0.200863	0.736287	0.148688	0.0784503	-0.115173	0.261833	0.218474	-0.0357885	0.521768	-0.233071	0.502419	-0.362525	0.194205	0.204455	
-0.0908958	1.42508	0.705417	0.321855	0.49613	-0.190223	0.125058	0.512427	-0.0666788	0.565315	0.903771	-0.814461	-1.28266	-0.406642	-0.329003	1.04083	0.249834	0.0915571	-0.165693	0.403096	0.31456	-0.0282938	0.592442	-0.28594	0.651975	-0.233514	0.0524694	0.22311	
-0.041666	1.48923	0.789425	0.402294	0.481911	-0.209767	0.0526551	0.49663	-0.108877	0.595379	1.10784	-0.679091	-1.35952	-0.550133	-0.402988	1.07051	0.33359	0.130405	-0.175184	0.343763	0.378012	0.0200289	0.634478	-0.299294	0.737604	-0.0406971	-0.0783173	0.152508	
0.0119086	1.35479	0.781048	0.455158	0.416426	-0.221108	-0.0267121	0.379683	-0.234935	0.457518	1.22897	-0.451316	-0.973427	-0.697211	-0.389906	0.847716	0.387057	0.17661	-0.146947	0.13125	0.392763	0.0854489	0.646303	-0.280101	0.728482	0.148596	-0.16032	-0.00119171	
0.0468956	1.10731	0.703847	0.480486	0.30972	-0.238167	-0.0930583	0.203065	-0.363645	0.218026	1.244	-0.204314	-0.251706	-0.82352	-0.275128	0.457332	0.408957	0.210408	-0.0957238	-0.127347	0.353778	0.146251	0.627845	-0.240646	0.608245	0.279018	-0.173003	-0.200692	
0.0514929	0.840923	0.586368	0.486996	0.180947	-0.266218	-0.129049	0.0238675	-0.406935	-0.0269678	1.14649	-0.0101725	0.573212	-0.902111	-0.0814332	0.0275793	0.402568	0.21803	-0.046087	-0.303479	0.274533	0.187674	0.583135	-0.196082	0.382065	0.323816	-0.119358	-0.398891	
0.0338281	0.628135	0.457218	0.486201	0.0624324	-0.298912	-0.126064	-0.11394	-0.302517	-0.195893	0.943666	0.0840205	1.22227	-0.918733	0.137646	-0.328085	0.376589	0.201782	-0.0166221	-0.305134	0.182751	0.206921	0.528829	-0.157915	0.0950972	0.27712	-0.0207445	-0.552377	
0.00449759	0.497485	0.330606	0.482937	-0.0180561	-0.324099	-0.0891558	-0.187072	-0.0520863	-0.239948	0.683383	0.0791285	1.49118	-0.856656	0.31803	-0.532031	0.32917	0.167767	-0.0150408	-0.110988	0.104113	0.203635	0.475228	-0.133316	-0.183063	0.176902	0.0908312	-0.633322	
-0.0220652	0.441877	0.222979	0.475966	-0.0349901	-0.32787	-0.0349391	-0.196003	0.251405	-0.172878	0.439362	0.00445142	1.31706	-0.718386	0.385206	-0.55783	0.26261	0.136847	-0.0404412	0.198137	0.0652681	0.18626	0.444578	-0.121113	-0.368604	0.0661914	0.180919	-0.637805	
-0.0377481	0.417278	0.143368	0.457123	0.0200098	-0.302163	0.0117982	-0.162922	0.487063	-0.0454448	0.287995	-0.090035	0.811571	-0.527836	0.307029	-0.441607	0.178929	0.124219	-0.0754266	0.497189	0.0753104	0.162492	0.44113	-0.114315	-0.395545	-0.0100859	0.22972	-0.580344	
-0.0452128	0.38644	0.0991277	0.414006	0.134645	-0.252331	0.0353292	-0.109065	0.550659	0.0831225	0.266025	-0.168797	0.189672	-0.324003	0.089731	-0.247005	0.0850769	0.137932	-0.0997489	0.672031	0.13009	0.135516	0.459289	-0.100396	-0.247083	-0.0365941	0.231268	-0.491128	
-0.0450816	0.343313	0.0953745	0.346138	0.273887	-0.185537	0.0231349	-0.0562007	0.394604	0.155826	0.364518	-0.208657	-0.341811	-0.14598	-0.223835	-0.0496918	0.000160862	0.180363	-0.0949582	0.647972	0.210102	0.11233	0.489607	-0.0648221	0.0268668	-0.0256186	0.187418	-0.39326	
-0.0420081	0.296806	0.126205	0.263214	0.391122	-0.114246	-0.0201053	-0.00883429	0.0537783	0.154598	0.521419	-0.214112	-0.616834	-0.0350851	-0.558824	0.0976483	-0.0551017	0.245351	-0.0543516	0.43771	0.292452	0.0978643	0.520992	0.0029524	0.32767	-0.00491655	0.10923	-0.305071	
-0.0333701	0.271628	0.176862	0.185916	0.440636	-0.0489295	-0.0753322	0.0369192	-0.350887	0.094849	0.637796	-0.210593	-0.622587	-0.0209404	-0.82966	0.170361	-0.0612424	0.323585	0.0141842	0.131206	0.354296	0.0984682	0.554398	0.102442	0.531625	-0.0131622	0.00793194	-0.232101	
-0.0136061	0.287128	0.225625	0.141287	0.392756	0.00496615	-0.12287	0.0841961	-0.662824	0.0213719	0.626303	-0.211246	-0.437621	-0.105277	-0.965082	0.172245	-0.0104592	0.398161	0.0943406	-0.138855	0.378042	0.11755	0.584289	0.220017	0.541465	-0.0620254	-0.103431	-0.169947	
0.0263682	0.347389	0.256585	0.147967	0.252246	0.0432546	-0.140034	0.136075	-0.760635	-0.0165857	0.446184	-0.236948	-0.199764	-0.269148	-0.934742	0.134959	0.091874	0.457206	0.163816	-0.259238	0.367222	0.156825	0.611244	0.331944	0.332908	-0.154527	-0.211911	-0.116062	
0.0908077	0.422705	0.258278	0.212111	0.0528539	0.064854	-0.120749	0.179661	-0.599814	0.00175583	0.135754	-0.273529	-0.0348532	-0.467032	-0.741096	0.0809841	0.224662	0.485646	0.208296	-0.184476	0.329506	0.210734	0.622519	0.40673	-0.0347301	-0.259171	-0.300803	-0.0691074	
0.164847	0.469759	0.231116	0.314387	-0.15325	0.0598811	-0.0648923	0.20166	-0.226849	0.0749754	-0.210565	-0.303389	0.0015372	-0.641207	-0.421653	0.0308409	0.352644	0.469861	0.219914	0.0614307	0.278354	0.260365	0.603796	0.416647	-0.435282	-0.343986	-0.354626	-0.0406823	
0.226818	0.466651	0.18793	0.424905	-0.314851	0.021755	0.00522966	0.18596	0.215244	0.161136	-0.470382	-0.292941	-0.0668039	-0.727474	-0.0513181	-0.00926965	0.442698	0.405498	0.198211	0.364484	0.223489	0.286639	0.547418	0.347799	-0.730194	-0.374868	-0.36375	-0.0400969	
0.251268	0.407045	0.14657	0.510387	-0.398606	-0.0540815	0.0621339	0.128661	0.558513	0.212111	-0.544202	-0.216248	-0.134185	-0.688362	0.287036	-0.0412328	0.476137	0.295161	0.153483	0.594708	0.171606	0.274163	0.440191	0.209663	-0.813502	-0.340521	-0.324155	-0.0742942	
0.221977	0.310083	0.12394	0.545109	-0.401056	-0.159708	0.0842626	0.0468283	0.678767	0.197451	-0.408737	-0.0843342	-0.134744	-0.506299	0.518284	-0.0582674	0.452459	0.156683	0.100775	0.657835	0.125648	0.220313	0.288237	0.03747	-0.662164	-0.261572	-0.246578	-0.131429	
0.140931	0.225599	0.122831	0.525995	-0.349676	-0.267784	0.0540037	-0.0367417	0.530427	0.110236	-0.118204	0.0918838	-0.0369264	-0.197357	0.588029	-0.0583936	0.389508	0.011904	0.0545144	0.517982	0.0810617	0.136975	0.0992697	-0.122709	-0.345419	-0.160281	-0.153166	-0.18113	
0.0255623	0.209941	0.128341	0.467005	-0.292526	-0.345665	-0.0250863	-0.0889885	0.176667	-0.0143154	0.206052	0.274357	0.115598	0.183943	0.469851	-0.0206461	0.311712	-0.111778	0.0204679	0.23374	0.0359214	0.0478157	-0.100515	-0.223573	0.00208725	-0.0709945	-0.0776566	-0.190153	
-0.089849	0.279572	0.116596	0.399384	-0.274189	-0.357631	-0.138656	-0.0932882	-0.242347	-0.127954	0.438852	0.431632	0.22466	0.56598	0.185873	0.066527	0.243313	-0.192833	-0.00403258	-0.0869207	-0.0119516	-0.0191168	-0.279161	-0.240053	0.235419	-0.00827883	-0.0472942	-0.128978	
-0.170136	0.425894	0.0695091	0.354771	-0.316624	-0.287792	-0.260971	-0.0504736	-0.568353	-0.178078	0.489734	0.532982	0.209926	0.872828	-0.202634	0.210671	0.200693	-0.223363	-0.0315472	-0.318134	-0.0560748	-0.0442641	-0.412143	-0.177648	0.26684	0.0259489	-0.0767129	0.0061636	
-0.190966	0.611533	-0.0156189	0.35633	-0.409522	-0.144894	-0.367629	0.0155363	-0.683385	-0.134038	0.348453	0.563543	0.0449538	1.04865	-0.614028	0.403451	0.18768	-0.210357	-0.077627	-0.373017	-0.0861982	-0.023152	-0.485976	-0.0708321	0.0899467	0.0533014	-0.159678	0.192575	
-0.145773	0.772852	-0.119144	0.409664	-0.516999	0.0316578	-0.442751	0.0627024	-0.548898	-0.00301036	0.102838	0.535858	-0.216984	1.06037	-0.946129	0.610751	0.201504	-0.18145	-0.153159	-0.234957	-0.0933554	0.0294263	-0.522568	0.024242	-0.206511	0.0942706	-0.268862	0.37954	
-0.0532132	0.847181	-0.202794	0.498888	-0.594258	0.180983	-0.482092	0.0506431	-0.222504	0.16935	-0.120927	0.474452	-0.471937	0.922553	-1.11654	0.79143	0.233086	-0.166249	-0.265556	0.0360868	-0.0717765	0.0844804	-0.545162	0.0549443	-0.481267	0.158785	-0.371555	0.504861	
0.0579709	0.805837	-0.220776	0.595506	-0.606445	0.245324	-0.49632	-0.0499342	0.162445	0.313297	-0.199476	0.41124	-0.583099	0.678754	-1.07853	0.891939	0.277487	-0.189034	-0.410615	0.3157	-0.0229909	0.11224	-0.582389	-0.011827	-0.597836	0.240556	-0.434777	0.518258	
0.158854	0.674652	-0.142121	0.672142	-0.550588	0.192459	-0.504317	-0.23143	0.455451	0.368021	-0.0721796	0.37445	-0.486727	0.40195	-0.84826	0.889249	0.335553	-0.255347	-0.574736	0.481764	0.0476129	0.0989897	-0.655479	-0.168342	-0.486194	0.316543	-0.448868	0.404875	
0.228833	0.49068	0.0342407	0.706899	-0.452249	0.0328583	-0.521347	-0.461328	0.561371	0.301749	0.238841	0.372541	-0.200622	0.162434	-0.485487	0.781434	0.40665	-0.350261	-0.732516	0.458252	0.126481	0.0488902	-0.762393	-0.373004	-0.167716	0.353237	-0.420269	0.193862	
0.264461	0.319849	0.272041	0.695267	-0.358669	-0.178394	-0.553552	-0.685167	0.459645	0.129581	0.61762	0.406543	0.159291	0.0194814	-0.0817607	0.597656	0.486103	-0.446793	-0.854157	0.242254	0.196708	-0.0147986	-0.891274	-0.56379	0.252519	0.335512	-0.373997	-0.0458349	
0.270054	0.220603	0.506038	0.646145	-0.314765	-0.363078	-0.593027	-0.841797	0.215424	-0.0950556	0.908211	0.462772	0.444254	-0.00405703	0.24982	0.394839	0.556224	-0.512165	-0.915617	-0.0904199	0.242869	-0.0616156	-1.00902	-0.679696	0.622979	0.269972	-0.339632	-0.232368	
0.256093	0.208398	0.6661	0.572966	-0.343567	-0.449897	-0.619022	-0.892041	-0.0471277	-0.297244	0.990316	0.516286	0.529919	0.077429	0.437102	0.227875	0.591944	-0.526714	-0.901148	-0.416549	0.250277	-0.0692551	-1.08181	-0.69005	0.815109	0.171445	-0.330409	-0.300728	
0.227187	0.258689	0.700919	0.492674	-0.430601	-0.399914	-0.607293	-0.820959	-0.212556	-0.410409	0.813361	0.545231	0.363385	0.237008	0.453212	0.147743	0.566418	-0.488186	-0.814758	-0.617589	0.216036	-0.0340434	-1.08441	-0.600115	0.768822	0.0760502	-0.341023	-0.222664	
0.175787	0.306864	0.596793	0.405859	-0.529172	-0.231115	-0.53472	-0.653865	-0.195715	-0.394705	0.426666	0.52184	0.0420929	0.416739	0.340488	0.166185	0.459502	-0.420511	-0.670998	-0.612745	0.14001	0.0190629	-1.01384	-0.454798	0.520877	0.00391945	-0.336484	-0.0245064	
0.0900714	0.289596	0.378539	0.308288	-0.584967	-0.0065971	-0.393509	-0.436979	0.0206181	-0.246279	-0.0440587	0.444995	-0.288985	0.574417	0.185513	0.266172	0.27226	-0.364494	-0.494642	-0.385131	0.0284631	0.051206	-0.902861	-0.315026	0.171584	-0.0357403	-0.2757	0.229767	
-0.0385292	0.139564	0.107624	0.183909	-0.553998	0.183507	-0.195953	-0.229184	0.369848	-0.0142431	-0.438953	0.318222	-0.438971	0.673885	0.0852587	0.400379	0.029761	-0.354883	-0.316513	-0.00661221	-0.10435	0.0225359	-0.787412	-0.235509	-0.140688	-0.0687151	-0.126406	0.453791	
-0.203264	-0.165125	-0.148164	0.0201485	-0.432235	0.261133	0.0279072	-0.0834409	0.742146	0.230419	-0.644887	0.164371	-0.301139	0.71306	0.121685	0.506055	-0.222135	-0.411072	-0.16049	0.407015	-0.243918	-0.0879624	-0.707149	-0.242978	-0.307849	-0.126653	0.113936	0.577527	
-0.376036	-0.577972	-0.332166	-0.179622	-0.258276	0.192431	0.23075	-0.0188235	1.01161	0.415934	-0.622829	0.0102123	0.110126	0.703009	0.300694	0.545591	-0.427103	-0.519723	-0.0444644	0.729284	-0.365565	-0.265864	-0.684971	-0.320272	-0.295716	-0.231668	0.401183	0.571515	
-0.512454	-1.00789	-0.417095	-0.400254	-0.102389	-0.00253018	0.366844	-0.0388738	1.10374	0.4894	-0.410643	-0.117128	0.6628	0.663279	0.581005	0.496217	-0.538672	-0.645886	0.0298115	0.869899	-0.451714	-0.469196	-0.719488	-0.424368	-0.1361	-0.399752	0.662611	0.448839	
-0.561717	-1.34173	-0.409574	-0.603863	-0.0346683	-0.250037	0.401693	-0.118164	0.998626	0.438273	-0.116317	-0.191628	1.12988	0.611313	0.870431	0.375231	-0.529593	-0.739594	0.0703265	0.803633	-0.483238	-0.63378	-0.793267	-0.496449	0.0827945	-0.603229	0.812687	0.263117	
-0.48725	-1.47294	-0.335318	-0.748088	-0.0947824	-0.461641	0.325164	-0.223904	0.74019	0.284184	0.147235	-0.214919	1.32055	0.541694	1.06127	0.222236	-0.402682	-0.75605	0.0912874	0.573229	-0.448005	-0.70061	-0.868313	-0.494973	0.26939	-0.800244	0.788319	0.0744484	
-0.282569	-1.32908	-0.229352	-0.791952	-0.278731	-0.563633	0.151518	-0.328578	0.416864	0.07829	0.300587	-0.195629	1.12093	0.451557	1.07572	0.0826091	-0.18616	-0.6756	0.104381	0.274731	-0.347099	-0.636818	-0.909971	-0.410327	0.353115	-0.936443	0.572192	-0.0683275	
0.020178	-0.921641	-0.112461	-0.716306	-0.527402	-0.531386	-0.0790572	-0.413292	0.117212	-0.118265	0.34067	-0.171192	0.571496	0.317671	0.893829	0.00389191	0.0756573	-0.504691	0.112951	0.0136354	-0.187461	-0.451071	-0.880987	-0.269054	0.321152	-0.978963	0.20573	-0.148978	
0.354316	-0.346297	0.00801299	-0.531735	-0.75111	-0.398313	-0.309416	-0.482473	-0.0719429	-0.249439	0.316832	-0.174178	-0.148383	0.133426	0.577396	-0.0038409	0.331768	-0.286766	0.119137	-0.11113	0.00501289	-0.196173	-0.774387	-0.127785	0.221267	-0.925715	-0.212099	-0.18652	
0.637379	0.239529	0.13561	-0.278388	-0.862597	-0.239393	-0.4841	-0.542803	-0.110428	-0.272132	0.306387	-0.228536	-0.78282	-0.0945857	0.229119	0.0520454	0.540613	-0.0796862	0.116541	-0.0430979	0.200414	0.0522638	-0.607966	-0.0431433	0.120902	-0.804684	-0.560991	-0.215535	
0.798943	0.662631	0.279314	-0.0168307	-0.809702	-0.139637	-0.564205	-0.610038	-0.0127743	-0.18369	0.383121	-0.333622	-1.09313	-0.328743	-0.0383864	0.140717	0.675962	0.0615286	0.0975719	0.199275	0.364223	0.219528	-0.412391	-0.057196	0.0913374	-0.669569	-0.734808	-0.269123	
0.797949	0.773075	0.437938	0.187971	-0.595782	-0.158685	-0.538127	-0.692577	0.16609	-0.00722991	0.569498	-0.46682	-0.944968	-0.518393	-0.137425	0.226705	0.731523	0.102359	0.0541478	0.548885	0.467871	0.256992	-0.227776	-0.17627	0.168106	-0.567331	-0.676122	-0.356679	
0.632642	0.509482	0.594091	0.28379	-0.279033	-0.313311	-0.422208	-0.78288	0.355742	0.219367	0.835685	-0.595266	-0.354203	-0.611177	-0.0459378	0.299365	0.709483	0.0402333	-0.0184037	0.913789	0.496766	0.155243	-0.0773375	-0.374057	0.340962	-0.526408	-0.397424	-0.458474	
0.351785	-0.0759613	0.723792	0.256357	0.0492107	-0.559765	-0.262597	-0.866078	0.478757	0.447972	1.11047	-0.672536	0.509503	-0.562475	0.18909	0.363943	0.628505	-0.0985691	-0.117379	1.18664	0.451849	-0.0474081	0.0171327	-0.59852	0.568282	-0.53969	0.0250284	-0.530494	
0.025707	-0.846963	0.800774	0.120841	0.304315	-0.825012	-0.109046	-0.917748	0.491156	0.648382	1.32248	-0.678049	1.39375	-0.378292	0.485237	0.462385	0.509057	-0.268735	-0.238296	1.30167	0.354573	-0.287552	0.0552666	-0.79471	0.795318	-0.581234	0.479761	-0.526127	
-0.265979	-1.60507	0.812417	-0.0734644	0.434439	-1.02828	-0.012674	-0.922144	0.374319	0.798907	1.42857	-0.608441	2.05607	-0.0864683	0.750582	0.635356	0.374189	-0.427257	-0.372628	1.22535	0.233981	-0.49439	0.0370809	-0.926705	0.987482	-0.610146	0.856509	-0.419005	
-0.464337	-2.16216	0.762764	-0.267513	0.43452	-1.11513	-0.00195309	-0.869334	0.149932	0.90775	1.43043	-0.4974	2.32677	0.248437	0.932456	0.916327	0.245197	-0.543914	-0.515097	0.976344	0.122993	-0.616852	-0.0334518	-0.980438	1.12524	-0.602159	1.07915	-0.213778	
-0.548773	-2.39023	0.669164	-0.415338	0.340322	-1.07798	-0.0780906	-0.762415	-0.124366	1.00306	1.37542	-0.400924	2.17363	0.547903	1.02988	1.32056	0.131189	-0.610114	-0.662548	0.614182	0.0435711	-0.64158	-0.140036	-0.970038	1.20838	-0.567262	1.12387	0.0502601	
-0.535984	-2.28085	0.556169	-0.49941	0.214524	-0.94811	-0.215848	-0.615593	-0.363052	1.13148	1.32578	-0.375487	1.70281	0.744239	1.10121	1.82176	0.033188	-0.642858	-0.806879	0.230174	0.000858714	-0.592715	-0.283298	-0.923161	1.25343	-0.541362	1.02733	0.315823	
-0.480743	-1.94176	0.432862	-0.541444	0.108318	-0.784217	-0.369689	-0.442627	-0.466391	1.3473	1.32128	-0.456115	1.09979	0.810776	1.23462	2.37622	-0.0700806	-0.675144	-0.941857	-0.0682509	-0.0202038	-0.524688	-0.462023	-0.869376	1.26105	-0.568136	0.858954	0.535051	
-0.444608	-1.54654	0.293255	-0.587977	0.0428507	-0.639166	-0.49461	-0.260947	-0.360199	1.68504	1.36237	-0.637248	0.582036	0.763011	1.51048	2.92671	-0.207566	-0.744753	-1.05849	-0.20656	-0.0537176	-0.496404	-0.68175	-0.830711	1.21662	-0.676732	0.698354	0.68596	
-0.491497	-1.27993	0.114713	-0.702879	0.00574166	-0.556167	-0.548294	-0.0811915	0.00994857	2.15725	1.41112	-0.888452	0.325512	0.63901	1.98041	3.43361	-0.416377	-0.881825	-1.15213	-0.127028	-0.135388	-0.5614	-0.937334	-0.817846	1.09821	-0.876383	0.607047	0.774048	
-0.659953	-1.26795	-0.131463	-0.935383	-0.0424705	-0.550363	-0.51067	0.0866893	0.649954	2.73731	1.39851	-1.15909	0.417703	0.505584	2.63858	3.87725	-0.726439	-1.09802	-1.21981	0.183208	-0.296804	-0.744583	-1.20569	-0.834689	0.890022	-1.13629	0.609994	0.825491	
-0.945744	-1.5371	-0.457755	-1.29377	-0.139026	-0.609974	-0.380427	0.238643	1.51879	3.37506	1.26172	-1.39237	0.806173	0.413685	3.427	4.26799	-1.13696	-1.3813	-1.25716	0.699211	-0.544891	-1.03242	-1.45975	-0.877139	0.594605	-1.40117	0.69672	0.873862	
-1.31565	-2.01138	-0.854115	-1.74745	-0.305225	-0.71949	-0.171456	0.368544	2.55572	4.00533	0.971183	-1.56519	1.35364	0.383989	4.26039	4.63514	-1.61933	-1.7014	-1.26429	1.38464	-0.862019	-1.3866	-1.65649	-0.945148	0.23138	-1.6191	0.829264	0.93201	
-1.70633	-2.55276	-1.27932	-2.22838	-0.5237	-0.861605	0.088463	0.460457	3.67059	4.55185	0.553871	-1.66941	1.88088	0.406912	5.05569	4.98804	-2.11102	-2.02024	-1.23784	2.17316	-1.20981	-1.75237	-1.7696	-1.04111	-0.1425	-1.75595	0.968289	0.987214	
-2.04819	-3.02356	-1.67251	-2.651	-0.75183	-1.02567	0.369947	0.501859	4.76345	4.95059	0.0788952	-1.72561	2.19532	0.445069	5.74553	5.30924	-2.53389	-2.2928	-1.17644	2.99171	-1.53328	-2.07264	-1.78008	-1.15985	-0.466121	-1.80696	1.07865	1.00181	
-2.27872	-3.33357	-1.97209	-2.94422	-0.93471	-1.20305	0.646425	0.478352	5.7438	5.15717	-0.358183	-1.77773	2.17911	0.44624	6.28511	5.53889	-2.81477	-2.47751	-1.07384	3.76461	-1.78211	-2.30306	-1.67981	-1.2867	-0.692129	-1.80593	1.14411	0.929724	
-2.36205	-3.46762	-2.1335	-3.06407	-1.0242	-1.37683	0.891078	0.393093	6.52971	5.15742	-0.662554	-1.84602	1.81328	0.368843	6.63483	5.59664	-2.90935	-2.54628	-0.921483	4.42796	-1.91658	-2.41771	-1.49269	-1.39156	-0.790612	-1.78939	1.16227	0.745938	
-2.29449	-3.48427	-2.14678	-3.01188	-1.00407	-1.51283	1.08082	0.262209	7.05767	4.95918	-0.783193	-1.94079	1.18657	0.210626	6.75728	5.39731	-2.81788	-2.48648	-0.714109	4.92494	-1.92274	-2.40964	-1.25689	-1.43508	-0.765999	-1.77883	1.13709	0.462153	
-2.09597	-3.45889	-2.03432	-2.8177	-0.891306	-1.55736	1.18968	0.1185	7.26576	4.58562	-0.708471	-2.02222	0.465194	-0.00260121	6.60343	4.88947	-2.57819	-2.30514	-0.450374	5.19737	-1.8123	-2.2838	-1.03358	-1.37689	-0.650472	-1.76072	1.07099	0.139495	
-1.812	-3.4355	-1.84196	-2.53601	-0.731284	-1.46143	1.19919	0.010056	7.11293	4.07078	-0.474952	-2.05782	-0.14387	-0.219315	6.11938	4.0923	-2.25821	-2.02265	-0.142856	5.21217	-1.61383	-2.05679	-0.869812	-1.19	-0.492774	-1.70211	0.957897	-0.13779	
-1.4889	-3.39752	-1.62	-2.21833	-0.57632	-1.18966	1.09432	-0.0214505	6.57313	3.44506	-0.147148	-1.99972	-0.471853	-0.374158	5.26725	3.08582	-1.9255	-1.66998	0.185388	4.94594	-1.3669	-1.74858	-0.796347	-0.872652	-0.331262	-1.55246	0.78525	-0.279737	
-1.16581	-3.26956	-1.40881	-1.8919	-0.467552	-0.741833	0.878137	0.0601624	5.66194	2.75069	0.190439	-1.82249	-0.453512	-0.411649	4.05636	2.01773	-1.62517	-1.28133	0.503759	4.41692	-1.10678	-1.37688	-0.817955	-0.450595	-0.201172	-1.26526	0.544079	-0.225033	
-0.865165	-2.95793	-1.23044	-1.57	-0.420561	-0.166082	0.582057	0.262461	4.46221	2.03844	0.462738	-1.55084	-0.140613	-0.318811	2.58266	1.0541	-1.36859	-0.889357	0.783828	3.6861	-0.862412	-0.965185	-0.903941	0.0247118	-0.13077	-0.850085	0.243835	0.0330877	
-0.596564	-2.41073	-1.0894	-1.24437	-0.424775	0.454869	0.251554	0.566096	3.11189	1.36946	0.614368	-1.21945	0.307168	-0.109465	1.01245	0.338185	-1.13929	-0.525897	1.0074	2.85435	-0.653328	-0.540421	-1.01801	0.491108	-0.129828	-0.347665	-0.0864741	0.451566	
-0.359983	-1.66074	-0.981656	-0.912564	-0.453654	1.01981	-0.0497664	0.925948	1.78907	0.807	0.615698	-0.898606	0.663167	0.169774	-0.440842	-0.0476853	-0.909393	-0.211024	1.1677	2.04133	-0.488972	-0.135447	-1.10436	0.890932	-0.203547	0.15198	-0.401375	0.938834	
-0.152302	-0.83387	-0.904913	-0.577268	-0.483503	1.44303	-0.267879	1.27969	0.675068	0.404082	0.464413	-0.632759	0.719792	0.458154	-1.57452	-0.10726	-0.657338	0.0425213	1.2756	1.3602	-0.376596	0.215852	-1.12105	1.18632	-0.360239	0.559117	-0.654105	1.39477	
0.020065	-0.110559	-0.860504	-0.257544	-0.498197	1.67623	-0.369058	1.57203	-0.109498	0.184305	0.187503	-0.455087	0.387027	0.710693	-2.26016	0.0982519	-0.387677	0.229699	1.34651	0.882495	-0.316912	0.482561	-1.04736	1.36356	-0.587979	0.806371	-0.807633	1.73825	
0.147048	0.337089	-0.848676	0.0183201	-0.499629	1.72328	-0.356688	1.75813	-0.530366	0.130499	-0.157472	-0.344435	-0.292573	0.897245	-2.47992	0.449486	-0.130216	0.349555	1.3961	0.61407	-0.307701	0.644886	-0.897627	1.43092	-0.851574	0.876413	-0.851819	1.93131	
0.218736	0.422656	-0.862208	0.23375	-0.502712	1.63452	-0.272985	1.81829	-0.657424	0.185298	-0.499249	-0.256734	-1.13664	1.02496	-2.33776	0.819613	0.077983	0.403738	1.43155	0.497127	-0.339822	0.70361	-0.723232	1.41212	-1.0967	0.816323	-0.808676	1.98386	
0.236549	0.200284	-0.875426	0.386505	-0.522631	1.48508	-0.184682	1.75896	-0.666049	0.251256	-0.756373	-0.139695	-1.88229	1.11	-2.03482	1.1085	0.212714	0.402406	1.44468	0.405279	-0.392853	0.681985	-0.584036	1.33556	-1.25869	0.702438	-0.730059	1.9408	
0.212248	-0.167515	-0.850908	0.501337	-0.57133	1.34789	-0.16801	1.60305	-0.746554	0.230843	-0.865235	0.0583192	-2.29217	1.19415	-1.79875	1.25304	0.277224	0.357185	1.41752	0.217092	-0.442567	0.618443	-0.539792	1.22587	-1.28093	0.630215	-0.682737	1.86467	
0.172765	-0.456574	-0.746486	0.621574	-0.644798	1.27023	-0.276001	1.38449	-1.05905	0.0477041	-0.795792	0.360997	-2.24472	1.31569	-1.80674	1.2332	0.308102	0.286017	1.32399	-0.158216	-0.459208	0.557831	-0.620307	1.09822	-1.13709	0.671003	-0.724971	1.80088	
0.156207	-0.474757	-0.533344	0.792267	-0.727405	1.26368	-0.521929	1.12618	-1.65349	-0.324452	-0.56108	0.766582	-1.77169	1.48517	-2.12139	1.04076	0.365483	0.20782	1.15016	-0.737694	-0.42285	0.540613	-0.826148	0.961667	-0.851875	0.84719	-0.883306	1.7669	
0.194577	-0.147696	-0.211173	1.04141	-0.794145	1.31084	-0.873139	0.841276	-2.45761	-0.853699	-0.216911	1.24131	-1.05172	1.69673	-2.68033	0.679061	0.506444	0.139126	0.896603	-1.45106	-0.325157	0.589575	-1.12817	0.821327	-0.482278	1.14159	-1.14202	1.7488	
0.305583	0.461163	0.190771	1.36274	-0.822009	1.37408	-1.26309	0.524557	-3.30057	-1.4703	0.17097	1.74205	-0.343133	1.91584	-3.33262	0.132177	0.75797	0.0938202	0.581186	-2.17402	-0.173666	0.703713	-1.46652	0.679492	-0.106593	1.49398	-1.45025	1.70556	
0.481878	1.16154	0.612308	1.71951	-0.799942	1.41464	-1.61073	0.156862	-3.96027	-2.0882	0.535514	2.22368	0.123449	2.10117	-3.88398	-0.625256	1.10569	0.076487	0.236232	-2.75891	0.0061134	0.858224	-1.77416	0.538074	0.201009	1.83561	-1.73359	1.58896	
0.695456	1.74153	0.988102	2.05815	-0.72471	1.41313	-1.84765	-0.270034	-4.28452	-2.6433	0.824548	2.65573	0.242099	2.20759	-4.19163	-1.59329	1.49402	0.0892912	-0.103504	-3.11569	0.188451	1.02079	-1.99101	0.401352	0.398502	2.11604	-1.92095	1.36564	
0.911239	2.02945	1.26954	2.32731	-0.601151	1.37174	-1.93839	-0.755149	-4.21576	-3.1058	1.0292	3.01476	0.0596948	2.19866	-4.20149	-2.74692	1.8485	0.129768	-0.402504	-3.22716	0.352458	1.16179	-2.08422	0.273793	0.497589	2.30678	-1.96219	1.03163	
1.10217	1.98857	1.44703	2.50819	-0.436197	1.30886	-1.88865	-1.2709	-3.83636	-3.48765	1.16336	3.29261	-0.262637	2.05085	-3.96966	-4.00822	2.11141	0.19483	-0.639536	-3.16643	0.498722	1.26745	-2.05983	0.160746	0.557309	2.41419	-1.85029	0.607367	
1.26355	1.72849	1.55507	2.61355	-0.23813	1.24634	-1.74093	-1.77649	-3.34022	-3.83722	1.25819	3.47475	-0.491037	1.75929	-3.63365	-5.25749	2.26436	0.284449	-0.808354	-3.08097	0.643647	1.34682	-1.95158	0.0669997	0.649814	2.44907	-1.62217	0.133592	
1.40969	1.44198	1.65134	2.68711	-0.0216476	1.20375	-1.5523	-2.21491	-2.93461	-4.19348	1.32528	3.55613	-0.493264	1.34516	-3.34348	-6.34392	2.33536	0.398628	-0.913951	-3.10775	0.812632	1.42259	-1.81267	0.000234228	0.826371	2.43418	-1.34905	-0.336364	
1.56695	1.33109	1.79797	2.77944	0.196102	1.18309	-1.37555	-2.53253	-2.76896	-4.56561	1.35478	3.5264	-0.252556	0.839776	-3.20607	-7.13323	2.38212	0.539105	-0.970233	-3.32749	1.03003	1.52055	-1.68759	-0.0317479	1.09148	2.37474	-1.1132	-0.762717	
1.75985	1.49768	2.02813	2.92773	0.388289	1.1761	-1.24606	-2.70341	-2.86279	-4.91551	1.31824	3.3994	0.0946871	0.298442	-3.23065	-7.54659	2.46838	0.695954	-0.993629	-3.72152	1.29591	1.65628	-1.61805	-0.0264353	1.39646	2.27249	-0.982736	-1.11335	
1.98713	1.91367	2.33223	3.13116	0.525319	1.1684	-1.17791	-2.72485	-3.11647	-5.16091	1.1907	3.20252	0.336821	-0.210721	-3.34737	-7.56097	2.62724	0.846175	-1.0057	-4.17187	1.58518	1.82209	-1.63285	0.0137465	1.66118	2.13424	-0.994479	-1.37066	
2.22023	2.40952	2.66057	3.34888	0.580482	1.1495	-1.16767	-2.63342	-3.35152	-5.22375	0.983274	2.98449	0.284244	-0.613397	-3.43318	-7.24101	2.84287	0.956282	-1.02747	-4.52006	1.84601	1.98754	-1.73844	0.0734408	1.81223	1.97652	-1.14065	-1.52472	
2.39994	2.76321	2.94022	3.51726	0.538965	1.11487	-1.21075	-2.48395	-3.39489	-5.04727	0.753189	2.81167	-0.143967	-0.836102	-3.37866	-6.6922	3.05435	0.984494	-1.08895	-4.6162	2.01542	2.104	-1.93024	0.126747	1.82206	1.83175	-1.37881	-1.56882	
2.4574	2.79323	3.10012	3.56712	0.406089	1.06938	-1.30349	-2.33258	-3.16698	-4.63254	0.588052	2.73283	-0.830684	-0.828951	-3.13808	-6.02948	3.17243	0.901655	-1.21706	-4.39583	2.03957	2.12667	-2.17652	0.144368	1.70983	1.73943	-1.64321	-1.49961	
2.34105	2.43242	3.09528	3.46094	0.206825	1.03267	-1.45408	-2.21621	-2.7016	-4.03021	0.585519	2.79168	-1.56048	-0.568766	-2.759	-5.336	3.12024	0.694443	-1.42674	-3.89031	1.88998	2.03049	-2.44877	0.101829	1.54351	1.74899	-1.87119	-1.30316	
2.0333	1.76474	2.92492	3.19484	-0.0141227	1.0186	-1.66711	-2.13804	-2.13909	-3.33149	0.809202	2.97228	-2.04839	-0.0787992	-2.35867	-4.64127	2.85991	0.377871	-1.71613	-3.22145	1.58008	1.81637	-2.7121	-0.00876819	1.4111	1.87518	-2.0156	-0.976852	
1.56655	0.987812	2.62883	2.81382	-0.212035	1.0357	-1.93899	-2.08024	-1.66733	-2.64753	1.24376	3.24537	-2.08312	0.574999	-2.06525	-3.93799	2.41457	-0.00963995	-2.05951	-2.56726	1.15433	1.51573	-2.93872	-0.17812	1.37404	2.10462	-2.05654	-0.529423	
1.00446	0.326928	2.26402	2.37829	-0.356034	1.07695	-2.24361	-2.00086	-1.41797	-2.05041	1.79445	3.53895	-1.62427	1.30021	-1.96283	-3.18631	1.85272	-0.416098	-2.41208	-2.06053	0.676696	1.17004	-3.1039	-0.376379	1.43738	2.38045	-2.00246	0.00790701	
0.432737	-0.0530757	1.88585	1.94909	-0.435109	1.12506	-2.52074	-1.86006	-1.41376	-1.57339	2.29012	3.77016	-0.822631	1.96604	-2.03903	-2.36762	1.26756	-0.781385	-2.70646	-1.76967	0.213993	0.822761	-3.17676	-0.56012	1.54204	2.61946	-1.87271	0.577154	
-0.0748504	-0.119135	1.53496	1.56853	-0.460497	1.14971	-2.709	-1.64339	-1.5478	-1.19243	2.57554	3.87691	0.0434382	2.47329	-2.19045	-1.49102	0.745864	-1.07012	-2.8888	-1.6527	-0.186787	0.500339	-3.15385	-0.696616	1.61003	2.73471	-1.6929	1.10935	
-0.476297	0.0311232	1.22702	1.23942	-0.457932	1.11855	-2.74608	-1.36526	-1.63593	-0.855153	2.5541	3.81253	0.69397	2.7521	-2.25319	-0.609297	0.336363	-1.27015	-2.92808	-1.5995	-0.504015	0.205996	-3.03893	-0.768313	1.5634	2.6617	-1.47987	1.53023	
-0.761511	0.212518	0.959432	0.948259	-0.454848	1.01517	-2.60532	-1.0763	-1.50347	-0.519701	2.23906	3.59428	0.945969	2.78242	-2.07903	0.18935	0.0485013	-1.39734	-2.82675	-1.49857	-0.742765	-0.0709439	-2.86154	-0.782958	1.37718	2.39264	-1.24056	1.78747	
-0.953814	0.23737	0.717794	0.663659	-0.46631	0.837053	-2.29647	-0.830246	-1.05635	-0.162355	1.74889	3.25085	0.787241	2.6029	-1.5932	0.825105	-0.148588	-1.48083	-2.62466	-1.268	-0.91878	-0.345342	-2.65682	-0.764799	1.08671	1.96082	-0.976578	1.85969	
-1.08164	0.0103442	0.49698	0.37055	-0.486324	0.602689	-1.87583	-0.678068	-0.36374	0.193156	1.26312	2.84286	0.397531	2.27417	-0.840039	1.24978	-0.295007	-1.54419	-2.3826	-0.935343	-1.04682	-0.616117	-2.4545	-0.744209	0.789545	1.44383	-0.689399	1.76038	
-1.17023	-0.45025	0.293262	0.0726612	-0.496549	0.347802	-1.42653	-0.630549	0.405188	0.516919	0.963996	2.42506	0.0188242	1.89328	0.0360719	1.48441	-0.426915	-1.60012	-2.1592	-0.57448	-1.13288	-0.863915	-2.28068	-0.74372	0.587503	0.935176	-0.39581	1.5432	
-1.22498	-1.00841	0.109112	-0.208962	-0.474023	0.119167	-1.02447	-0.654937	1.0357	0.782848	0.931847	2.02597	-0.1461	1.52806	0.83858	1.60757	-0.560476	-1.63695	-1.98218	-0.290499	-1.1707	-1.05266	-2.14027	-0.759335	0.542951	0.512531	-0.122557	1.28289	
-1.2326	-1.49031	-0.0548038	-0.439999	-0.40716	-0.0391189	-0.724577	-0.69009	1.36102	0.986172	1.12863	1.66395	-0.0256197	1.22659	1.40082	1.72363	-0.687547	-1.6312	-1.84045	-0.161458	-1.15349	-1.14189	-2.02957	-0.766129	0.647609	0.217498	0.0958197	1.05604	
-1.18245	-1.74952	-0.215349	-0.602	-0.306712	-0.101088	-0.53129	-0.655745	1.35281	1.17095	1.39244	1.32755	0.282551	0.992953	1.64189	1.92544	-0.799546	-1.55617	-1.68689	-0.169423	-1.08157	-1.11072	-1.92208	-0.72309	0.805422	0.045949	0.227322	0.913983	
-1.07168	-1.73147	-0.396096	-0.694809	-0.201193	-0.0614813	-0.410341	-0.49471	1.11969	1.39414	1.5123	0.999903	0.556867	0.802899	1.58979	2.2562	-0.889389	-1.39788	-1.45632	-0.229499	-0.972008	-0.968714	-1.78609	-0.592943	0.881681	-0.0419931	0.258391	0.876891	
-0.922983	-1.49746	-0.623226	-0.745866	-0.126517	0.056331	-0.296747	-0.181091	0.87788	1.71323	1.32331	0.651148	0.561289	0.624148	1.37793	2.69768	-0.969259	-1.1697	-1.09668	-0.193257	-0.854825	-0.76042	-1.60417	-0.361082	0.75018	-0.105535	0.203678	0.928445	
-0.775356	-1.17132	-0.898077	-0.793035	-0.10645	0.20699	-0.134023	0.249842	0.827581	2.13622	0.777485	0.275216	0.180372	0.426986	1.16528	3.16196	-1.05918	-0.907665	-0.599967	0.0488449	-0.764111	-0.551955	-1.3738	-0.0462768	0.371368	-0.194552	0.104059	1.02276	
-0.672488	-0.904307	-1.20333	-0.870026	-0.143951	0.339136	0.109317	0.721232	1.08987	2.61603	-0.0142004	-0.112904	-0.52804	0.200399	1.09186	3.52733	-1.17894	-0.664318	-0.00349805	0.532578	-0.727732	-0.411009	-1.11996	0.301236	-0.206781	-0.330987	0.015722	1.10267	
-0.649387	-0.792011	-1.49811	-0.996051	-0.217861	0.405801	0.426551	1.1416	1.63875	3.06188	-0.834921	-0.490041	-1.3392	-0.046792	1.20319	3.69141	-1.33831	-0.485226	0.612973	1.19282	-0.752402	-0.38327	-0.873259	0.618871	-0.847206	-0.513503	-0.0100252	1.12004	
-0.709136	-0.842877	-1.72357	-1.16207	-0.286626	0.384328	0.76865	1.42587	2.29619	3.35221	-1.4269	-0.814025	-1.95391	-0.286958	1.44878	3.59778	-1.5208	-0.39418	1.15493	1.85872	-0.823394	-0.47415	-0.664846	0.849466	-1.36652	-0.707791	0.0537762	1.049	
-0.829161	-0.983045	-1.83336	-1.33769	-0.3105	0.275839	1.07043	1.53298	2.8241	3.40264	-1.59987	-1.04657	-2.11825	-0.491757	1.70942	3.26821	-1.69474	-0.386033	1.54482	2.34648	-0.905297	-0.651234	-0.514159	0.962087	-1.6169	-0.871165	0.201552	0.89031	
-0.961305	-1.10134	-1.80329	-1.48135	-0.265727	0.109792	1.27167	1.46794	3.02504	3.19005	-1.31089	-1.15246	-1.75989	-0.640628	1.85053	2.78383	-1.81695	-0.42963	1.75003	2.52322	-0.960743	-0.855919	-0.421865	0.960788	-1.53469	-0.965061	0.394355	0.670738	
-1.05427	-1.12999	-1.65	-1.56551	-0.156689	-0.0697807	1.34863	1.28153	2.8374	2.77231	-0.678229	-1.13416	-0.990145	-0.741771	1.80594	2.25663	-1.85495	-0.484045	1.79853	2.37357	-0.963716	-1.028	-0.38012	0.881376	-1.16939	-0.98165	0.584163	0.427853	
-1.07672	-1.04521	-1.42542	-1.5802	-0.0162102	-0.220658	1.31461	1.0464	2.34823	2.26884	0.0541592	-1.00554	-0.0923441	-0.807792	1.58304	1.78787	-1.80194	-0.510723	1.75671	2.00219	-0.909529	-1.12565	-0.361359	0.774895	-0.66348	-0.938938	0.721323	0.197892	
-1.02568	-0.900684	-1.19819	-1.5386	0.111534	-0.315455	1.21501	0.828238	1.77219	1.81752	0.629477	-0.806357	0.609597	-0.861954	1.27898	1.43677	-1.68022	-0.494433	1.70671	1.59827	-0.81763	-1.14156	-0.344609	0.683718	-0.192752	-0.870744	0.781483	0.00367785	
-0.928678	-0.791227	-1.02943	-1.46983	0.18598	-0.35182	1.11434	0.674037	1.34518	1.5295	0.863341	-0.609806	0.88585	-0.913993	1.02854	1.2203	-1.53109	-0.440612	1.71154	1.35582	-0.715677	-1.09725	-0.31608	0.632546	0.0871522	-0.826757	0.772024	-0.144681	
-0.82211	-0.790702	-0.947268	-1.39937	0.194071	-0.344169	1.06421	0.59021	1.22929	1.43949	0.709763	-0.466175	0.675015	-0.967455	0.948133	1.09386	-1.39609	-0.372062	1.79329	1.38446	-0.629982	-1.02866	-0.276693	0.617243	0.111961	-0.829991	0.725756	-0.252059	
-0.736581	-0.920968	-0.942355	-1.34257	0.15547	-0.32343	1.08907	0.553123	1.44143	1.51009	0.280258	-0.42394	0.138963	-1.01952	1.08728	0.99391	-1.29876	-0.314538	1.92798	1.67009	-0.566433	-0.967053	-0.244133	0.615833	-0.0811788	-0.893573	0.694036	-0.331589	
-0.682907	-1.1206	-0.977377	-1.3019	0.1092	-0.318283	1.1816	0.527957	1.8585	1.64584	-0.229482	-0.500441	-0.45379	-1.05328	1.40512	0.865692	-1.23985	-0.28235	2.05916	2.08517	-0.514814	-0.927152	-0.227979	0.601058	-0.386108	-1.00317	0.71467	-0.395456	
-0.644717	-1.27866	-1.00018	-1.2684	0.101924	-0.342732	1.30394	0.48336	2.26221	1.7314	-0.613401	-0.689656	-0.814495	-1.0573	1.78947	0.688721	-1.19599	-0.271121	2.12705	2.43236	-0.449773	-0.898927	-0.233432	0.556351	-0.657762	-1.12682	0.803352	-0.445566	
-0.594884	-1.26671	-0.975452	-1.23201	0.159363	-0.396137	1.41089	0.409644	2.45269	1.69155	-0.754708	-0.952371	-0.78893	-1.02075	2.10083	0.485567	-1.13924	-0.261456	2.09169	2.55102	-0.348102	-0.860595	-0.247134	0.484387	-0.793363	-1.23	0.939029	-0.480282	
-0.504034	-1.01676	-0.894414	-1.1887	0.280431	-0.462051	1.46146	0.311731	2.33992	1.50814	-0.650345	-1.21878	-0.391347	-0.95644	2.23552	0.292498	-1.04923	-0.232697	1.95163	2.37693	-0.203019	-0.790912	-0.252713	0.401375	-0.744956	-1.28205	1.08131	-0.496456	
-0.35894	-0.569134	-0.774369	-1.14934	0.434804	-0.519833	1.44109	0.21243	1.9667	1.22829	-0.399323	-1.44781	0.220835	-0.87771	2.16197	0.160043	-0.923011	-0.172231	1.74482	1.9696	-0.0269019	-0.681753	-0.239668	0.33419	-0.543353	-1.2828	1.18703	-0.490703	
-0.16943	-0.0381867	-0.653501	-1.13017	0.571952	-0.54888	1.35953	0.133134	1.49147	0.92822	-0.164336	-1.59652	0.789625	-0.80197	1.92732	0.112242	-0.779234	-0.0837331	1.52907	1.47808	0.146673	-0.544993	-0.202495	0.302394	-0.274095	-1.24689	1.2218	-0.464423	
0.0371578	0.418078	-0.562805	-1.1359	0.649407	-0.542228	1.23742	0.0819565	1.09247	0.682358	-0.0651413	-1.65068	1.10856	-0.737915	1.61985	0.143602	-0.643804	0.0121038	1.3549	1.06916	0.282679	-0.402652	-0.161287	0.310031	-0.0236687	-1.19671	1.1797	-0.424153	
0.223812	0.656975	-0.519678	-1.16451	0.638347	-0.506766	1.10503	0.0576959	0.905078	0.534742	-0.14348	-1.63149	1.07934	-0.677484	1.33877	0.228857	-0.54028	0.0872803	1.24695	0.869984	0.354745	-0.282586	-0.140222	0.344053	0.12987	-1.15632	1.07603	-0.379327	
0.369538	0.608778	-0.511193	-1.18748	0.547915	-0.452883	0.977192	0.041222	0.933247	0.472208	-0.336234	-1.56159	0.780387	-0.617492	1.14	0.321899	-0.468437	0.121647	1.19707	0.883473	0.363113	-0.194261	-0.171203	0.37923	0.170182	-1.12913	0.946394	-0.333726	
0.471873	0.319019	-0.507157	-1.16542	0.413197	-0.3951	0.858727	0.0177492	1.0698	0.454966	-0.52595	-1.47122	0.387427	-0.551474	1.02474	0.388602	-0.409565	0.110449	1.1721	1.02384	0.335137	-0.129967	-0.276876	0.392171	0.11819	-1.10221	0.826075	-0.290501	
0.549238	-0.0744321	-0.475315	-1.06272	0.278861	-0.340987	0.737665	-0.027718	1.14399	0.424259	-0.593459	-1.37015	0.111121	-0.484981	0.950115	0.399334	-0.331327	0.0676908	1.12977	1.13862	0.310928	-0.0663008	-0.455519	0.366611	0.0260616	-1.04983	0.736664	-0.25044	
0.627117	-0.407545	-0.393596	-0.86103	0.182126	-0.291787	0.596954	-0.0932635	0.9975	0.34085	-0.472987	-1.26141	0.107446	-0.423419	0.852246	0.360867	-0.204178	0.0183601	1.04067	1.0867	0.328566	0.0223134	-0.685279	0.302382	-0.0555948	-0.94374	0.679617	-0.211669	
0.719894	-0.532296	-0.271279	-0.577983	0.13082	-0.246015	0.428002	-0.163716	0.587228	0.209698	-0.210592	-1.1384	0.385998	-0.385358	0.698181	0.299386	-0.0206716	-0.0138939	0.898047	0.82215	0.401919	0.145084	-0.917991	0.211157	-0.105383	-0.779489	0.634276	-0.174841	
0.825205	-0.390045	-0.136966	-0.255932	0.109349	-0.204451	0.229482	-0.22541	0.00179259	0.0715915	0.0827326	-0.980867	0.857181	-0.376639	0.49774	0.23868	0.20293	-0.0245037	0.719228	0.404609	0.514761	0.288837	-1.11799	0.106229	-0.120605	-0.573161	0.577776	-0.14439	
0.917912	-0.0326765	-0.0280636	0.0396391	0.0798537	-0.172622	0.0175865	-0.260995	-0.569491	-0.0146627	0.276649	-0.803466	1.35249	-0.388296	0.307665	0.20719	0.42905	-0.0278143	0.534649	-0.0160003	0.627469	0.41738	-1.26403	0.000956969	-0.122739	-0.365712	0.491391	-0.121768	
0.968796	0.410454	0.0303733	0.25003	0.00497411	-0.156356	-0.188359	-0.272162	-0.929307	-0.0129902	0.278482	-0.626657	1.70857	-0.390647	0.195534	0.214882	0.618288	-0.0521916	0.374434	-0.292115	0.690517	0.490026	-1.36632	-0.0982766	-0.126142	-0.215709	0.371247	-0.101067	
0.956528	0.79523	0.0366624	0.346209	-0.138897	-0.161452	-0.371387	-0.266484	-0.960516	0.0777033	0.0845007	-0.481162	1.81975	-0.339035	0.200008	0.26335	0.746747	-0.127892	0.247651	-0.32772	0.670075	0.479466	-1.4655	-0.19042	-0.135285	-0.161847	0.225629	-0.071239	
0.877885	1.01357	0.0122679	0.329838	-0.350365	-0.192428	-0.521896	-0.263273	-0.660707	0.221647	-0.21996	-0.405706	1.69166	-0.196492	0.315724	0.334582	0.812104	-0.26907	0.141174	-0.119202	0.559468	0.383137	-1.59716	-0.28029	-0.140888	-0.219537	0.0714856	-0.0206393	
0.762237	1.0262	0.00263872	0.24626	-0.595044	-0.237896	-0.640061	-0.275154	-0.177383	0.354086	-0.483855	-0.41254	1.40402	0.0474853	0.471606	0.419063	0.843839	-0.458038	0.0344151	0.21699	0.391018	0.237366	-1.7837	-0.364117	-0.12418	-0.362967	-0.0730309	0.0640171	
0.653185	0.899507	0.0500205	0.159989	-0.827557	-0.277097	-0.733713	-0.304495	0.274425	0.414756	-0.579951	-0.489809	1.05292	0.3673	0.567419	0.508927	0.881439	-0.653218	-0.0972	0.51895	0.22026	0.101232	-2.0175	-0.433027	-0.074102	-0.529053	-0.202231	0.190151	
0.598618	0.758734	0.177889	0.136369	-1.0027	-0.287578	-0.810732	-0.349105	0.512454	0.376942	-0.444093	-0.583047	0.722336	0.700799	0.515339	0.582992	0.960692	-0.802402	-0.256906	0.64497	0.102962	0.0349927	-2.25813	-0.477121	0.00272018	-0.646415	-0.317189	0.341399	
0.62137	0.720853	0.379073	0.216443	-1.09336	-0.253069	-0.871177	-0.392796	0.442786	0.251554	-0.100611	-0.633571	0.447862	0.962886	0.276664	0.628343	1.09309	-0.86023	-0.431285	0.529893	0.077455	0.0771011	-2.44106	-0.48844	0.0843992	-0.64531	-0.424414	0.485131	
0.711563	0.857539	0.616735	0.402323	-1.09294	-0.177202	-0.904152	-0.423635	0.110492	0.0849389	0.332372	-0.583186	0.224482	1.07582	-0.102452	0.62548	1.25734	-0.807299	-0.587746	0.212316	0.145642	0.22449	-2.49321	-0.471259	0.142329	-0.504374	-0.521293	0.573678	
0.832826	1.15583	0.842645	0.666094	-1.01326	-0.0840075	-0.889189	-0.430903	-0.327511	-0.0576643	0.706917	-0.408059	0.0344925	0.983399	-0.503819	0.561463	1.41459	-0.660987	-0.691263	-0.175799	0.279076	0.43663	-2.37785	-0.441365	0.160053	-0.24884	-0.588982	0.558644	
