-0.105214	-0.121355	0.0837414	0.503318	-0.595722	0.133549	1.8902	-1.08479	-1.01108	-1.32686	0.500362	-0.529815	0.369698	-0.0179646	0.0510137	-0.856582	0.573454	0.194858	-0.346216	-0.733323	0.508653	0.689591	-0.314288	-0.145388	0.161629	0.404389	1.84596	-0.721834	
-0.361559	0.050041	-0.238908	0.712828	-0.645356	0.102084	2.04897	-0.815525	-0.934907	-1.31447	-0.304164	-0.428639	0.166193	0.140445	-0.103632	-1.03329	0.484836	0.227078	0.0955541	-0.577921	0.325556	0.621741	-0.173804	0.0434156	-0.00645277	0.666948	1.86508	-0.612155	
-0.619971	0.194181	-0.480361	0.761908	-0.586442	-0.0104307	2.03201	-0.463696	-0.733276	-1.17117	-0.914289	-0.0972448	-0.113892	0.237279	-0.209062	-1.19167	0.34872	0.233091	0.603391	-0.348329	0.127712	0.449464	0.00781337	0.219695	-0.108122	0.669362	1.68279	-0.519488	
-0.878613	0.207004	-0.61304	0.559233	-0.375968	-0.128978	1.83565	-0.030113	-0.426539	-0.874753	-1.24485	0.343192	-0.432304	0.222037	-0.258005	-1.26295	0.132159	0.231063	1.1326	-0.0633193	-0.0507763	0.188859	0.244743	0.401623	-0.101451	0.349154	1.31488	-0.420568	
-1.11764	0.0424263	-0.664703	0.119474	-0.0356363	-0.165575	1.5199	0.459419	-0.0706487	-0.451002	-1.31034	0.692946	-0.709045	0.0972745	-0.258167	-1.18237	-0.175466	0.233	1.61767	0.238638	-0.20006	-0.112681	0.523212	0.600353	-0.0130366	-0.24304	0.847616	-0.282529	
-1.30395	-0.270086	-0.701884	-0.451208	0.352559	-0.0737501	1.16933	0.942414	0.273926	0.0392703	-1.20486	0.79162	-0.852789	-0.10482	-0.212441	-0.931028	-0.556547	0.238824	1.98752	0.517352	-0.331865	-0.39746	0.804961	0.806303	0.0956675	-0.927431	0.394992	-0.0946333	
-1.40019	-0.646965	-0.795183	-1.0092	0.685272	0.130249	0.867248	1.3474	0.560198	0.519873	-1.05392	0.555983	-0.783332	-0.310307	-0.115094	-0.527928	-0.96922	0.234605	2.17991	0.742204	-0.472135	-0.624914	1.03516	0.986571	0.143902	-1.48648	0.0679306	0.13834	
-1.38247	-0.974875	-0.98586	-1.41222	0.843989	0.378733	0.661287	1.60843	0.763265	0.919052	-0.947538	0.0441613	-0.484385	-0.424549	0.046028	-0.0293128	-1.35604	0.199201	2.15566	0.895018	-0.643607	-0.772988	1.15465	1.09385	0.0483595	-1.70549	-0.0852747	0.39292	
-1.25365	-1.16624	-1.25477	-1.57119	0.773391	0.578983	0.51535	1.69448	0.886364	1.2018	-0.922963	-0.572283	-0.0204531	-0.387155	0.269819	0.495032	-1.65335	0.116609	1.91002	0.977193	-0.843363	-0.84421	1.12268	1.08785	-0.217719	-1.45673	-0.108869	0.64335	
-1.04686	-1.19034	-1.52219	-1.48109	0.505962	0.656882	0.351932	1.61698	0.953088	1.36944	-0.960472	-1.06488	0.471714	-0.193832	0.533513	0.975811	-1.8103	-0.010678	1.47728	1.00128	-1.03337	-0.855227	0.937248	0.952895	-0.609555	-0.78005	-0.107242	0.862044	
-0.8188	-1.07813	-1.68125	-1.22255	0.135239	0.58061	0.0861108	1.4269	1.00077	1.45948	-0.988803	-1.26208	0.838287	0.109961	0.798666	1.36527	-1.7999	-0.158032	0.93332	0.991994	-1.1511	-0.828721	0.641786	0.709283	-1.03165	0.114894	-0.19965	1.02807	
-0.632596	-0.905686	-1.63974	-0.906058	-0.196331	0.374345	-0.327157	1.1957	1.0488	1.51168	-0.940289	-1.12269	0.953349	0.432625	1.00606	1.6438	-1.62855	-0.28965	0.369761	0.963505	-1.13636	-0.782479	0.30814	0.40481	-1.34841	0.963084	-0.453337	1.13366	
-0.538996	-0.75405	-1.36602	-0.629035	-0.365788	0.108329	-0.863276	0.985978	1.10474	1.55783	-0.784701	-0.736376	0.771565	0.668008	1.10016	1.80671	-1.33695	-0.370594	-0.119429	0.92686	-0.960369	-0.722591	0.0175384	0.105133	-1.45004	1.52976	-0.856935	1.17253	
-0.556467	-0.682873	-0.90875	-0.445229	-0.308855	-0.124684	-1.40801	0.835498	1.16016	1.59945	-0.549123	-0.319807	0.367415	0.725693	1.06003	1.86112	-0.98833	-0.377628	-0.460006	0.886366	-0.645248	-0.643876	-0.163499	-0.127723	-1.27952	1.63808	-1.28728	1.14309	
-0.667409	-0.70054	-0.390963	-0.35672	-0.0619849	-0.26213	-1.78798	0.743188	1.19475	1.60897	-0.301621	-0.0746972	-0.112254	0.594805	0.904827	1.82028	-0.660986	-0.317184	-0.615484	0.840936	-0.26838	-0.546996	-0.210665	-0.260806	-0.874174	1.28708	-1.56779	1.04393	
-0.825712	-0.76024	0.0345294	-0.323658	0.257677	-0.297774	-1.85254	0.673636	1.18753	1.54674	-0.123206	-0.102609	-0.493778	0.332589	0.690735	1.69404	-0.420343	-0.220197	-0.592021	0.791474	0.0622416	-0.444909	-0.145157	-0.297489	-0.351354	0.65102	-1.54741	0.876176	
-0.969002	-0.805963	0.251928	-0.294637	0.522525	-0.244665	-1.53111	0.586996	1.12855	1.38194	-0.0821572	-0.379067	-0.655537	0.0290726	0.488353	1.4824	-0.301194	-0.121902	-0.430306	0.739072	0.253704	-0.347003	-0.0163476	-0.26151	0.157639	-0.0695905	-1.16327	0.651083	
-1.03597	-0.776745	0.215471	-0.250431	0.610383	-0.167855	-0.857706	0.44731	1.01843	1.10874	-0.180868	-0.729646	-0.570346	-0.198452	0.362689	1.19444	-0.297392	-0.0512258	-0.19168	0.686341	0.264313	-0.271544	0.113708	-0.194738	0.505802	-0.655655	-0.47971	0.382339	
-0.989264	-0.650083	-0.0156702	-0.177881	0.489233	-0.106834	-0.0111102	0.25039	0.86421	0.756713	-0.373256	-0.965148	-0.314537	-0.289784	0.326727	0.843819	-0.354805	-0.0113006	0.0539025	0.63063	0.126135	-0.212913	0.197114	-0.126474	0.628311	-0.982449	0.311084	0.103248	
-0.820765	-0.448291	-0.312316	-0.105373	0.216971	-0.0826237	0.767315	0.0208356	0.677596	0.38336	-0.576094	-0.906419	-0.0490899	-0.222933	0.339265	0.455767	-0.399555	0.0205654	0.252932	0.566393	-0.0642404	-0.157288	0.216266	-0.0677634	0.522796	-1.03707	0.959306	-0.149532	
-0.560548	-0.218197	-0.523136	-0.0700613	-0.0837412	-0.102246	1.24668	-0.204896	0.473204	0.0545857	-0.701599	-0.517806	0.0843314	-0.0453235	0.333863	0.0619917	-0.361069	0.0793985	0.376406	0.488648	-0.187004	-0.0872729	0.188462	-0.0163656	0.270508	-0.891652	1.26157	-0.348718	
-0.259631	-0.0218267	-0.534105	-0.0814598	-0.273993	-0.128879	1.283	-0.381084	0.261914	-0.17773	-0.687196	0.0792212	0.00026518	0.157072	0.228945	-0.303224	-0.200889	0.194361	0.423883	0.392456	-0.148298	0.0206526	0.148135	0.0441225	-0.0148437	-0.671135	1.12259	-0.472304	
0.0183243	0.110814	-0.320585	-0.136055	-0.266093	-0.158959	0.882244	-0.490836	0.0523485	-0.298698	-0.526336	0.696895	-0.282374	0.310791	-0.0192019	-0.612499	0.0648979	0.363217	0.415047	0.279743	0.0760868	0.15674	0.12944	0.115616	-0.22743	-0.413096	0.604056	-0.524079	
0.218761	0.168414	0.0577743	-0.191748	-0.0388361	-0.161274	0.174296	-0.527221	-0.136539	-0.318044	-0.267758	1.08616	-0.641805	0.364793	-0.398158	-0.852653	0.376665	0.556589	0.385027	0.166471	0.429047	0.30588	0.154205	0.19858	-0.292563	-0.200202	-0.10548	-0.510356	
0.30886	0.177038	0.46451	-0.227165	0.321605	-0.163789	-0.593671	-0.515218	-0.289457	-0.2804	0.0140515	1.15701	-0.91653	0.33335	-0.823125	-1.02406	0.636911	0.714189	0.367793	0.0745697	0.788941	0.412466	0.214552	0.266773	-0.211652	0.00559143	-0.752081	-0.461031	
0.278686	0.178061	0.760581	-0.210895	0.6833	-0.182393	-1.20295	-0.479893	-0.386777	-0.226894	0.241475	0.915278	-0.96751	0.267767	-1.18475	-1.13795	0.760519	0.773481	0.383527	0.0271495	1.01937	0.430632	0.283346	0.296235	-0.0291822	0.244317	-1.14245	-0.392052	
0.160422	0.19592	0.846442	-0.141537	0.908562	-0.211466	-1.48568	-0.437421	-0.420548	-0.196792	0.367906	0.517008	-0.755481	0.227675	-1.379	-1.21188	0.699593	0.701822	0.437731	0.0318962	1.02491	0.340359	0.326469	0.276238	0.166713	0.506675	-1.18363	-0.312869	
0.000866263	0.235729	0.700011	-0.0554226	0.913187	-0.254173	-1.40006	-0.393657	-0.386706	-0.199425	0.377339	0.192646	-0.338727	0.245668	-1.33749	-1.25418	0.46105	0.50835	0.520815	0.0861395	0.790612	0.147381	0.324882	0.21212	0.299171	0.750817	-0.916897	-0.230004	
-0.140334	0.265942	0.386214	0.0271238	0.700768	-0.261258	-1.0451	-0.329067	-0.296579	-0.218184	0.303991	0.0705556	0.138597	0.310244	-1.07793	-1.26561	0.115585	0.25236	0.609512	0.167349	0.389912	-0.0850168	0.27969	0.139779	0.310444	0.886033	-0.501536	-0.133441	
-0.214612	0.249045	0.0132982	0.0704152	0.354159	-0.197765	-0.586856	-0.229196	-0.173984	-0.230351	0.187346	0.231041	0.506133	0.366022	-0.67757	-1.24232	-0.241172	0.0180986	0.675512	0.240488	-0.0471066	-0.28301	0.216109	0.0994819	0.195062	0.849694	-0.124949	-0.0229659	
-0.20138	0.146774	-0.304088	0.0720252	0.00602111	-0.0325456	-0.217939	-0.0765475	-0.0335979	-0.198373	0.0682697	0.53311	0.6476	0.354963	-0.247951	-1.1642	-0.514779	-0.113581	0.699253	0.281585	-0.386704	-0.370793	0.172404	0.130568	-0.018842	0.595267	0.0642896	0.109241	
-0.112508	-0.0498301	-0.499096	0.0465648	-0.223279	0.217692	-0.0581752	0.119925	0.113973	-0.106076	-0.0348102	0.798486	0.541571	0.220394	0.11481	-1.02105	-0.657051	-0.102158	0.669789	0.280523	-0.546049	-0.317387	0.177314	0.240323	-0.275769	0.193437	0.0201603	0.248334	
-0.00140822	-0.316642	-0.567986	0.00473492	-0.260528	0.496203	-0.134789	0.336381	0.275702	0.0532262	-0.130536	0.831098	0.265986	-0.0246056	0.36003	-0.802877	-0.680524	0.0344573	0.591523	0.255183	-0.52175	-0.149946	0.241541	0.404619	-0.507167	-0.239539	-0.19527	0.382945	
0.0679222	-0.602978	-0.56629	-0.0387349	-0.118658	0.722349	-0.371497	0.537109	0.46743	0.267826	-0.237369	0.511706	-0.0395722	-0.30142	0.503426	-0.508049	-0.64978	0.225534	0.477688	0.242072	-0.392099	0.0538661	0.343967	0.569657	-0.66883	-0.55142	-0.447969	0.504178	
0.0271799	-0.853408	-0.580638	-0.110767	0.123567	0.8084	-0.626002	0.684127	0.702229	0.516143	-0.376494	-0.0781357	-0.228282	-0.50845	0.622049	-0.145339	-0.659065	0.373234	0.350782	0.282865	-0.274772	0.183207	0.4464	0.670326	-0.732203	-0.627459	-0.591642	0.602215	
-0.164885	-1.0281	-0.67745	-0.232106	0.352708	0.723409	-0.764884	0.762613	0.979186	0.777852	-0.543115	-0.782724	-0.219368	-0.539554	0.79552	0.265817	-0.778422	0.395649	0.232733	0.407129	-0.274106	0.157537	0.5039	0.66442	-0.707223	-0.450453	-0.54284	0.686835	
-0.505531	-1.11677	-0.879358	-0.435748	0.475638	0.486273	-0.69131	0.772047	1.2689	1.02611	-0.720226	-1.3336	-0.0302651	-0.361028	1.07455	0.694406	-1.03234	0.260002	0.140374	0.60931	-0.432577	-0.0540494	0.488758	0.541471	-0.609815	-0.104106	-0.293425	0.762386	
-0.947736	-1.1468	-1.15161	-0.731741	0.454611	0.177388	-0.398407	0.740506	1.52351	1.24771	-0.880849	-1.5695	0.239924	-0.0129395	1.4444	1.11116	-1.37845	0.00203629	0.0906521	0.859723	-0.710718	-0.404995	0.405854	0.341217	-0.466473	0.237105	0.0824201	0.842079	
-1.40738	-1.15196	-1.41953	-1.06974	0.303941	-0.102143	0.0356397	0.69942	1.67946	1.42498	-1.00658	-1.42506	0.454351	0.396513	1.81802	1.47177	-1.71714	-0.289314	0.0878091	1.09832	-1.00522	-0.785931	0.284273	0.130395	-0.328245	0.444447	0.455333	0.923644	
-1.78577	-1.16936	-1.59777	-1.38417	0.103339	-0.257814	0.487029	0.677288	1.67982	1.53991	-1.09543	-0.984697	0.487742	0.718048	2.06565	1.73271	-1.93317	-0.497597	0.135507	1.26321	-1.18559	-1.06325	0.179386	-0.0125572	-0.225382	0.414018	0.71351	0.995496	
-1.99812	-1.20378	-1.62127	-1.56571	-0.0585353	-0.248299	0.812112	0.688904	1.49827	1.57835	-1.17006	-0.465242	0.279091	0.837295	2.0567	1.85728	-1.93268	-0.527318	0.229897	1.30983	-1.15469	-1.12565	0.141329	-0.0293102	-0.192297	0.185146	0.776096	1.04276	
-2	-1.24068	-1.47073	-1.53168	-0.105005	-0.0876945	0.902241	0.731166	1.14996	1.53044	-1.26335	-0.0842463	-0.146873	0.70116	1.71596	1.8179	-1.68524	-0.333094	0.370576	1.22578	-0.880503	-0.92666	0.205485	0.102195	-0.248875	-0.115044	0.620713	1.04622	
-1.80427	-1.2466	-1.17308	-1.25443	-0.00364878	0.160884	0.699892	0.794315	0.69592	1.40676	-1.40021	0.017573	-0.692739	0.353486	1.04822	1.60618	-1.2356	0.0600857	0.55405	1.04397	-0.413695	-0.505288	0.373874	0.36301	-0.388714	-0.332797	0.27026	1.00268	
-1.47584	-1.19121	-0.795443	-0.773488	0.213588	0.410805	0.229941	0.860862	0.221681	1.22805	-1.58657	-0.146508	-1.22825	-0.0746252	0.152671	1.24764	-0.692288	0.565653	0.769703	0.816202	0.130557	0.0287871	0.612492	0.697053	-0.599601	-0.32421	-0.220364	0.922809	
-1.10706	-1.07072	-0.412727	-0.194856	0.486356	0.612648	-0.448801	0.924783	-0.184366	1.03788	-1.78341	-0.46051	-1.63693	-0.445565	-0.810307	0.800431	-0.188975	1.06904	1.00118	0.60769	0.618699	0.539905	0.866608	1.04061	-0.830181	-0.0676881	-0.804304	0.840673	
-0.797777	-0.89785	-0.0943391	0.350275	0.72483	0.738796	-1.22014	0.981227	-0.461383	0.876038	-1.93646	-0.701313	-1.84529	-0.628206	-1.66333	0.335668	0.158892	1.45866	1.21953	0.461154	0.93972	0.904557	1.07089	1.33095	-1.04535	0.379825	-1.4279	0.788435	
-0.614635	-0.71967	0.122302	0.731123	0.870267	0.817344	-1.95752	1.03414	-0.585775	0.778677	-1.97993	-0.700588	-1.84784	-0.580977	-2.26373	-0.0624657	0.291403	1.6701	1.39709	0.397254	1.04796	1.05967	1.18053	1.5327	-1.19745	0.821096	-2.03444	0.793481	
-0.583014	-0.579575	0.229202	0.889162	0.891463	0.888673	-2.55873	1.08222	-0.585153	0.758346	-1.87865	-0.395228	-1.68835	-0.341036	-2.54738	-0.332697	0.221379	1.68775	1.49884	0.400555	0.960754	1.01373	1.17101	1.63275	-1.25207	1.12273	-2.56676	0.860214	
-0.667821	-0.498029	0.248262	0.85133	0.794827	1.0061	-2.95257	1.11806	-0.522684	0.792831	-1.64418	0.130861	-1.44293	-0.00108319	-2.53964	-0.450112	0.0334203	1.55257	1.50028	0.428208	0.752538	0.850705	1.04839	1.6435	-1.21074	1.16901	-2.96558	0.974617	
-0.797012	-0.46056	0.218987	0.700421	0.624379	1.16691	-3.12303	1.12127	-0.475789	0.839438	-1.32369	0.725629	-1.19079	0.317523	-2.33827	-0.439504	-0.154896	1.333	1.38791	0.436216	0.519399	0.671367	0.842802	1.58112	-1.08938	0.982023	-3.17179	1.09647	
-0.886167	-0.423963	0.180502	0.557694	0.437906	1.33704	-3.07987	1.06974	-0.510975	0.839642	-1.01571	1.18974	-0.998586	0.536745	-2.07244	-0.366264	-0.23396	1.10548	1.17117	0.388208	0.345761	0.5716	0.600601	1.46676	-0.9289	0.675739	-3.13873	1.18137	
-0.868162	-0.338875	0.16969	0.527768	0.294936	1.46928	-2.90887	0.958101	-0.651223	0.763313	-0.806208	1.36358	-0.910379	0.624811	-1.87153	-0.305527	-0.138141	0.929168	0.883302	0.283254	0.280137	0.604338	0.37089	1.32212	-0.766797	0.415863	-2.89863	1.20394	
-0.72461	-0.176988	0.201823	0.647306	0.239706	1.51139	-2.70002	0.798621	-0.876367	0.609053	-0.756343	1.22745	-0.933302	0.610842	-1.81101	-0.335228	0.126789	0.832454	0.574198	0.145818	0.325547	0.758577	0.197	1.16602	-0.639868	0.347002	-2.52238	1.15668	
-0.487616	0.0417059	0.2713	0.870483	0.28522	1.44407	-2.53112	0.626433	-1.11384	0.422386	-0.868979	0.859992	-1.04279	0.554805	-1.88779	-0.476333	0.488615	0.816099	0.303635	0.0292768	0.448392	0.972669	0.108253	1.01898	-0.576401	0.484779	-2.12299	1.06092	
-0.239521	0.246038	0.351269	1.09919	0.424068	1.28714	-2.46587	0.488716	-1.26553	0.284827	-1.08531	0.406574	-1.20093	0.494594	-2.03388	-0.703161	0.831156	0.854714	0.11817	-0.00549613	0.592495	1.1607	0.115733	0.900515	-0.578924	0.795867	-1.82263	0.949659	
-0.0760607	0.336695	0.405572	1.20925	0.633386	1.10039	-2.50941	0.433891	-1.22487	0.285774	-1.32812	-0.00714249	-1.34797	0.443806	-2.13472	-0.939123	1.03458	0.915523	0.0480326	0.094396	0.704343	1.24564	0.214012	0.829233	-0.630929	1.10151	-1.70159	0.864051	
-0.0818763	0.222153	0.393276	1.10082	0.865531	0.927294	-2.62408	0.482839	-0.905008	0.496212	-1.50078	-0.286507	-1.4094	0.367548	-2.06539	-1.08309	1.01349	0.962509	0.09275	0.360478	0.74157	1.17368	0.378578	0.805897	-0.725591	1.25481	-1.77653	0.81898	
-0.28804	-0.146621	0.291962	0.745309	1.08674	0.801295	-2.73331	0.623871	-0.274907	0.927637	-1.55378	-0.4638	-1.32967	0.213856	-1.73097	-1.05529	0.747691	0.970923	0.221862	0.782773	0.689038	0.94414	0.575819	0.818922	-0.831243	1.13573	-1.97714	0.807366	
-0.658864	-0.737052	0.106763	0.200336	1.25577	0.709934	-2.77603	0.809512	0.641849	1.52926	-1.48701	-0.614047	-1.08277	-0.0534223	-1.10837	-0.81289	0.28939	0.92416	0.381915	1.31514	0.551535	0.597419	0.760834	0.836421	-0.925107	0.750143	-2.20809	0.803449	
-1.09743	-1.44225	-0.117906	-0.423614	1.37152	0.608686	-2.72121	0.972628	1.74968	2.19015	-1.34082	-0.828141	-0.695309	-0.442139	-0.248866	-0.397745	-0.251335	0.821008	0.512559	1.87512	0.36045	0.199651	0.898736	0.82047	-0.976629	0.189728	-2.35753	0.770712	
-1.47421	-2.11513	-0.319259	-0.993216	1.44091	0.446546	-2.57148	1.05119	2.90735	2.76522	-1.19315	-1.14955	-0.23038	-0.891419	0.735203	0.0981708	-0.746453	0.673996	0.569065	2.36003	0.157659	-0.178526	0.965498	0.741095	-0.960247	-0.417789	-2.35633	0.685388	
-1.67362	-2.61025	-0.431676	-1.40291	1.48624	0.197982	-2.3896	1.01311	3.95313	3.1248	-1.10017	-1.53955	0.211864	-1.30661	1.68673	0.553016	-1.08803	0.505754	0.533314	2.67102	-0.0140442	-0.480266	0.958062	0.592134	-0.859554	-0.922351	-2.21574	0.547393	
-1.62707	-2.83632	-0.408678	-1.60884	1.5521	-0.115968	-2.24802	0.866611	4.73297	3.17736	-1.09639	-1.90044	0.535131	-1.57674	2.45683	0.848014	-1.22308	0.345786	0.419182	2.72407	-0.117563	-0.678993	0.898055	0.394805	-0.654046	-1.2534	-1.99197	0.386789	
-1.34225	-2.78094	-0.253244	-1.62727	1.64976	-0.429355	-2.20431	0.654341	5.13806	2.90104	-1.14971	-2.09878	0.703021	-1.63388	2.94378	0.914368	-1.16539	0.225674	0.270309	2.47941	-0.135848	-0.774141	0.819857	0.194588	-0.374781	-1.38835	-1.77814	0.242377	
-0.898569	-2.51632	-0.0083257	-1.52448	1.79621	-0.654618	-2.27486	0.443452	5.11427	2.33966	-1.19946	-2.06219	0.720145	-1.46829	3.11055	0.748331	-0.98439	0.172112	0.144667	1.9436	-0.0698493	-0.786611	0.768345	0.0498384	-0.0532119	-1.3694	-1.63667	0.156278	
-0.424468	-2.16668	0.248274	-1.36932	1.9705	-0.706255	-2.42822	0.298652	4.6802	1.58374	-1.17939	-1.7848	0.663469	-1.13962	2.98339	0.408374	-0.775785	0.202388	0.0993769	1.17197	0.0579452	-0.73876	0.779305	0.0122721	0.259701	-1.26347	-1.59479	0.152211	
-0.0492817	-1.85474	0.447132	-1.22126	2.14149	-0.558487	-2.60687	0.25746	3.90476	0.744632	-1.02829	-1.34701	0.642962	-0.759999	2.63588	-0.0204636	-0.617133	0.31942	0.1712	0.259629	0.218067	-0.653685	0.871453	0.106648	0.511292	-1.10606	-1.629	0.220468	
0.146603	-1.66032	0.549536	-1.07019	2.27276	-0.222314	-2.74756	0.320367	2.87969	-0.0963681	-0.744774	-0.89038	0.740529	-0.450308	2.1451	-0.463303	-0.535672	0.518658	0.364144	-0.698204	0.384654	-0.523979	1.03863	0.329456	0.670606	-0.895351	-1.68858	0.326799	
0.158854	-1.5856	0.573347	-0.884785	2.32681	0.22704	-2.8253	0.456423	1.70109	-0.883058	-0.365967	-0.534698	0.985866	-0.29971	1.56211	-0.869835	-0.497551	0.789966	0.655489	-1.60637	0.548384	-0.331416	1.25549	0.651257	0.721632	-0.6103	-1.74312	0.424158	
0.0627867	-1.56228	0.593566	-0.600024	2.3122	0.704922	-2.87906	0.620308	0.43901	-1.60358	0.0233391	-0.351607	1.297	-0.335623	0.886787	-1.24496	-0.418776	1.12184	0.995593	-2.41034	0.722798	-0.0463522	1.48801	1.0306	0.693595	-0.221526	-1.79853	0.480525	
-0.0208453	-1.48964	0.698772	-0.174439	2.24463	1.15143	-2.9874	0.7745	-0.866019	-2.26827	0.338827	-0.308824	1.54194	-0.512349	0.0776166	-1.62347	-0.207568	1.50791	1.33224	-3.09047	0.935909	0.357093	1.70196	1.43404	0.622368	0.261115	-1.9201	0.489254	
0.0282176	-1.27379	0.957347	0.38545	2.16202	1.53113	-3.24531	0.904581	-2.1972	-2.89133	0.519176	-0.283738	1.55419	-0.728793	-0.923707	-2.03611	0.19433	1.93856	1.61985	-3.66347	1.21345	0.87322	1.87375	1.84094	0.551622	0.803689	-2.18899	0.481147	
0.281945	-0.871181	1.36983	1.03087	2.0994	1.86932	-3.70484	1.02359	-3.54065	-3.4709	0.538085	-0.139585	1.21031	-0.866237	-2.15097	-2.48821	0.777144	2.40224	1.83076	-4.16494	1.56145	1.47168	1.99576	2.24797	0.506058	1.33121	-2.65983	0.509964	
0.733964	-0.303838	1.86467	1.66289	2.064	2.19984	-4.35823	1.16043	-4.8703	-3.97535	0.431855	0.238774	0.504509	-0.825856	-3.57346	-2.93734	1.45744	2.87096	1.95675	-4.62087	1.95227	2.08167	2.06805	2.65417	0.475486	1.78527	-3.32914	0.631619	
1.3011	0.345821	2.3132	2.1979	2.03906	2.57262	-5.12144	1.34619	-6.13949	-4.36493	0.261323	0.863566	-0.460887	-0.556093	-5.09291	-3.30175	2.10529	3.30608	2.00203	-5.05023	2.32438	2.6279	2.09459	3.05568	0.416441	2.13642	-4.10762	0.885999	
1.85138	0.969107	2.57786	2.55644	1.97664	2.98264	-5.85281	1.58906	-7.28104	-4.59739	0.0982299	1.67789	-1.46904	-0.0580847	-6.54686	-3.48716	2.5826	3.6606	1.97965	-5.44257	2.60252	3.03112	2.07853	3.42953	0.279818	2.39529	-4.85102	1.26731	
2.25918	1.47046	2.58019	2.72904	1.83814	3.39615	-6.4204	1.86644	-8.22283	-4.65699	0.000262462	2.52001	-2.29584	0.595648	-7.75707	-3.43658	2.80589	3.89375	1.89537	-5.77545	2.72709	3.25141	2.01895	3.73846	0.0401071	2.61844	-5.40601	1.72641	
2.44703	1.7947	2.33135	2.76368	1.60661	3.75614	-6.73	2.12766	-8.91387	-4.56853	-0.00718598	3.19888	-2.77188	1.2901	-8.58168	-3.15586	2.77276	3.98849	1.74879	-6.02686	2.68243	3.30358	1.91502	3.94262	-0.282458	2.8634	-5.67245	2.17777	
2.41585	1.94842	1.94297	2.73601	1.3079	3.99833	-6.77633	2.31157	-9.32921	-4.38662	0.0647275	3.58987	-2.8442	1.8849	-8.95374	-2.72203	2.56654	3.95836	1.53908	-6.17952	2.50895	3.24487	1.77337	4.0151	-0.625734	3.12673	-5.64356	2.52763	
2.23688	1.97711	1.5807	2.71496	1.01205	4.08102	-6.61454	2.37054	-9.47301	-4.17786	0.172516	3.62202	-2.60641	2.27545	-8.89501	-2.25141	2.31876	3.84733	1.27129	-6.22859	2.29234	3.15478	1.61478	3.95457	-0.904178	3.34115	-5.39239	2.70538	
2.01494	1.94051	1.39971	2.7375	0.805694	4.00285	-6.35689	2.284	-9.37272	-3.99607	0.270167	3.33292	-2.23678	2.3892	-8.50954	-1.87801	2.15557	3.71346	0.962957	-6.17577	2.13201	3.10671	1.46917	3.78946	-1.02575	3.43181	-5.06682	2.67994	
1.84659	1.87953	1.47462	2.77841	0.757064	3.79353	-6.09286	2.07457	-9.05261	-3.85567	0.32199	2.83062	-1.93333	2.21774	-7.93376	-1.68253	2.14186	3.60789	0.652588	-6.01872	2.09494	3.12801	1.37203	3.56857	-0.969468	3.31637	-4.79223	2.4745	
1.78084	1.79547	1.76726	2.77353	0.894333	3.5071	-5.86563	1.79805	-8.52792	-3.72417	0.312076	2.22723	-1.83306	1.80951	-7.29735	-1.67319	2.25091	3.55629	0.391922	-5.74535	2.19177	3.19628	1.35384	3.34597	-0.755817	2.95939	-4.6414	2.15237	
1.80089	1.6521	2.13808	2.62791	1.18491	3.19651	-5.65809	1.52643	-7.79468	-3.52905	0.253713	1.63124	-1.9515	1.26316	-6.67596	-1.78412	2.3756	3.5441	0.232817	-5.32659	2.36146	3.23525	1.42493	3.15804	-0.476716	2.38683	-4.59621	1.79919	
1.83618	1.39315	2.40091	2.27687	1.53614	2.88854	-5.39782	1.32005	-6.85266	-3.19861	0.187624	1.09123	-2.18972	0.711317	-6.08869	-1.8981	2.3708	3.51967	0.206702	-4.74312	2.49355	3.14858	1.56531	3.00882	-0.243792	1.72706	-4.56372	1.49398	
1.8024	0.977733	2.40624	1.70613	1.84437	2.58532	-5.03027	1.20959	-5.716	-2.68094	0.146162	0.630646	-2.36925	0.25586	-5.51456	-1.90911	2.12054	3.42133	0.316789	-3.98708	2.47806	2.86322	1.73356	2.87392	-0.136586	1.13363	-4.44193	1.28047	
1.64607	0.4041	2.10726	0.964196	2.02197	2.27492	-4.52698	1.19184	-4.43522	-1.97457	0.164495	0.226855	-2.34528	-0.029971	-4.91532	-1.74774	1.59315	3.20144	0.530577	-3.08592	2.25202	2.36197	1.87632	2.71286	-0.187733	0.705529	-4.15461	1.16802	
1.36454	-0.277795	1.58547	0.183395	2.03793	1.95931	-3.93716	1.22625	-3.10822	-1.14278	0.25807	-0.165927	-2.05771	-0.154382	-4.28201	-1.43065	0.867263	2.8539	0.784478	-2.1112	1.83581	1.71682	1.94432	2.49109	-0.329799	0.484719	-3.7162	1.12072	
1.01074	-0.968057	1.01656	-0.507408	1.921	1.62902	-3.34947	1.25591	-1.85292	-0.288611	0.414922	-0.524233	-1.56124	-0.174663	-3.63642	-1.03546	0.10427	2.41224	1.00625	-1.1566	1.32362	1.04046	1.90823	2.18816	-0.463721	0.41149	-3.20265	1.07883	
0.676541	-1.54783	0.600694	-0.978277	1.74132	1.31242	-2.86027	1.22934	-0.790709	0.467873	0.605662	-0.833818	-1.031	-0.181808	-3.03908	-0.671515	-0.503204	1.94797	1.13324	-0.32653	0.857049	0.480267	1.76726	1.81954	-0.471084	0.341273	-2.73124	0.986154	
0.441053	-1.91832	0.473805	-1.17937	1.58134	1.02664	-2.52828	1.11396	0.00205357	1.03389	0.788961	-1.04942	-0.658369	-0.263722	-2.55004	-0.436631	-0.80877	1.53694	1.132	0.30823	0.56384	0.140289	1.5464	1.42012	-0.277385	0.154031	-2.39594	0.802919	
0.347159	-2.02173	0.649417	-1.11903	1.47668	0.791875	-2.32722	0.912614	0.507973	1.36994	0.932319	-1.14241	-0.591549	-0.469219	-2.20625	-0.366573	-0.765349	1.22784	1.00769	0.72364	0.501391	0.0579349	1.2796	1.03594	0.0923482	-0.218305	-2.21636	0.529869	
0.372037	-1.87053	1.0058	-0.889917	1.41488	0.594444	-2.15666	0.652786	0.783052	1.49919	1.00327	-1.1019	-0.841427	-0.780632	-1.99369	-0.426181	-0.453712	1.02242	0.801037	0.956785	0.631895	0.174756	1.00189	0.700845	0.5421	-0.719393	-2.11816	0.19525	
0.449701	-1.53465	1.34211	-0.62509	1.32799	0.4216	-1.89011	0.386425	0.924164	1.4971	1.00626	-0.948203	-1.2886	-1.10609	-1.84584	-0.521892	-0.0443532	0.873021	0.56854	1.08309	0.831439	0.366933	0.731731	0.432061	0.90904	-1.23553	-1.97737	-0.133231	
0.49571	-1.12292	1.45561	-0.435875	1.12908	0.251328	-1.42377	0.160711	1.02611	1.44996	0.964616	-0.739714	-1.7211	-1.32425	-1.67814	-0.548013	0.26153	0.709253	0.361238	1.18028	0.94316	0.494155	0.470017	0.222159	1.05963	-1.58522	-1.6673	-0.388002	
0.441056	-0.75402	1.23178	-0.410436	0.767658	0.0569463	-0.748346	0.00802831	1.14968	1.43172	0.908349	-0.508276	-1.90617	-1.32063	-1.42147	-0.427635	0.303592	0.460537	0.207016	1.30234	0.837196	0.436694	0.204817	0.0450908	0.944597	-1.59672	-1.13014	-0.513004	
0.279899	-0.512679	0.697142	-0.547083	0.254539	-0.124764	0.0374591	-0.0545748	1.28601	1.47537	0.885979	-0.304772	-1.71185	-1.04989	-1.0575	-0.144355	0.032615	0.105877	0.105839	1.4488	0.474424	0.174925	-0.0711175	-0.111755	0.605039	-1.28252	-0.415669	-0.475143	
0.048698	-0.440643	0.000898685	-0.801345	-0.319328	-0.270888	0.760859	-0.0460282	1.37622	1.55746	0.928736	-0.130104	-1.13719	-0.521914	-0.62396	0.244852	-0.49091	-0.326941	0.0280047	1.57052	-0.0803061	-0.243425	-0.35452	-0.262305	0.190426	-0.707529	0.340235	-0.289331	
-0.173384	-0.517593	-0.633444	-1.07612	-0.813042	-0.328783	1.22989	0.00283109	1.32515	1.62007	1.04532	0.0327819	-0.331306	0.167592	-0.213886	0.638356	-1.10927	-0.760757	-0.0690792	1.58945	-0.677669	-0.695098	-0.626902	-0.399603	-0.120027	-0.0634835	0.95691	0.00135016	
-0.307853	-0.683332	-1.00724	-1.28347	-1.08701	-0.293775	1.33364	0.0449268	1.0672	1.59358	1.21852	0.215091	0.467957	0.87779	0.0703141	0.932491	-1.63956	-1.10043	-0.219277	1.44159	-1.13885	-1.05256	-0.852855	-0.515608	-0.170124	0.470035	1.30255	0.316496	
-0.305175	-0.854577	-1.01285	-1.36191	-1.0542	-0.174934	1.0618	0.045785	0.590445	1.43112	1.4184	0.432402	1.02216	1.46639	0.157	1.05463	-1.93139	-1.2706	-0.435453	1.10535	-1.32602	-1.21734	-0.99962	-0.595969	0.0986206	0.750168	1.32447	0.581557	
-0.165201	-0.954409	-0.674327	-1.28546	-0.713603	-0.0188306	0.543606	-0.0119833	-0.0381497	1.12788	1.597	0.645501	1.17363	1.81718	0.031959	0.991199	-1.91759	-1.23849	-0.695738	0.621679	-1.18757	-1.15612	-1.04012	-0.636509	0.629313	0.733312	1.09291	0.729187	
0.0567237	-0.936318	-0.136481	-1.09702	-0.162456	0.087494	-0.000485376	-0.128242	-0.688611	0.722252	1.70722	0.825482	0.920163	1.8962	-0.249922	0.787278	-1.64095	-1.04248	-0.952949	0.0860488	-0.786944	-0.92838	-0.973999	-0.652226	1.27343	0.517253	0.773059	0.725097	
0.290556	-0.791274	0.408416	-0.85479	0.437773	0.0947523	-0.35195	-0.273198	-1.21924	0.287115	1.73624	0.893159	0.394582	1.71431	-0.587446	0.517886	-1.21164	-0.759619	-1.14658	-0.38814	-0.26403	-0.627672	-0.819559	-0.653539	1.83054	0.226254	0.540497	0.576836	
0.471262	-0.555203	0.783847	-0.629171	0.919719	-0.0234603	-0.369026	-0.407831	-1.50893	-0.098839	1.68104	0.804945	-0.192684	1.34584	-0.86958	0.258914	-0.777955	-0.486375	-1.22272	-0.703337	0.211889	-0.366516	-0.611506	-0.655169	2.14026	0.0188827	0.514703	0.327241	
0.562649	-0.291458	0.897177	-0.473879	1.17325	-0.220463	-0.039488	-0.484792	-1.51684	-0.375083	1.565	0.560742	-0.635141	0.874916	-1.01804	0.0598849	-0.465819	-0.299935	-1.15252	-0.815495	0.503894	-0.218906	-0.388301	-0.651566	2.1328	-0.049233	0.716413	0.0504673	
0.564545	-0.0729381	0.751211	-0.412313	1.16775	-0.421026	0.530497	-0.468864	-1.26678	-0.51027	1.40942	0.187442	-0.805122	0.385781	-0.997984	-0.0609907	-0.347665	-0.233433	-0.934943	-0.735503	0.549063	-0.207894	-0.17476	-0.627085	1.83465	0.0135513	1.06251	-0.178617	
0.503559	0.0453698	0.423002	-0.448003	0.95255	-0.540082	1.1606	-0.34923	-0.844464	-0.514255	1.24638	-0.202175	-0.698101	-0.0449572	-0.821674	-0.121319	-0.434315	-0.277184	-0.604764	-0.522206	0.362624	-0.311004	0.011231	-0.561278	1.35362	0.123404	1.40979	-0.296881	
0.410289	0.0345461	0.0214977	-0.556748	0.639314	-0.516206	1.67489	-0.140419	-0.351693	-0.420165	1.0757	-0.499904	-0.428935	-0.36044	-0.538998	-0.143513	-0.68275	-0.385722	-0.220726	-0.250634	0.0254619	-0.473531	0.166692	-0.443989	0.831824	0.187814	1.62197	-0.275388	
0.302227	-0.0944472	-0.370744	-0.717099	0.336859	-0.358087	1.97177	0.114426	0.141343	-0.264139	0.886013	-0.604876	-0.159206	-0.511939	-0.199043	-0.131788	-1.02859	-0.511364	0.154477	0.0282325	-0.364905	-0.650343	0.290051	-0.288992	0.377881	0.139599	1.63437	-0.12145	
0.175135	-0.296084	-0.713591	-0.901652	0.120072	-0.139941	2.04995	0.356278	0.606812	-0.074359	0.669865	-0.479564	-0.0392069	-0.477608	0.166744	-0.0810966	-1.40213	-0.627915	0.462151	0.297286	-0.72736	-0.819674	0.374001	-0.137601	0.0480252	0.000233505	1.47635	0.115114	
0.0120219	-0.509463	-1.01245	-1.09008	0.00865953	0.0372612	1.99592	0.524138	1.07132	0.135961	0.406663	-0.156965	-0.14145	-0.245741	0.551416	0.0273124	-1.7513	-0.736387	0.664497	0.576281	-1.02012	-0.986515	0.404936	-0.0486045	-0.165162	-0.166087	1.24998	0.364196	
-0.196678	-0.668696	-1.28392	-1.27217	-0.0245854	0.0683337	1.93549	0.567274	1.56707	0.362735	0.120156	0.292946	-0.443664	0.157269	0.953937	0.204632	-2.03736	-0.863351	0.742997	0.896575	-1.23844	-1.17479	0.363057	-0.0806932	-0.294751	-0.298894	1.09625	0.549513	
-0.435362	-0.725054	-1.52473	-1.42675	-0.0316168	-0.106273	1.96847	0.46101	2.11048	0.603243	-0.161923	0.735087	-0.830033	0.658049	1.36685	0.437542	-2.22922	-1.03602	0.701922	1.27345	-1.39308	-1.39676	0.235944	-0.267677	-0.378959	-0.329857	1.11549	0.606002	
-0.653861	-0.655565	-1.69822	-1.52715	-0.0724254	-0.461038	2.10653	0.213607	2.67533	0.846907	-0.374961	1.07575	-1.15192	1.14513	1.75889	0.680962	-2.29812	-1.26156	0.562595	1.68887	-1.49392	-1.63317	0.0233616	-0.595735	-0.431557	-0.282741	1.30846	0.50578	
-0.780051	-0.465436	-1.73416	-1.54503	-0.159997	-0.906231	2.28514	-0.139635	3.17742	1.06057	-0.466516	1.26568	-1.29872	1.49857	2.06631	0.864621	-2.21808	-1.51622	0.35095	2.0762	-1.52886	-1.83601	-0.25189	-1.00945	-0.422825	-0.221337	1.59911	0.256117	
-0.744648	-0.17905	-1.568	-1.45077	-0.285416	-1.30911	2.38861	-0.540648	3.51034	1.20087	-0.404885	1.29093	-1.22296	1.62078	2.21785	0.928157	-1.97385	-1.74058	0.103078	2.34839	-1.47097	-1.93233	-0.545046	-1.41559	-0.329743	-0.244437	1.84307	-0.0938275	
-0.508277	0.168098	-1.17446	-1.22888	-0.427775	-1.57104	2.3078	-0.92973	3.57314	1.22167	-0.186873	1.21895	-0.980135	1.47612	2.15398	0.827945	-1.57366	-1.87088	-0.151273	2.42422	-1.29802	-1.86926	-0.806653	-1.72449	-0.140178	-0.352518	1.89883	-0.476446	
-0.0821501	0.537902	-0.588679	-0.885845	-0.557021	-1.61863	1.99993	-1.25296	3.31316	1.08847	0.135494	1.13042	-0.690382	1.10401	1.85027	0.569514	-1.05532	-1.85081	-0.383865	2.25554	-1.00146	-1.61766	-0.989839	-1.86467	0.123365	-0.533931	1.68359	-0.818234	
0.46949	0.904141	0.0906608	-0.443114	-0.663592	-1.45485	1.48813	-1.47194	2.74568	0.799813	0.49101	1.09917	-0.505366	0.629919	1.32734	0.207417	-0.480363	-1.66071	-0.572836	1.8504	-0.608215	-1.19903	-1.0694	-1.81041	0.381751	-0.68671	1.19246	-1.05063	
1.04422	1.24238	0.739409	0.0480455	-0.737112	-1.15196	0.889389	-1.5722	1.94876	0.381083	0.785138	1.1414	-0.541656	0.196645	0.653987	-0.182947	0.0762455	-1.32643	-0.700596	1.26565	-0.170088	-0.683988	-1.04207	-1.58778	0.563952	-0.666924	0.530581	-1.14291	
1.5339	1.53863	1.24382	0.531825	-0.795272	-0.795088	0.337544	-1.55494	1.04487	-0.108709	0.950537	1.24807	-0.837565	-0.0712168	-0.0764832	-0.519487	0.550355	-0.907283	-0.755612	0.596897	0.246422	-0.158661	-0.930119	-1.25538	0.601879	-0.399951	-0.167773	-1.09099	
1.85722	1.78091	1.54544	0.946391	-0.834789	-0.478244	-0.0447387	-1.4442	0.15114	-0.604457	0.960201	1.3909	-1.35334	-0.105036	-0.774314	-0.75695	0.905388	-0.483563	-0.74206	-0.0631134	0.586014	0.286348	-0.771178	-0.89355	0.493329	0.119617	-0.742426	-0.93072	
1.98374	1.9615	1.65369	1.25804	-0.841204	-0.241915	-0.20141	-1.26735	-0.642489	-1.04282	0.82959	1.50496	-1.96915	0.0665841	-1.3696	-0.884406	1.14358	-0.118975	-0.668309	-0.642686	0.825627	0.607215	-0.600191	-0.56558	0.283002	0.747338	-1.09108	-0.717456	
1.93271	2.07782	1.6304	1.46463	-0.803011	-0.0866941	-0.169411	-1.05598	-1.28882	-1.37737	0.612635	1.55929	-2.53719	0.340376	-1.82619	-0.938984	1.29922	0.144725	-0.557106	-1.10282	0.967861	0.799053	-0.448653	-0.310647	0.0541973	1.32553	-1.19669	-0.508668	
1.76272	2.1301	1.56167	1.57091	-0.697752	0.0157804	-0.0180533	-0.846281	-1.78636	-1.59701	0.375027	1.57107	-2.92968	0.588785	-2.1336	-0.978565	1.41769	0.298297	-0.437481	-1.44231	1.04349	0.891742	-0.333195	-0.140712	-0.0822837	1.63957	-1.08398	-0.35939	
1.54973	2.14198	1.51055	1.61658	-0.538397	0.0968348	0.138782	-0.667416	-2.15112	-1.71093	0.17641	1.58964	-3.07078	0.714576	-2.30024	-1.0503	1.54055	0.3603	-0.341592	-1.67403	1.08348	0.936481	-0.262658	-0.0457181	-0.0993528	1.59821	-0.849492	-0.291877	
1.35951	2.13336	1.50049	1.63274	-0.358138	0.171281	0.226029	-0.54149	-2.3978	-1.7445	0.0456459	1.6559	-2.95926	0.675977	-2.33684	-1.17804	1.68409	0.35889	-0.293997	-1.8107	1.10639	0.974303	-0.239024	-0.00681075	-0.00300604	1.23165	-0.579349	-0.307073	
1.23375	2.12862	1.50886	1.65727	-0.218021	0.253123	0.203208	-0.475988	-2.5248	-1.72038	-0.0284297	1.7883	-2.66386	0.508343	-2.25867	-1.34555	1.83839	0.324963	-0.306062	-1.85257	1.1135	1.03866	-0.2609	-0.00229238	0.12817	0.668662	-0.363883	-0.372201	
1.18092	2.14718	1.49177	1.70051	-0.169243	0.326704	0.0783268	-0.466045	-2.51852	-1.653	-0.0781776	1.97721	-2.29278	0.302679	-2.08378	-1.5078	1.97203	0.275916	-0.375389	-1.79365	1.08936	1.12469	-0.328198	-0.0231083	0.197551	0.121809	-0.253261	-0.443509	
1.18565	2.17992	1.40915	1.74814	-0.230114	0.378752	-0.0905	-0.489857	-2.36277	-1.54157	-0.157155	2.13766	-1.96073	0.159215	-1.83441	-1.60534	2.041	0.222034	-0.476914	-1.62487	1.01994	1.2096	-0.429627	-0.0625886	0.135244	-0.230645	-0.250416	-0.478586	
1.22052	2.20562	1.25484	1.77404	-0.380833	0.419481	-0.261683	-0.51155	-2.05186	-1.365	-0.300372	2.17227	-1.74756	0.117583	-1.54879	-1.59021	2.0134	0.16868	-0.573101	-1.34169	0.900831	1.26594	-0.546013	-0.109248	-0.0799879	-0.308969	-0.352269	-0.443863	
1.24691	2.17441	1.0487	1.71905	-0.553508	0.449636	-0.375696	-0.497361	-1.60927	-1.10395	-0.521155	2.01813	-1.68466	0.187666	-1.26352	-1.4395	1.86292	0.114794	-0.623371	-0.960516	0.741572	1.25222	-0.649748	-0.154757	-0.38489	-0.152218	-0.506106	-0.335562	
1.23156	2.04139	0.824344	1.54645	-0.667028	0.486357	-0.421144	-0.416044	-1.07476	-0.740673	-0.801097	1.64745	-1.73751	0.306623	-1.00703	-1.15533	1.58383	0.0665718	-0.591167	-0.510116	0.562538	1.14974	-0.705802	-0.180494	-0.695308	0.101332	-0.678592	-0.165889	
1.14584	1.77391	0.611211	1.22045	-0.652683	0.521984	-0.402622	-0.251875	-0.500776	-0.274486	-1.09365	1.11083	-1.82768	0.394396	-0.783517	-0.763486	1.1856	0.0275328	-0.456885	-0.0284597	0.380643	0.940902	-0.685083	-0.171925	-0.911805	0.278991	-0.821919	0.034748	
0.969063	1.36842	0.409312	0.75453	-0.495133	0.533269	-0.333095	-0.0185731	0.0558943	0.262866	-1.35248	0.515383	-1.87519	0.402773	-0.575381	-0.307543	0.690144	-0.00246292	-0.229108	0.442372	0.20158	0.63231	-0.576538	-0.12381	-0.975725	0.293988	-0.900038	0.233376	
0.702659	0.869187	0.196865	0.189757	-0.240734	0.468995	-0.247131	0.248638	0.556005	0.819956	-1.52123	0.0365107	-1.8062	0.33456	-0.343841	0.167331	0.137563	-0.0279092	0.0589005	0.870036	0.0173886	0.240423	-0.395028	-0.0472931	-0.909835	0.128655	-0.90467	0.400642	
0.366048	0.342711	-0.0590495	-0.387313	0.0203756	0.285957	-0.163787	0.500092	0.969788	1.32429	-1.5757	-0.228338	-1.59393	0.247244	-0.057678	0.615278	-0.418823	-0.0548986	0.355626	1.22379	-0.181534	-0.194355	-0.176907	0.036543	-0.783253	-0.0938418	-0.838474	0.520337	
0.00872538	-0.127715	-0.359696	-0.852413	0.194874	0.00377974	-0.1425	0.689424	1.28204	1.70744	-1.5096	-0.245731	-1.26803	0.194892	0.277783	0.990253	-0.901761	-0.0801561	0.60292	1.47842	-0.389503	-0.593879	0.0297314	0.111829	-0.684241	-0.249275	-0.764521	0.597109	
-0.307678	-0.473332	-0.666678	-1.11133	0.22905	-0.345454	-0.215763	0.778733	1.47095	1.90955	-1.34696	-0.0387756	-0.900838	0.235498	0.616642	1.24564	-1.23264	-0.0972514	0.749511	1.60453	-0.576844	-0.887694	0.18001	0.159629	-0.672597	-0.206705	-0.735621	0.636618	
-0.513635	-0.651473	-0.900788	-1.08958	0.128585	-0.672201	-0.411456	0.752088	1.516	1.89928	-1.12606	0.275453	-0.578993	0.348164	0.876203	1.34523	-1.33961	-0.0841577	0.76899	1.57487	-0.686587	-0.99682	0.251463	0.178838	-0.75463	0.0569356	-0.808234	0.642323	
-0.557491	-0.665561	-0.96083	-0.782091	-0.0263362	-0.872579	-0.745103	0.623586	1.40629	1.69003	-0.879423	0.544198	-0.372479	0.458007	0.966347	1.2622	-1.18086	-0.0162994	0.664764	1.37881	-0.655584	-0.875694	0.252232	0.185218	-0.876009	0.425077	-1.00467	0.61445	
-0.432496	-0.552036	-0.782584	-0.243664	-0.13396	-0.869422	-1.17568	0.42193	1.1357	1.31987	-0.647406	0.660506	-0.318438	0.465749	0.821967	0.996484	-0.77255	0.120963	0.46501	1.02082	-0.445488	-0.526277	0.211182	0.197538	-0.945843	0.755418	-1.29243	0.545334	
-0.174959	-0.373083	-0.363911	0.399203	-0.0982284	-0.646597	-1.63766	0.18893	0.742651	0.86449	-0.449384	0.58357	-0.390527	0.285384	0.454856	0.58489	-0.188317	0.326125	0.221313	0.550744	-0.0632167	-0.0122952	0.172352	0.231905	-0.883083	0.850088	-1.59921	0.424166	
0.138417	-0.182151	0.213338	0.996515	0.111711	-0.272159	-2.01968	-0.037929	0.292542	0.405858	-0.295841	0.346041	-0.521507	-0.0916648	-0.0486207	0.09236	0.450606	0.566511	-0.0123611	0.0450931	0.422664	0.548779	0.169703	0.285859	-0.665301	0.624195	-1.80864	0.245862	
0.41595	-0.0140896	0.805226	1.41379	0.449484	0.139087	-2.22732	-0.23371	-0.124458	0.0171805	-0.191265	0.0661157	-0.632128	-0.589234	-0.547066	-0.392453	1.00703	0.792389	-0.19401	-0.402034	0.899866	1.02533	0.215302	0.34171	-0.335135	0.106278	-1.83436	0.0227214	
0.584616	0.120604	1.25513	1.56186	0.805853	0.457268	-2.20322	-0.385139	-0.417106	-0.247891	-0.127239	-0.135807	-0.654756	-1.05856	-0.887175	-0.790435	1.37031	0.944972	-0.303049	-0.69949	1.24619	1.30404	0.292934	0.373508	0.0110509	-0.567982	-1.63733	-0.212965	
0.616023	0.242489	1.44283	1.43115	1.04589	0.585863	-1.95016	-0.49396	-0.529546	-0.374622	-0.101342	-0.150164	-0.562388	-1.34098	-0.962074	-1.03966	1.4872	0.984413	-0.34453	-0.800827	1.37539	1.33149	0.36665	0.353709	0.257609	-1.19272	-1.25682	-0.420701	
0.534692	0.369926	1.34124	1.09246	1.07768	0.515554	-1.56191	-0.56336	-0.451167	-0.375047	-0.106687	0.0235244	-0.380491	-1.32441	-0.755763	-1.12311	1.38339	0.904141	-0.344171	-0.708484	1.27042	1.13666	0.397199	0.277964	0.321848	-1.58967	-0.811544	-0.55067	
0.404802	0.520002	1.01464	0.668884	0.875127	0.311091	-1.16492	-0.600787	-0.238366	-0.294134	-0.148357	0.358637	-0.17651	-0.996349	-0.355258	-1.06885	1.14336	0.732272	-0.340043	-0.485616	0.987584	0.815496	0.356281	0.158612	0.187513	-1.65004	-0.444587	-0.570286	
