1.02092	0.7897	0.973348	0.978012	-0.0883554	-0.534015	0.554994	-1.20304	-0.978599	-1.39251	0.072668	-0.341921	0.547671	-0.38677	-0.157539	-0.957495	1.86986	-0.531971	-0.532673	-1.1495	0.54653	0.938042	0.331471	-0.402384	0.373477	-0.0851973	0.656376	-0.911106	
0.956734	0.859368	0.611882	0.84314	-0.195179	-0.476929	0.540937	-0.967778	-0.641522	-1.07587	-0.603131	-0.470542	0.247317	-0.49199	-0.0925355	-0.964911	1.74486	-0.285232	-0.190187	-0.764198	0.453696	1.02138	0.543403	-0.0930669	0.125428	-0.268735	0.385573	-0.751916	
0.951732	0.940065	0.295274	0.665893	-0.216841	-0.41503	0.506992	-0.698361	-0.299588	-0.815833	-1.1702	-0.583296	-0.120083	-0.695669	-0.0887438	-1.01274	1.54113	0.0761164	0.179717	-0.417647	0.453557	1.078	0.766664	0.21563	-0.133818	-0.472354	0.0958393	-0.626412	
0.976379	0.973631	0.0412655	0.45226	-0.123253	-0.333971	0.479201	-0.45319	-0.0582013	-0.714637	-1.51169	-0.68399	-0.457544	-0.933941	-0.0965464	-1.07319	1.26067	0.510691	0.519024	-0.212375	0.526182	1.07752	0.979106	0.492545	-0.332031	-0.654286	-0.103176	-0.54647	
0.979979	0.91371	-0.170538	0.202186	0.0603925	-0.221464	0.486308	-0.254258	0.0304036	-0.780723	-1.59927	-0.778527	-0.701296	-1.12625	-0.05706	-1.08503	0.909849	0.940539	0.797087	-0.176877	0.615219	0.991626	1.163	0.726942	-0.440361	-0.78007	-0.149438	-0.496098	
0.913256	0.747423	-0.381774	-0.079551	0.252898	-0.0742683	0.543818	-0.0886047	-0.0131363	-0.92841	-1.51089	-0.872758	-0.845978	-1.20228	0.0597912	-0.979113	0.50449	1.29904	1.01408	-0.258992	0.647117	0.817403	1.31023	0.928187	-0.485847	-0.827957	-0.0504657	-0.437728	
0.756129	0.499761	-0.62701	-0.370286	0.354728	0.100566	0.641225	0.0796319	-0.110105	-1.01825	-1.37805	-0.962137	-0.93169	-1.14814	0.2247	-0.713588	0.0799649	1.53956	1.19192	-0.353445	0.568179	0.582379	1.42013	1.11554	-0.523186	-0.799126	0.119479	-0.338909	
0.532038	0.2418	-0.913037	-0.62588	0.30102	0.289256	0.747825	0.290124	-0.16856	-0.926285	-1.35088	-1.04115	-1.0366	-1.00358	0.378945	-0.304393	-0.312163	1.64942	1.35612	-0.358476	0.368507	0.342811	1.49959	1.30816	-0.62389	-0.70991	0.252303	-0.183145	
0.29007	0.0374255	-1.21104	-0.802232	0.0806231	0.470664	0.828477	0.561089	-0.130937	-0.597907	-1.51991	-1.1093	-1.20731	-0.841436	0.449704	0.183015	-0.621846	1.64812	1.52539	-0.220821	0.0792275	0.162106	1.56186	1.51236	-0.823284	-0.589776	0.264726	0.0209112	
0.0862811	-0.0734934	-1.46645	-0.868139	-0.235945	0.623752	0.852993	0.883451	0.000424912	-0.0738878	-1.87077	-1.16375	-1.45482	-0.723273	0.403232	0.651602	-0.818049	1.56002	1.69152	0.0366439	-0.232959	0.0799029	1.60962	1.70943	-1.11366	-0.46878	0.127505	0.247551	
-0.0425664	-0.0899553	-1.62575	-0.820215	-0.54429	0.734311	0.815902	1.21825	0.178282	0.533973	-2.31955	-1.21539	-1.73045	-0.680643	0.235678	1.00354	-0.895758	1.41247	1.83403	0.338029	-0.5006	0.106851	1.64278	1.87185	-1.44134	-0.36809	-0.115628	0.464221	
-0.0955926	-0.0641414	-1.6604	-0.68978	-0.743104	0.795608	0.736643	1.51354	0.318025	1.08187	-2.71824	-1.26704	-1.9503	-0.687072	0.00542743	1.1891	-0.881492	1.20839	1.92428	0.581394	-0.681289	0.210115	1.64943	1.96568	-1.72757	-0.293102	-0.371634	0.651204	
-0.105432	-0.0598066	-1.57921	-0.528994	-0.770766	0.811203	0.643905	1.71904	0.343292	1.44999	-2.9042	-1.31436	-2.02583	-0.6663	-0.195037	1.20073	-0.822173	0.942155	1.93076	0.684972	-0.764322	0.327445	1.60343	1.9606	-1.90224	-0.235752	-0.54223	0.799077	
-0.124849	-0.127337	-1.41959	-0.389442	-0.645685	0.790431	0.56209	1.79871	0.232238	1.58603	-2.77367	-1.33903	-1.89198	-0.539037	-0.299047	1.08855	-0.764015	0.599472	1.83602	0.627662	-0.77841	0.396608	1.47721	1.84101	-1.91562	-0.176938	-0.564894	0.913459	
-0.194513	-0.268517	-1.23229	-0.299412	-0.44284	0.74636	0.501335	1.74797	0.0247321	1.51735	-2.32068	-1.30692	-1.55636	-0.269382	-0.273369	0.932923	-0.733432	0.169159	1.64215	0.454774	-0.765699	0.375673	1.2485	1.61213	-1.77404	-0.0992553	-0.443377	1.00697	
-0.326772	-0.442387	-1.05533	-0.255715	-0.271065	0.685939	0.450399	1.57516	-0.202971	1.31571	-1.63375	-1.17991	-1.06715	0.119274	-0.13884	0.80505	-0.725999	-0.316025	1.36281	0.243058	-0.765361	0.264412	0.916208	1.29603	-1.50726	0.00952377	-0.235788	1.08069	
-0.495005	-0.571884	-0.89538	-0.221717	-0.215062	0.612632	0.379726	1.30415	-0.358184	1.05987	-0.853887	-0.924601	-0.521013	0.545602	0.0267561	0.741162	-0.709052	-0.799357	1.01734	0.0713682	-0.788672	0.101614	0.501274	0.923701	-1.16833	0.150627	-0.038177	1.12443	
-0.642467	-0.575864	-0.730961	-0.145187	-0.295197	0.52613	0.258508	0.963329	-0.379624	0.798168	-0.144884	-0.535593	-0.0178138	0.88229	0.126442	0.722485	-0.63753	-1.1897	0.629201	-0.0200826	-0.812169	-0.0488799	0.0521973	0.534196	-0.807534	0.313219	0.0653476	1.1119	
-0.715576	-0.422369	-0.525326	0.00662104	-0.469108	0.422951	0.0794238	0.580859	-0.267723	0.534987	0.368209	-0.0446675	0.36303	1.02772	0.101645	0.704799	-0.484165	-1.41064	0.227792	-0.043594	-0.802415	-0.127897	-0.362014	0.16754	-0.458631	0.483264	0.0409726	1.02423	
-0.68184	-0.137608	-0.255797	0.230236	-0.631749	0.305831	-0.144553	0.191028	-0.0746201	0.252815	0.647404	0.47531	0.579392	0.948332	-0.062234	0.633167	-0.257677	-1.4222	-0.159025	-0.0472582	-0.720285	-0.112975	-0.678372	-0.143556	-0.139365	0.639281	-0.0906003	0.856831	
-0.555298	0.186572	0.0689494	0.479093	-0.690901	0.179931	-0.369136	-0.175819	0.111049	-0.061171	0.708942	0.929069	0.64587	0.691638	-0.301541	0.483405	-0.00257539	-1.24068	-0.50108	-0.0874003	-0.56166	-0.0190306	-0.849492	-0.374592	0.157159	0.76977	-0.253501	0.632337	
-0.387161	0.436528	0.401943	0.680361	-0.598339	0.0569161	-0.54527	-0.481852	0.215973	-0.37406	0.628206	1.23425	0.59733	0.372894	-0.525302	0.283514	0.214393	-0.948042	-0.76842	-0.181092	-0.356512	0.102452	-0.86697	-0.515696	0.426072	0.864928	-0.368562	0.401424	
-0.2469	0.509164	0.670216	0.761027	-0.368879	-0.0511186	-0.640244	-0.694173	0.194974	-0.615283	0.503432	1.34068	0.495899	0.131923	-0.629753	0.0967867	0.326358	-0.642929	-0.945619	-0.308949	-0.162058	0.182875	-0.765398	-0.572709	0.669296	0.920232	-0.379983	0.22103	
-0.192951	0.358718	0.81095	0.680592	-0.0800584	-0.13268	-0.65163	-0.790258	0.0586948	-0.693388	0.430602	1.24949	0.398544	0.076204	-0.560875	0.00271162	0.297091	-0.431949	-1.03517	-0.411531	-0.040463	0.16863	-0.61165	-0.568835	0.882766	0.931516	-0.283294	0.138115	
-0.243907	0.0180837	0.788825	0.454211	0.174811	-0.180725	-0.614976	-0.763133	-0.144409	-0.538026	0.465698	1.02671	0.33871	0.225036	-0.327756	0.0620787	0.136651	-0.375249	-1.06107	-0.427161	-0.0274013	0.0419798	-0.485767	-0.53818	1.05677	0.893539	-0.122375	0.166932	
-0.375364	-0.421118	0.617921	0.146263	0.302738	-0.197617	-0.580036	-0.633416	-0.352078	-0.144619	0.615271	0.766378	0.342018	0.517674	0.00870102	0.287002	-0.0993637	-0.472066	-1.05993	-0.326933	-0.128469	-0.166913	-0.447511	-0.511891	1.18387	0.810115	0.0333544	0.2859	
-0.522854	-0.82883	0.355678	-0.147183	0.277197	-0.188982	-0.600916	-0.43855	-0.510975	0.405903	0.867822	0.560687	0.406342	0.837212	0.336207	0.626478	-0.330992	-0.662443	-1.07295	-0.136186	-0.300987	-0.39554	-0.519631	-0.510655	1.25415	0.685907	0.113479	0.440497	
-0.613154	-1.09201	0.0819207	-0.332194	0.131065	-0.164241	-0.70152	-0.229782	-0.613617	0.958339	1.16597	0.47129	0.517764	1.05543	0.569971	0.983781	-0.482538	-0.841243	-1.12643	0.0600385	-0.480953	-0.571337	-0.676389	-0.536139	1.27015	0.542297	0.0887805	0.564635	
-0.595675	-1.14246	-0.132243	-0.355129	-0.0620161	-0.131942	-0.86475	-0.05324	-0.676545	1.3474	1.44473	0.50396	0.645957	1.09538	0.663854	1.25943	-0.513201	-0.925422	-1.21724	0.165292	-0.605884	-0.63989	-0.852734	-0.568933	1.22253	0.406332	-0.0275669	0.609872	
-0.458047	-0.985559	-0.249916	-0.218014	-0.208852	-0.0962894	-1.04059	0.063248	-0.739678	1.45017	1.64162	0.60959	0.752417	0.957092	0.63436	1.38184	-0.430036	-0.869062	-1.31509	0.102096	-0.633631	-0.587381	-0.971012	-0.577496	1.10749	0.307581	-0.18649	0.559498	
-0.234328	-0.68784	-0.273348	0.0266959	-0.262546	-0.0608008	-1.1613	0.109256	-0.828124	1.24124	1.70146	0.709725	0.809162	0.718397	0.542435	1.33624	-0.277238	-0.694647	-1.37213	-0.139445	-0.563575	-0.439627	-0.968899	-0.533731	0.923599	0.274097	-0.329367	0.434504	
0.0130924	-0.339764	-0.237508	0.301654	-0.217898	-0.0272665	-1.17733	0.0921808	-0.947791	0.799742	1.59489	0.741552	0.786553	0.492431	0.467216	1.17062	-0.114386	-0.477238	-1.34856	-0.499333	-0.423272	-0.249418	-0.830276	-0.433062	0.681911	0.316809	-0.414504	0.278816	
0.222654	-0.0249215	-0.181189	0.540261	-0.127351	0.0010053	-1.08082	0.027005	-1.07026	0.279307	1.31929	0.674739	0.68771	0.375027	0.44717	0.971469	0.0157297	-0.304534	-1.22945	-0.865801	-0.260352	-0.0714029	-0.590888	-0.296261	0.409623	0.430543	-0.441256	0.142815	
0.36213	0.21566	-0.125481	0.712075	-0.0540772	0.022878	-0.913921	-0.0701142	-1.15259	-0.157317	0.929204	0.537968	0.515385	0.396437	0.465893	0.82785	0.10398	-0.255621	-1.04101	-1.12394	-0.105646	0.060494	-0.329034	-0.166016	0.146318	0.585919	-0.446268	0.0586904	
0.440102	0.382715	-0.061843	0.836748	-0.0441869	0.0401048	-0.756251	-0.191709	-1.1719	-0.407011	0.507812	0.410136	0.290781	0.515045	0.459381	0.785763	0.182342	-0.350334	-0.844424	-1.20977	0.0349696	0.147308	-0.137882	-0.0943853	-0.0544618	0.747264	-0.484422	0.0279498	
0.497409	0.522009	0.0367756	0.970637	-0.125869	0.0571723	-0.690689	-0.336797	-1.11414	-0.447843	0.149336	0.384227	0.0456783	0.636458	0.330282	0.838618	0.308423	-0.561232	-0.710236	-1.12259	0.174085	0.225666	-0.0873013	-0.113039	-0.16845	0.883511	-0.607674	0.0254101	
0.58933	0.686267	0.197073	1.17352	-0.270569	0.0864419	-0.774736	-0.497445	-1.01172	-0.349705	-0.0620264	0.525179	-0.210648	0.665736	0.0116138	0.933067	0.531099	-0.806826	-0.695477	-0.937406	0.341709	0.342277	-0.201309	-0.22161	-0.195202	0.973242	-0.840197	0.0181598	
0.752265	0.9132	0.42545	1.47856	-0.431327	0.139525	-1.01381	-0.658028	-0.918226	-0.226847	-0.0867121	0.847975	-0.477929	0.548757	-0.506067	0.989362	0.867165	-0.986176	-0.814926	-0.761905	0.55366	0.52977	-0.448113	-0.379799	-0.169412	1.01956	-1.16665	-0.019502	
0.983091	1.21054	0.689222	1.86476	-0.554469	0.226411	-1.35416	-0.787232	-0.881661	-0.171947	0.0548554	1.30195	-0.778318	0.296108	-1.14351	0.943606	1.28105	-1.03791	-1.03292	-0.679805	0.80106	0.785348	-0.752026	-0.520588	-0.150358	1.03484	-1.53578	-0.0923506	
1.23443	1.54662	0.924273	2.2567	-0.614624	0.347378	-1.69948	-0.845439	-0.922449	-0.211557	0.268121	1.77001	-1.12444	-0.00992884	-1.75334	0.776608	1.6911	-0.947724	-1.27012	-0.713245	1.03842	1.06706	-1.0162	-0.570998	-0.204699	1.03962	-1.87963	-0.176658	
1.43013	1.86249	1.05476	2.54829	-0.620127	0.48754	-1.94733	-0.797297	-1.01178	-0.286831	0.427939	2.12923	-1.52233	-0.257063	-2.17898	0.533864	1.9921	-0.760727	-1.43616	-0.808281	1.20262	1.30183	-1.1597	-0.48429	-0.376527	1.04643	-2.13617	-0.233821	
1.4965	2.08677	1.0288	2.63709	-0.593963	0.61985	-2.02479	-0.630025	-1.10923	-0.298603	0.420426	2.27811	-1.93763	-0.347543	-2.28199	0.301318	2.09286	-0.546719	-1.46954	-0.875367	1.23796	1.4122	-1.14505	-0.266028	-0.648159	1.05496	-2.2639	-0.228513	
1.39525	2.16713	0.845116	2.47317	-0.574502	0.709931	-1.91319	-0.367217	-1.16049	-0.156386	0.186292	2.17421	-2.29346	-0.24935	-2.0278	0.168114	1.95673	-0.368912	-1.35458	-0.828284	1.1202	1.35418	-0.983134	0.0319135	-0.956947	1.05376	-2.25075	-0.151186	
1.14133	2.07935	0.553599	2.071	-0.574118	0.734154	-1.65063	-0.0573776	-1.1348	0.17013	-0.248897	1.84219	-2.51155	-0.00209874	-1.48502	0.203842	1.60523	-0.264316	-1.12881	-0.633889	0.875735	1.12955	-0.72538	0.327587	-1.20468	1.01817	-2.11524	-0.0152689	
0.797196	1.83222	0.237188	1.51299	-0.591296	0.685648	-1.30782	0.232775	-1.04618	0.623592	-0.788182	1.36009	-2.52707	0.299038	-0.799781	0.429748	1.12006	-0.219553	-0.861894	-0.34065	0.568227	0.797115	-0.436898	0.543393	-1.30967	0.932961	-1.88906	0.145605	
0.454341	1.46048	-0.0217958	0.92403	-0.60405	0.582086	-0.966881	0.445987	-0.929335	1.08907	-1.28274	0.83397	-2.32668	0.536767	-0.160963	0.805789	0.612377	-0.193597	-0.626528	-0.0450397	0.282107	0.44722	-0.175943	0.633225	-1.23866	0.791075	-1.61581	0.289292	
0.19291	1.0138	-0.18099	0.424052	-0.59879	0.458379	-0.677772	0.556245	-0.834812	1.44885	-1.6277	0.341297	-1.9591	0.627063	0.292245	1.27572	0.183897	-0.136762	-0.46163	0.140655	0.0785209	0.175335	0.0303296	0.605157	-1.03534	0.602583	-1.32914	0.394791	
0.0517155	0.542144	-0.250094	0.0937435	-0.580011	0.352355	-0.452398	0.576075	-0.787085	1.64344	-1.7748	-0.070749	-1.54325	0.549648	0.494749	1.77581	-0.103541	-0.0171388	-0.361935	0.154793	-0.0207022	0.0417027	0.182696	0.509886	-0.804879	0.38908	-1.05701	0.465536	
0.0165132	0.0891665	-0.292145	-0.0567459	-0.568187	0.294167	-0.264841	0.556592	-0.768109	1.71288	-1.75986	-0.404188	-1.21809	0.346548	0.489891	2.26465	-0.24774	0.143508	-0.282512	0.0242186	-0.0460233	0.0495693	0.30114	0.421203	-0.680857	0.17244	-0.821652	0.528233	
0.0250311	-0.311009	-0.394347	-0.0741729	-0.61365	0.290017	-0.0644982	0.55842	-0.716738	1.78524	-1.7176	-0.695607	-1.0916	0.105211	0.40179	2.7383	-0.292227	0.283174	-0.160159	-0.139705	-0.0716707	0.154575	0.413286	0.402971	-0.780455	-0.0254138	-0.629256	0.619859	
-0.00250185	-0.630302	-0.623462	-0.0408384	-0.746377	0.323209	0.18342	0.632672	-0.553279	2.02291	-1.80084	-0.981089	-1.21675	-0.0792815	0.371449	3.21954	-0.309137	0.31654	0.0456187	-0.185234	-0.173061	0.273928	0.528733	0.478494	-1.1403	-0.192884	-0.48875	0.767349	
-0.130035	-0.854253	-0.996971	-0.0391994	-0.973387	0.358413	0.485579	0.793279	-0.234287	2.53732	-2.12912	-1.27896	-1.54071	-0.147416	0.511052	3.74769	-0.360797	0.183606	0.329236	-0.00226854	-0.402894	0.33107	0.638091	0.622937	-1.70561	-0.323826	-0.392539	0.973756	
-0.366248	-0.971801	-1.45733	-0.105059	-1.25565	0.365035	0.793479	1.0085	0.217981	3.31169	-2.70006	-1.56728	-1.94239	-0.0847873	0.83831	4.31069	-0.468568	-0.115472	0.625121	0.422173	-0.748294	0.285783	0.709094	0.771223	-2.33595	-0.406238	-0.339598	1.2054	
-0.666631	-0.982116	-1.91013	-0.224452	-1.52947	0.330038	1.03391	1.21991	0.702382	4.21067	-3.41985	-1.80145	-2.26167	0.0787901	1.28497	4.88522	-0.614194	-0.524136	0.839819	0.975696	-1.14663	0.155885	0.710057	0.85687	-2.86996	-0.428642	-0.319867	1.41472	
-0.950438	-0.904445	-2.2508	-0.342061	-1.72922	0.262614	1.13389	1.36128	1.06605	5.01403	-4.10423	-1.92762	-2.3681	0.286989	1.73913	5.41651	-0.748161	-0.930106	0.881803	1.45755	-1.50381	0.0044951	0.621413	0.83229	-3.17653	-0.378341	-0.317916	1.55349	
-1.12863	-0.769565	-2.41073	-0.391966	-1.80204	0.194124	1.038	1.39665	1.16342	5.51552	-4.53556	-1.90151	-2.21702	0.482468	2.08692	5.84443	-0.819703	-1.21888	0.697624	1.65645	-1.72315	-0.0937925	0.440102	0.692224	-3.20685	-0.252533	-0.330554	1.5943	
-1.15827	-0.637647	-2.39188	-0.339809	-1.75757	0.151928	0.754845	1.32891	0.92964	5.62808	-4.58694	-1.72967	-1.83955	0.619839	2.30033	6.15436	-0.803878	-1.31495	0.306807	1.44844	-1.76757	-0.0858675	0.192363	0.474359	-3.01203	-0.0704375	-0.341434	1.54734	
-1.0614	-0.5738	-2.26117	-0.205463	-1.64915	0.146661	0.346491	1.20877	0.432183	5.43898	-4.24843	-1.46445	-1.36069	0.682239	2.44335	6.37932	-0.724529	-1.21836	-0.205536	0.865348	-1.66176	0.0228927	-0.0837273	0.239161	-2.71496	0.122456	-0.347195	1.4525	
-0.927859	-0.649241	-2.13822	-0.0753407	-1.55609	0.158482	-0.078847	1.11538	-0.125951	5.20304	-3.65341	-1.19286	-0.926471	0.663002	2.66525	6.61092	-0.656718	-1.01099	-0.709361	0.108811	-1.49495	0.16094	-0.344107	0.0449112	-2.4686	0.250116	-0.339484	1.36738	
-0.883093	-0.912959	-2.13786	-0.0621563	-1.55699	0.141418	-0.397769	1.11975	-0.46	5.23233	-3.03596	-1.01392	-0.661926	0.559921	3.14943	6.94534	-0.693733	-0.824339	-1.07184	-0.515258	-1.38633	0.217294	-0.551322	-0.0777951	-2.39317	0.240873	-0.308789	1.33859	
-1.0382	-1.36814	-2.32885	-0.262862	-1.68618	0.0432346	-0.51191	1.25677	-0.301099	5.76861	-2.65575	-1.00505	-0.618723	0.37269	4.02005	7.44363	-0.913851	-0.800339	-1.20107	-0.709241	-1.43384	0.0859358	-0.681783	-0.131341	-2.52568	0.0455409	-0.244951	1.38212	
-1.44811	-1.98136	-2.70016	-0.71724	-1.9271	-0.173013	-0.364779	1.49855	0.506338	6.84663	-2.70247	-1.20027	-0.751612	0.100493	5.28687	8.0747	-1.33863	-1.01692	-1.06604	-0.294677	-1.68398	-0.283893	-0.71909	-0.1439	-2.81032	-0.333127	-0.128629	1.47147	
-2.06515	-2.65193	-3.15967	-1.36689	-2.20861	-0.495214	0.0266259	1.76597	1.92929	8.23191	-3.21655	-1.57033	-0.968335	-0.235732	6.78701	8.67905	-1.9108	-1.46011	-0.706096	0.702149	-2.09257	-0.851255	-0.657051	-0.144224	-3.12664	-0.823105	0.0419548	1.54604	
-2.7503	-3.24376	-3.57274	-2.06419	-2.44326	-0.857928	0.59119	1.94906	3.73138	9.46984	-4.09689	-2.03698	-1.15109	-0.590731	8.22528	9.00645	-2.4982	-2.01474	-0.20186	2.04655	-2.54774	-1.47796	-0.485115	-0.136943	-3.34823	-1.29791	0.259067	1.53746	
-3.3061	-3.61314	-3.79677	-2.60908	-2.5512	-1.15688	1.22293	1.94708	5.52192	10.0065	-5.10539	-2.48346	-1.21916	-0.895659	9.25165	8.76622	-2.9284	-2.49731	0.353545	3.35877	-2.89764	-1.96797	-0.194982	-0.0962732	-3.3826	-1.61204	0.496556	1.38863	
-3.52689	-3.62214	-3.7246	-2.80829	-2.47703	-1.2759	1.79299	1.7078	6.86255	9.37529	-5.94215	-2.7786	-1.16471	-1.07486	9.52748	7.7137	-3.03544	-2.71527	0.877959	4.23768	-2.99059	-2.12926	0.211809	0.026801	-3.20038	-1.64807	0.700104	1.07974	
-3.27485	-3.18974	-3.31557	-2.53522	-2.22878	-1.13393	2.19716	1.24086	7.39056	7.35596	-6.35057	-2.81524	-1.04692	-1.0706	8.86009	5.74727	-2.70858	-2.52284	1.33007	4.38342	-2.73972	-1.83349	0.722493	0.284739	-2.84626	-1.35163	0.812601	0.638411	
-2.51589	-2.30989	-2.59993	-1.77375	-1.84567	-0.712892	2.36293	0.622882	6.91741	4.06838	-6.17218	-2.53667	-0.945799	-0.869909	7.23062	2.95883	-1.93304	-1.88432	1.69741	3.6906	-2.13691	-1.06777	1.29873	0.702114	-2.39649	-0.760976	0.782721	0.129169	
-1.33967	-1.06409	-1.6674	-0.625068	-1.38968	-0.0674571	2.26571	-0.0294894	5.48061	-0.0488401	-5.41196	-1.93003	-0.946137	-0.510191	4.79568	-0.356825	-0.795613	-0.870274	1.99274	2.2731	-1.26061	0.0611573	1.88497	1.25996	-1.93477	0.0130666	0.581205	-0.360404	
0.0721142	0.403171	-0.62958	0.722444	-0.908376	0.686314	1.92831	-0.59459	3.32309	-4.36994	-4.19957	-1.04575	-1.09341	-0.0896206	1.86057	-3.77996	0.536653	0.353078	2.23022	0.411585	-0.241437	1.35297	2.41356	1.89102	-1.51026	0.813447	0.217007	-0.75335	
1.49608	1.91329	0.401575	2.05113	-0.421926	1.41468	1.4003	-0.981307	0.805341	-8.25333	-2.74886	0.0180251	-1.36262	0.277822	-1.22958	-6.85572	1.86266	1.57757	2.40898	-1.54837	0.779008	2.57829	2.82031	2.49878	-1.13026	1.49529	-0.267496	-0.999968	
2.71819	3.26528	1.33048	3.16371	0.0611834	1.99769	0.765446	-1.15713	-1.68096	-11.2126	-1.29644	1.13819	-1.67333	0.501217	-4.12833	-9.20427	2.99398	2.61543	2.51649	-3.28909	1.67274	3.54258	3.06429	2.98704	-0.772786	1.96426	-0.792881	-1.09068	
3.59209	4.30266	2.08958	3.93323	0.552173	2.36709	0.108504	-1.14538	-3.80782	-13.0117	-0.0340074	2.18828	-1.92161	0.539741	-6.5783	-10.616	3.79752	3.33576	2.52465	-4.5967	2.36487	4.13034	3.13085	3.28127	-0.40215	2.19929	-1.27021	-1.0543	
4.05266	4.92521	2.62768	4.32118	1.03887	2.51373	-0.487576	-1.01675	-5.3585	-13.6758	0.914988	3.06237	-2.0274	0.423726	-8.4118	-11.0727	4.21532	3.70433	2.41585	-5.38575	2.8256	4.32779	3.03686	3.35315	-0.0137365	2.25214	-1.62027	-0.941511	
4.11386	5.09865	2.91326	4.35594	1.49764	2.46996	-0.956677	-0.855984	-6.23956	-13.4136	1.53432	3.68441	-1.93357	0.227672	-9.53317	-10.7251	4.25783	3.74389	2.18377	-5.66597	3.06272	4.19101	2.81436	3.20944	0.369479	2.19593	-1.78611	-0.814725	
3.8452	4.85592	2.93444	4.11153	1.89097	2.2909	-1.26877	-0.736098	-6.45775	-12.5008	1.86992	4.03651	-1.6544	0.0581639	-9.92644	-9.82553	3.98656	3.52813	1.84085	-5.49835	3.10311	3.81567	2.49355	2.88224	0.704182	2.10352	-1.76013	-0.723449	
3.33439	4.27763	2.70579	3.66756	2.16332	2.01576	-1.4219	-0.696961	-6.06779	-11.1699	2.00504	4.1397	-1.24643	-0.00568428	-9.61162	-8.63644	3.48264	3.1406	1.4203	-4.93725	2.96602	3.29003	2.09397	2.40869	0.946943	2.00605	-1.57461	-0.696151	
2.66295	3.46872	2.27172	3.09399	2.28289	1.66377	-1.45201	-0.740179	-5.16828	-9.56113	2.04191	4.05002	-0.765762	0.0702359	-8.65671	-7.36703	2.82538	2.64192	0.959258	-4.02749	2.6668	2.6676	1.61356	1.81521	1.0812	1.89176	-1.29128	-0.739326	
1.89605	2.53565	1.7039	2.44272	2.23443	1.23331	-1.41177	-0.837035	-3.86907	-7.73413	2.05201	3.8456	-0.277033	0.265067	-7.18666	-6.13477	2.08317	2.07779	0.49899	-2.8033	2.2132	1.97473	1.04605	1.12671	1.12144	1.72727	-0.989353	-0.835295	
1.09262	1.59489	1.10642	1.75988	2.05051	0.725268	-1.36511	-0.941937	-2.30735	-5.72702	2.09081	3.60156	0.167353	0.499824	-5.39509	-4.99582	1.31578	1.46765	0.0719982	-1.32652	1.63258	1.22247	0.39229	0.369092	1.12366	1.4789	-0.744558	-0.960467	
0.313143	0.746346	0.58617	1.10246	1.79101	0.166989	-1.36894	-1.01528	-0.667397	-3.62998	2.19362	3.36782	0.532622	0.68499	-3.54089	-3.97137	0.581263	0.849912	-0.294701	0.273869	0.98033	0.44219	-0.321996	-0.405463	1.15179	1.15285	-0.613722	-1.08797	
-0.373834	0.0706149	0.22677	0.536712	1.51827	-0.381694	-1.45135	-1.0339	0.843034	-1.611	2.37854	3.16528	0.804425	0.753447	-1.90873	-3.08667	-0.0599494	0.270043	-0.578971	1.81419	0.334579	-0.303889	-1.03403	-1.11832	1.24699	0.796781	-0.619542	-1.19811	
-0.892358	-0.375604	0.0733238	0.137443	1.29793	-0.831185	-1.61465	-0.999838	2.00108	0.0898643	2.65721	3.00048	0.962277	0.691866	-0.761969	-2.41076	-0.544898	-0.199191	-0.766554	3.07129	-0.206543	-0.923703	-1.65876	-1.67608	1.41403	0.497445	-0.752698	-1.27977	
-1.18147	-0.569437	0.114676	-0.0414171	1.16406	-1.09721	-1.82751	-0.93295	2.63141	1.23694	3.02937	2.86319	0.991902	0.524973	-0.271313	-2.02558	-0.82706	-0.469571	-0.844458	3.85042	-0.557057	-1.32398	-2.10053	-1.99137	1.61687	0.340183	-0.971935	-1.33147	
-1.21584	-0.522435	0.292287	0.0123376	1.1389	-1.12628	-2.04442	-0.86076	2.64013	1.68325	3.49299	2.7401	0.899783	0.311559	-0.458631	-1.9977	-0.891478	-0.487862	-0.811688	4.04038	-0.66118	-1.45158	-2.29037	-2.01684	1.79399	0.36705	-1.21455	-1.36149	
-1.02293	-0.298475	0.516924	0.250306	1.22343	-0.927886	-2.21532	-0.804305	2.05637	1.44149	4.00936	2.62269	0.707505	0.119933	-1.17112	-2.32568	-0.769754	-0.237536	-0.684485	3.6592	-0.521861	-1.31766	-2.2078	-1.76505	1.88829	0.558787	-1.40925	-1.3755	
-0.688084	0.0100373	0.700202	0.570867	1.39654	-0.576146	-2.30876	-0.766916	1.05438	0.715883	4.50852	2.51524	0.463581	0.000954017	-2.15077	-2.90368	-0.540545	0.222185	-0.49656	2.86749	-0.203421	-1.00928	-1.89779	-1.31714	1.87517	0.835041	-1.50424	-1.3731	
-0.336642	0.283709	0.777328	0.847462	1.62928	-0.188083	-2.31716	-0.733235	-0.106106	-0.160986	4.89972	2.42799	0.234156	-0.0212754	-3.08327	-3.53076	-0.310181	0.781221	-0.297983	1.91236	0.185928	-0.664808	-1.46335	-0.800204	1.76617	1.08425	-1.47224	-1.34362	
-0.0951954	0.417214	0.72397	0.963891	1.8804	0.107785	-2.25033	-0.679663	-1.13465	-0.829053	5.09011	2.3662	0.0977592	0.0412114	-3.68054	-3.97074	-0.183373	1.29514	-0.145325	1.05593	0.523756	-0.431568	-1.03201	-0.353428	1.61006	1.20037	-1.3122	-1.27604	
-0.0509399	0.356454	0.563653	0.857826	2.10631	0.22357	-2.13876	-0.577883	-1.78959	-1.01371	5.01579	2.33486	0.0955035	0.163274	-3.78968	-4.02419	-0.227968	1.61687	-0.08619	0.503424	0.713433	-0.414317	-0.726532	-0.0844991	1.46128	1.12737	-1.06216	-1.15353	
-0.22767	0.0830105	0.349906	0.535498	2.25892	0.131854	-2.00284	-0.413744	-1.94168	-0.6176	4.66181	2.31649	0.240088	0.305743	-3.39044	-3.60454	-0.457619	1.65894	-0.143375	0.342591	0.707026	-0.640863	-0.619433	-0.038256	1.36829	0.876533	-0.766344	-0.972636	
-0.576991	-0.349223	0.149189	0.0750325	2.29972	-0.125322	-1.85419	-0.197717	-1.60057	0.247514	4.08816	2.28925	0.507873	0.444488	-2.61982	-2.77944	-0.820245	1.391	-0.308657	0.52907	0.52433	-1.05575	-0.717116	-0.190669	1.34611	0.520336	-0.472935	-0.743761	
-0.988762	-0.843772	0.025258	-0.401835	2.21862	-0.460599	-1.68403	0.0333824	-0.902412	1.29346	3.42248	2.23346	0.82713	0.559475	-1.69664	-1.77731	-1.21267	0.878317	-0.547723	0.911187	0.241691	-1.53746	-0.957352	-0.466495	1.37933	0.16299	-0.211113	-0.498952	
-1.33585	-1.28342	0.0175325	-0.771147	2.02963	-0.777465	-1.46972	0.220636	-0.0537073	2.16152	2.82187	2.13615	1.13064	0.633906	-0.862788	-0.904224	-1.51604	0.245269	-0.803424	1.29224	-0.0386978	-1.94416	-1.22952	-0.7675	1.43879	-0.0991109	0.0145011	-0.286256	
-1.50667	-1.56748	0.139323	-0.946074	1.79467	-0.995169	-1.18834	0.307695	0.717874	2.53265	2.42928	1.9976	1.35068	0.652925	-0.306934	-0.456289	-1.63257	-0.354452	-1.01437	1.49027	-0.212545	-2.16011	-1.41245	-1.00525	1.49851	-0.215435	0.218009	-0.15569	
-1.43988	-1.64078	0.377762	-0.896712	1.59994	-1.08112	-0.825244	0.246296	1.22176	2.21359	2.32492	1.82185	1.46877	0.605574	-0.0995675	-0.632598	-1.51313	-0.769244	-1.13632	1.38066	-0.214392	-2.1275	-1.41118	-1.13109	1.55968	-0.189737	0.438042	-0.150678	
-1.14453	-1.492	0.694634	-0.654545	1.52936	-1.04155	-0.397054	0.0296534	1.36258	1.21407	2.48629	1.63242	1.48919	0.494686	-0.236618	-1.4417	-1.1735	-0.911589	-1.14392	0.943825	-0.0349017	-1.8599	-1.19014	-1.13657	1.63151	-0.0678968	0.693565	-0.275688	
-0.688807	-1.1784	1.03713	-0.293205	1.63365	-0.911651	0.0615938	-0.3095	1.135	-0.281469	2.79681	1.44573	1.44914	0.330905	-0.627037	-2.71387	-0.683189	-0.749138	-1.03922	0.242693	0.277948	-1.42369	-0.778107	-1.04782	1.73724	0.089415	0.991122	-0.503627	
-0.177939	-0.784069	1.34397	0.0992975	1.9065	-0.731263	0.496547	-0.702088	0.609028	-1.96808	3.06667	1.27313	1.39577	0.146422	-1.13171	-4.14208	-0.143	-0.331909	-0.843476	-0.602398	0.636542	-0.915295	-0.257117	-0.901368	1.88868	0.230688	1.309	-0.770792	
0.285886	-0.397194	1.55851	0.448027	2.28474	-0.523868	0.846081	-1.04755	-0.0982429	-3.50439	3.11136	1.11723	1.34328	-0.0125218	-1.62626	-5.37733	0.343234	0.240719	-0.593004	-1.4481	0.947858	-0.426493	0.260272	-0.727529	2.06067	0.333564	1.593	-0.992277	
0.619773	-0.0980361	1.63137	0.705161	2.64573	-0.29931	1.06334	-1.24891	-0.849407	-4.59269	2.79993	0.971282	1.29155	-0.0957693	-2.01662	-6.11221	0.695821	0.842613	-0.325845	-2.15655	1.12853	-0.0241024	0.667049	-0.540653	2.19394	0.408496	1.78045	-1.08526	
0.786289	0.067347	1.53749	0.849125	2.87426	-0.0570205	1.1209	-1.23036	-1.52248	-5.04147	2.12308	0.828448	1.20455	-0.0831767	-2.24886	-6.17178	0.871895	1.34795	-0.0755382	-2.62318	1.14771	0.252055	0.888654	-0.34422	2.21529	0.469952	1.81116	-0.9984	
0.792565	0.0883104	1.28324	0.883787	2.87977	0.188613	1.02466	-0.970239	-2.02502	-4.80367	1.20558	0.678944	1.03809	0.0186856	-2.30349	-5.54875	0.874697	1.67658	0.126359	-2.7932	1.01562	0.390825	0.900878	-0.146044	2.06278	0.527197	1.66058	-0.727689	
0.674675	-0.0063348	0.904735	0.816807	2.63131	0.405576	0.80779	-0.499944	-2.28583	-3.93744	0.244523	0.514295	0.745597	0.159256	-2.17863	-4.37439	0.73593	1.78542	0.26502	-2.64058	0.776845	0.394938	0.731984	0.0423949	1.70798	0.562285	1.33523	-0.31978	
0.489134	-0.174247	0.463331	0.659842	2.17626	0.550322	0.518974	0.105979	-2.26992	-2.59411	-0.533473	0.326019	0.293399	0.272281	-1.90893	-2.86717	0.502585	1.6979	0.333412	-2.18464	0.500142	0.276824	0.44643	0.198688	1.17099	0.536392	0.872411	0.140836	
0.289804	-0.366197	0.0323799	0.424697	1.61617	0.574317	0.215918	0.739703	-1.97412	-0.974235	-0.968388	0.115709	-0.327429	0.29606	-1.51868	-1.27455	0.223558	1.47694	0.336269	-1.47849	0.247586	0.0531792	0.125581	0.294169	0.525525	0.403862	0.335241	0.555082	
0.11903	-0.53376	-0.326069	0.13082	1.08403	0.454205	-0.0499057	1.30037	-1.42584	0.716231	-1.01399	-0.10963	-1.10353	0.192515	-1.0495	0.193803	-0.0649102	1.2056	0.292098	-0.601904	0.0674526	-0.25167	-0.155568	0.309973	-0.140978	0.134426	-0.210978	0.837369	
-0.00596783	-0.651058	-0.578083	-0.191663	0.673951	0.199639	-0.230558	1.70873	-0.677782	2.28994	-0.767818	-0.333283	-1.98547	-0.0218951	-0.549278	1.40521	-0.338603	0.969448	0.230933	0.34425	-0.0318409	-0.600096	-0.342279	0.247335	-0.750713	-0.254236	-0.704558	0.945411	
-0.0844033	-0.712098	-0.722501	-0.505505	0.438358	-0.137102	-0.290229	1.92887	0.188927	3.59611	-0.427852	-0.538949	-2.89613	-0.30815	-0.0429402	2.2958	-0.586272	0.82315	0.194428	1.25113	-0.0610452	-0.946148	-0.407641	0.133807	-1.25108	-0.712307	-1.09815	0.877591	
-0.129349	-0.735795	-0.794196	-0.768402	0.363248	-0.477464	-0.208823	1.97455	1.07416	4.52366	-0.220583	-0.7067	-3.74565	-0.587863	0.441445	2.86746	-0.806241	0.797728	0.223288	2.01208	-0.0487037	-1.24122	-0.348964	0.0170104	-1.64011	-1.15484	-1.36334	0.683289	
-0.163684	-0.745432	-0.841069	-0.949068	0.384734	-0.745752	0.0178397	1.89192	1.8771	5.01392	-0.315445	-0.8155	-4.42549	-0.803191	0.893323	3.14885	-0.995376	0.874925	0.350473	2.55037	-0.0259822	-1.44562	-0.18508	-0.0544991	-1.94172	-1.49711	-1.48765	0.433881	
-0.201105	-0.76519	-0.903932	-1.03336	0.441508	-0.886227	0.366144	1.75285	2.51349	5.05748	-0.751577	-0.856796	-4.85424	-0.933547	1.28841	3.18277	-1.15059	1.01505	0.588774	2.82452	-0.00256861	-1.54202	0.0538065	-0.0459233	-2.19138	-1.68484	-1.48251	0.200684	
-0.250098	-0.821431	-0.999314	-1.03152	0.474971	-0.89296	0.79772	1.61899	2.92078	4.69176	-1.43948	-0.836482	-4.97175	-0.991033	1.63199	3.00243	-1.26361	1.16573	0.925249	2.83316	0.0199974	-1.53645	0.335658	0.0465547	-2.40152	-1.7041	-1.36337	0.0378104	
-0.302998	-0.915248	-1.10893	-0.971121	0.473036	-0.793973	1.25013	1.5392	3.07342	4.0052	-2.18949	-0.790006	-4.76923	-1.02779	1.90917	2.64456	-1.32348	1.27501	1.32218	2.61887	0.0563805	-1.45461	0.626418	0.199802	-2.55394	-1.5936	-1.16432	-0.034941	
-0.338392	-1.02338	-1.19188	-0.882369	0.451135	-0.640818	1.64674	1.53592	2.98085	3.12567	-2.79501	-0.767286	-4.31002	-1.08456	2.08045	2.1628	-1.31909	1.32354	1.72148	2.24794	0.1198	-1.32587	0.893377	0.373952	-2.61516	-1.41362	-0.935889	-0.0206042	
-0.326111	-1.10614	-1.19811	-0.784132	0.447262	-0.482161	1.90734	1.60405	2.68054	2.20464	-3.08958	-0.807169	-3.71355	-1.19856	2.10043	1.62209	-1.23876	1.3113	2.05814	1.80046	0.221359	-1.17135	1.09962	0.523534	-2.54546	-1.23327	-0.738617	0.0518998	
-0.236009	-1.10765	-1.09729	-0.675267	0.496846	-0.343339	1.96547	1.72102	2.22282	1.39581	-3.01382	-0.93166	-3.14275	-1.35851	1.93257	1.10428	-1.08075	1.26537	2.27076	1.34652	0.357016	-0.998655	1.21144	0.616079	-2.33523	-1.09839	-0.633402	0.146398	
-0.0573056	-0.983638	-0.895745	-0.534871	0.586567	-0.221326	1.78791	1.84982	1.66491	0.831649	-2.63604	-1.11787	-2.73823	-1.50432	1.56464	0.699458	-0.850064	1.21349	2.31599	0.94011	0.499358	-0.796904	1.19883	0.640304	-2.02199	-1.01171	-0.662535	0.239182	
0.204253	-0.702783	-0.629705	-0.337587	0.685205	-0.0904677	1.37539	1.95668	1.06692	0.599824	-2.08951	-1.30658	-2.60259	-1.57488	1.01903	0.486058	-0.564833	1.17675	2.17172	0.612561	0.621008	-0.554433	1.04081	0.603078	-1.68118	-0.951723	-0.846138	0.312816	
0.51419	-0.282841	-0.367304	-0.0704435	0.729412	0.0692571	0.774445	2.00905	0.475786	0.724577	-1.53675	-1.41184	-2.74212	-1.50729	0.387666	0.511284	-0.256109	1.16454	1.84316	0.370758	0.692776	-0.269005	0.736841	0.519096	-1.40738	-0.878911	-1.15961	0.366457	
0.82005	0.227751	-0.170718	0.255962	0.67192	0.260824	0.0581257	1.98463	-0.0646359	1.15895	-1.08568	-1.34372	-3.066	-1.29541	-0.216978	0.776773	0.0424564	1.15372	1.3547	0.208603	0.707801	0.039116	0.3026	0.397483	-1.26985	-0.765906	-1.54506	0.402169	
1.06971	0.759289	-0.0734451	0.601889	0.50327	0.458279	-0.684223	1.87093	-0.515191	1.79525	-0.760172	-1.05826	-3.43376	-0.981247	-0.673885	1.2324	0.297779	1.11579	0.746412	0.10996	0.678786	0.329184	-0.223159	0.238345	-1.28994	-0.610206	-1.92446	0.420378	
1.22186	1.22103	-0.0666891	0.910975	0.243435	0.614823	-1.36492	1.66286	-0.836893	2.48311	-0.5133	-0.562923	-3.67711	-0.647831	-0.893134	1.78902	0.490003	1.01635	0.0688994	0.0597651	0.635835	0.55435	-0.786938	0.0346101	-1.42448	-0.431847	-2.22036	0.419176	
1.26451	1.54406	-0.101208	1.12535	-0.0398372	0.681449	-1.91473	1.36596	-1.00078	3.0578	-0.249004	0.0620835	-3.66862	-0.389914	-0.836002	2.33299	0.613647	0.83628	-0.626496	0.0417265	0.615312	0.674668	-1.33062	-0.225634	-1.57377	-0.271107	-2.37592	0.387494	
1.21399	1.68713	-0.113839	1.21039	-0.28158	0.628911	-2.2892	0.99429	-0.981925	3.37849	0.0866282	0.693952	-3.35675	-0.259202	-0.545019	2.75723	0.680549	0.586071	-1.28416	0.0475521	0.639102	0.679373	-1.79579	-0.538462	-1.62914	-0.158253	-2.37263	0.321999	
1.11316	1.66087	-0.0448884	1.16677	-0.417997	0.465347	-2.47441	0.572043	-0.768417	3.3537	0.512388	1.20655	-2.80294	-0.280774	-0.106603	2.97552	0.713905	0.29491	-1.85471	0.07273	0.717487	0.588014	-2.14194	-0.884049	-1.51081	-0.111606	-2.23082	0.216257	
1.01109	1.49986	0.124264	1.03103	-0.428329	0.232428	-2.4788	0.129635	-0.379512	2.95941	0.970869	1.50057	-2.12695	-0.409928	0.383248	2.93937	0.737464	0.0169014	-2.29253	0.108613	0.829009	0.448544	-2.3417	-1.22302	-1.20265	-0.11792	-1.99556	0.0742754	
0.947705	1.26931	0.367648	0.864257	-0.344226	-0.00492443	-2.32707	-0.299555	0.137478	2.23825	1.35103	1.54578	-1.47412	-0.563976	0.832733	2.65289	0.773156	-0.205867	-2.56277	0.144164	0.935587	0.32269	-2.38445	-1.50079	-0.763914	-0.140589	-1.72119	-0.0895171	
0.943038	1.04748	0.623637	0.731036	-0.227982	-0.181052	-2.05474	-0.679612	0.708022	1.29035	1.54257	1.37778	-0.983535	-0.662937	1.18545	2.16359	0.830723	-0.340699	-2.64182	0.161739	0.991117	0.267577	-2.27073	-1.66058	-0.312077	-0.13647	-1.45737	-0.254792	
0.988713	0.892055	0.816102	0.679379	-0.162481	-0.254903	-1.70248	-0.979364	1.23639	0.249619	1.46023	1.08482	-0.719876	-0.650648	1.41877	1.55419	0.909884	-0.374505	-2.5227	0.138478	0.962215	0.319042	-2.00914	-1.65666	0.0234677	-0.067998	-1.23617	-0.396721	
1.06052	0.83762	0.8841	0.726881	-0.198539	-0.21448	-1.31376	-1.17095	1.61454	-0.745941	1.1036	0.773767	-0.690138	-0.529007	1.54967	0.923154	0.999831	-0.329305	-2.22177	0.0475585	0.845373	0.480969	-1.62162	-1.4721	0.145649	0.0744202	-1.06655	-0.493766	
1.13007	0.892877	0.807476	0.858325	-0.3558	-0.0796129	-0.933743	-1.23792	1.74915	-1.57378	0.521299	0.517566	-0.833831	-0.334041	1.58237	0.365716	1.08916	-0.235806	-1.77486	-0.129563	0.661982	0.732339	-1.13367	-1.11474	0.0252026	0.277746	-0.946622	-0.527558	
1.17842	1.03776	0.617134	1.03387	-0.60769	0.116119	-0.603006	-1.17328	1.58939	-2.14149	-0.179054	0.344495	-1.08298	-0.137219	1.51486	-0.0399326	1.1679	-0.140586	-1.23901	-0.391529	0.459816	1.03391	-0.588149	-0.622336	-0.29308	0.502623	-0.869982	-0.487251	
1.19843	1.22471	0.37161	1.20593	-0.901992	0.335551	-0.354733	-0.983027	1.13726	-2.39172	-0.888351	0.231477	-1.35599	-0.00293586	1.32492	-0.241553	1.23006	-0.0749421	-0.68411	-0.715458	0.285141	1.34377	-0.0377619	-0.0552824	-0.71094	0.707041	-0.831266	-0.3661	
1.19195	1.39822	0.134819	1.32924	-1.18216	0.547637	-0.206089	-0.690123	0.456113	-2.2996	-1.52729	0.128567	-1.59224	0.0434497	0.989925	-0.217731	1.27176	-0.0604447	-0.184366	-1.04999	0.169127	1.62107	0.456585	0.513823	-1.10785	0.85642	-0.82492	-0.166158	
1.16425	1.50463	-0.0493791	1.37481	-1.39674	0.737016	-0.157924	-0.326981	-0.335858	-1.87385	-2.0431	-0.00588238	-1.77319	0.0139168	0.518712	0.0244641	1.28266	-0.104561	0.193823	-1.32697	0.117859	1.82964	0.831837	1.00947	-1.39448	0.929904	-0.846925	0.102575	
1.10983	1.49002	-0.173443	1.32843	-1.52116	0.886351	-0.194568	0.0590455	-1.09883	-1.15658	-2.41112	-0.185901	-1.86438	-0.0423399	-0.0316892	0.451406	1.24789	-0.194388	0.400242	-1.48029	0.107233	1.93694	1.03665	1.3602	-1.52292	0.92694	-0.880138	0.416308	
1.01319	1.31659	-0.264934	1.19258	-1.55356	0.97688	-0.284921	0.413991	-1.70035	-0.226022	-2.59669	-0.372545	-1.83747	-0.0660555	-0.549214	1.0114	1.14914	-0.331257	0.410709	-1.46481	0.0978384	1.91417	1.04259	1.50907	-1.5031	0.857864	-0.896246	0.7409	
0.85518	0.988114	-0.365185	0.982731	-1.51948	0.983118	-0.39462	0.680785	-2.04132	0.803644	-2.5765	-0.505924	-1.65063	-0.00964303	-0.917088	1.6371	0.979418	-0.504855	0.235713	-1.26988	0.0465357	1.74854	0.860161	1.43057	-1.38594	0.742642	-0.86573	1.0323	
0.622307	0.527911	-0.504512	0.720588	-1.45026	0.881085	-0.485681	0.81333	-2.08291	1.79217	-2.32263	-0.526264	-1.27343	0.132072	-1.01416	2.24416	0.744805	-0.710341	-0.0807506	-0.927674	-0.0716184	1.44547	0.534544	1.13485	-1.22386	0.597196	-0.758445	1.2418	
0.325021	-0.00788826	-0.685646	0.436632	-1.36185	0.662673	-0.533919	0.788611	-1.84752	2.59097	-1.81816	-0.406303	-0.702229	0.32808	-0.789635	2.74167	0.46978	-0.935989	-0.473783	-0.504689	-0.246273	1.03504	0.135697	0.667409	-1.06132	0.432485	-0.566519	1.32742	
0.000762013	-0.534412	-0.877709	0.163875	-1.26796	0.343364	-0.525197	0.606147	-1.40233	3.07318	-1.1003	-0.174646	0.0209816	0.525652	-0.274717	3.04	0.199221	-1.1671	-0.866609	-0.0775298	-0.444509	0.575531	-0.254927	0.105822	-0.904306	0.261432	-0.305974	1.26202	
-0.291965	-0.961731	-1.02541	-0.0614428	-1.16917	-0.0268395	-0.453953	0.298245	-0.819754	3.16681	-0.267233	0.0979534	0.784827	0.661558	0.418438	3.07023	-0.0174857	-1.39549	-1.18498	0.296856	-0.614891	0.141857	-0.565538	-0.45511	-0.741614	0.0935016	-0.02148	1.04359	
-0.499963	-1.22492	-1.08167	-0.212836	-1.07361	-0.38647	-0.318844	-0.081742	-0.159566	2.88	0.521538	0.31805	1.46884	0.68966	1.13745	2.80612	-0.142171	-1.59974	-1.37261	0.598167	-0.719126	-0.194217	-0.751285	-0.929094	-0.552992	-0.0561898	0.2393	0.697684	
-0.598935	-1.30064	-1.03089	-0.276559	-0.99951	-0.676354	-0.118482	-0.470577	0.543099	2.30571	1.09151	0.415264	1.96192	0.608383	1.74682	2.28476	-0.164177	-1.78477	-1.40206	0.845177	-0.750076	-0.389165	-0.803373	-1.2579	-0.326713	-0.167782	0.439031	0.276066	
-0.596806	-1.2016	-0.90066	-0.25449	-0.971257	-0.854823	0.140006	-0.803833	1.27602	1.59622	1.28899	0.362956	2.19925	0.454999	2.14647	1.59641	-0.102028	-1.95415	-1.27389	1.08413	-0.726616	-0.43452	-0.743251	-1.41742	-0.0895086	-0.220047	0.55395	-0.154704	
-0.545116	-0.989744	-0.753642	-0.168932	-1.02424	-0.923129	0.444446	-1.033	2.02927	0.931121	1.04709	0.199493	2.19284	0.291204	2.32913	0.884328	-0.00123356	-2.1295	-1.0169	1.36106	-0.700113	-0.36691	-0.619503	-1.42989	0.118247	-0.196608	0.593397	-0.523382	
-0.515203	-0.742438	-0.659344	-0.049533	-1.16978	-0.916378	0.764738	-1.13089	2.7663	0.462432	0.425864	0.0115907	2.02668	0.186768	2.34566	0.300232	0.0835569	-2.34118	-0.685419	1.69019	-0.717643	-0.254633	-0.490805	-1.34873	0.242773	-0.0957638	0.583781	-0.773044	
-0.571086	-0.533895	-0.666438	0.071477	-1.41572	-0.890825	1.05688	-1.09768	3.40825	0.276528	-0.425943	-0.108869	1.82652	0.20469	2.28415	-0.0225933	0.113047	-2.60266	-0.341196	2.03605	-0.816371	-0.166493	-0.407669	-1.23585	0.251916	0.076285	0.560102	-0.862813	
-0.740231	-0.41062	-0.777134	0.175152	-1.7384	-0.890511	1.26568	-0.951026	3.84234	0.378281	-1.29917	-0.09479	1.69414	0.370571	2.22169	-0.0125795	0.0777441	-2.91233	-0.0432498	2.3209	-0.996257	-0.145632	-0.401066	-1.13655	0.142547	0.298334	0.541896	-0.779949	
