0.205761	-0.244797	-0.214998	-0.972186	-2.70802	-2.1326	-2.4966	-0.1155	0.57908	2.25614	0.697127	-0.622178	-0.772209	-0.947475	-2.43608	-0.0429899	0.680378	0.188738	0.430831	2.31281	-0.106184	-0.187279	-1.279	-0.38349	-0.364695	-1.60965	-2.65662	-1.28302	
0.267341	-0.106143	-0.0902779	-0.661217	-2.91727	-1.93975	-2.915	-0.166824	0.776982	2.20275	0.45176	-0.0807403	-0.836241	-0.72917	-2.41018	0.0625755	0.571274	0.345846	0.271894	2.45033	-0.062726	-0.0544836	-1.4166	-0.459557	-0.507087	-1.15957	-2.88177	-1.17178	
0.333492	0.142756	0.0336957	-0.171104	-2.91418	-1.54231	-2.95992	-0.208196	0.886026	1.95515	0.240738	0.403676	-0.903928	-0.448504	-2.26152	0.119655	0.556651	0.503829	0.123583	2.36831	-0.00459315	0.154244	-1.40969	-0.496855	-0.589854	-0.456306	-2.85338	-0.946371	
0.346402	0.405	0.106288	0.322184	-2.66218	-0.97214	-2.54883	-0.186617	0.879736	1.55316	0.141731	0.562173	-0.930495	-0.0806368	-2.01925	0.148805	0.617246	0.592319	0.0208021	2.06921	0.0481624	0.385583	-1.26006	-0.465694	-0.567508	0.33688	-2.5349	-0.585596	
0.248041	0.587785	0.0935257	0.628851	-2.16644	-0.30337	-1.68689	-0.0602117	0.784139	1.09671	0.18667	0.30471	-0.866139	0.364866	-1.70846	0.186157	0.681182	0.560875	-0.00686232	1.62973	0.0727591	0.56819	-0.994017	-0.343767	-0.429524	1.01015	-1.944	-0.106005	
-0.00214812	0.615419	-0.00178248	0.619011	-1.49811	0.373812	-0.500606	0.185816	0.665613	0.694435	0.329162	-0.214695	-0.700684	0.847199	-1.34692	0.262389	0.631981	0.406715	0.0646818	1.16637	0.0399973	0.624951	-0.651307	-0.120908	-0.207564	1.37667	-1.16863	0.446461	
-0.406537	0.437113	-0.165658	0.270957	-0.76281	0.972141	0.791595	0.539927	0.598338	0.444931	0.448558	-0.764303	-0.453403	1.29942	-0.956373	0.391762	0.376257	0.163461	0.23538	0.79746	-0.0693765	0.51553	-0.276212	0.190659	0.0320354	1.36403	-0.335117	1.00498	
-0.915357	0.0831747	-0.371884	-0.34289	-0.0852132	1.42308	1.91216	0.959094	0.640889	0.389899	0.402672	-1.10459	-0.18449	1.63351	-0.558154	0.565259	-0.117338	-0.102234	0.492926	0.598509	-0.256296	0.242778	0.0951369	0.558966	0.200732	0.999524	0.407814	1.49387	
-1.42419	-0.410495	-0.583031	-1.05902	0.436857	1.6987	2.62197	1.38028	0.793007	0.495144	0.115599	-1.07128	0.0224322	1.782	-0.18462	0.749884	-0.789817	-0.309883	0.804981	0.565847	-0.486306	-0.130699	0.440617	0.937192	0.239284	0.42828	0.938374	1.85437	
-1.81039	-0.963184	-0.760151	-1.69403	0.765603	1.8124	2.81685	1.74288	1.00922	0.669796	-0.406776	-0.742149	0.115335	1.71081	0.14332	0.910105	-1.49692	-0.395608	1.13278	0.633926	-0.697834	-0.503601	0.753924	1.27794	0.133982	-0.156814	1.21524	2.05797	
-1.97901	-1.51935	-0.872317	-2.10966	0.911183	1.79545	2.54231	1.99274	1.19474	0.794511	-1.05421	-0.34041	0.0791993	1.43846	0.406547	1.01715	-2.07905	-0.340132	1.41846	0.688657	-0.83483	-0.785187	1.01979	1.52931	-0.0812167	-0.600441	1.26392	2.10283	
-1.89241	-2.03182	-0.903735	-2.23262	0.94139	1.68965	1.97557	2.1013	1.25172	0.785278	-1.6499	-0.137223	-0.0483928	1.01529	0.593897	1.06718	-2.38596	-0.173721	1.59966	0.625869	-0.850666	-0.899604	1.21676	1.65454	-0.31684	-0.805815	1.1734	2.01425	
-1.58099	-2.44114	-0.845436	-2.06465	0.940711	1.54487	1.3582	2.07602	1.12174	0.619333	-2.0347	-0.32183	-0.198431	0.521684	0.712021	1.08159	-2.34198	0.0445901	1.6365	0.394371	-0.729018	-0.817654	1.32483	1.6495	-0.478441	-0.773626	1.05616	1.84153	
-1.12519	-2.6947	-0.69126	-1.63293	0.976611	1.40784	0.923901	1.9471	0.806338	0.343122	-2.09839	-0.892209	-0.284472	0.0500971	0.779036	1.09595	-1.95956	0.252864	1.51114	0.0176371	-0.490283	-0.55341	1.32808	1.53701	-0.497399	-0.549022	1.01087	1.64438	
-0.638452	-2.71392	-0.455632	-1.01007	1.07309	1.29619	0.79816	1.74904	0.367988	0.036531	-1.83229	-1.63573	-0.241821	-0.322017	0.816354	1.13159	-1.34601	0.39731	1.23478	-0.426811	-0.191193	-0.174657	1.22118	1.35375	-0.367856	-0.230279	1.07638	1.45876	
-0.216188	-2.45138	-0.152738	-0.269622	1.19694	1.20463	0.962196	1.50632	-0.098068	-0.220617	-1.31776	-2.17849	-0.0622635	-0.55387	0.845504	1.18869	-0.664386	0.450206	0.83727	-0.83781	0.0946181	0.222478	1.01384	1.1321	-0.132344	0.0827447	1.21947	1.29552	
0.0798034	-1.88806	0.170771	0.481741	1.29376	1.09099	1.28571	1.2285	-0.500446	-0.380452	-0.72055	-2.25341	0.222093	-0.654181	0.876743	1.23764	-0.0700996	0.408068	0.359019	-1.13534	0.301491	0.544891	0.733465	0.889031	0.134262	0.305345	1.36907	1.12719	
0.240574	-1.09323	0.451875	1.12868	1.29826	0.899822	1.53783	0.915165	-0.780475	-0.437305	-0.209206	-1.77964	0.538696	-0.66613	0.912016	1.23214	0.324165	0.284474	-0.153553	-1.28203	0.387098	0.720808	0.415629	0.620524	0.346382	0.385898	1.42612	0.905507	
0.31051	-0.196905	0.644629	1.5653	1.18297	0.580605	1.52369	0.559418	-0.927168	-0.424159	0.133039	-0.831271	0.811899	-0.656103	0.948346	1.13	0.499513	0.111727	-0.654533	-1.29225	0.358873	0.72967	0.102894	0.312765	0.473413	0.304568	1.32334	0.581182	
0.348248	0.610731	0.71622	1.7039	0.960012	0.113765	1.1753	0.170906	-0.96383	-0.387395	0.28638	0.26557	0.989644	-0.692699	0.992929	0.915236	0.500828	-0.076408	-1.09461	-1.2116	0.255952	0.590018	-0.166266	-0.0386708	0.51573	0.0700622	1.06309	0.130316	
0.400437	1.13554	0.678559	1.52207	0.667121	-0.475689	0.563939	-0.226398	-0.935259	-0.372249	0.328754	1.10457	1.05824	-0.831825	1.05487	0.599537	0.413986	-0.241347	-1.42587	-1.09177	0.130506	0.349975	-0.366711	-0.420382	0.512083	-0.29579	0.707092	-0.433255	
0.475618	1.24287	0.561125	1.04743	0.364933	-1.12937	-0.14837	-0.596003	-0.895635	-0.39305	0.353597	1.36531	1.04149	-1.09993	1.1283	0.219008	0.333407	-0.357871	-1.62108	-0.977649	0.0333723	0.0724443	-0.495274	-0.796206	0.51386	-0.762352	0.348044	-1.06203	
0.564596	0.923424	0.432647	0.404184	0.0969382	-1.74019	-0.787261	-0.883014	-0.865481	-0.423315	0.438776	0.961543	0.97634	-1.48224	1.20783	-0.163923	0.328646	-0.395013	-1.65134	-0.87119	0.000111763	-0.174761	-0.552636	-1.10065	0.554633	-1.27529	0.067263	-1.6664	
0.651525	0.329629	0.365592	-0.235949	-0.101138	-2.18828	-1.20496	-1.03251	-0.84038	-0.40804	0.60754	0.0474432	0.907129	-1.90717	1.27563	-0.4839	0.45157	-0.317165	-1.50322	-0.748551	0.0571815	-0.321098	-0.537365	-1.25042	0.642305	-1.76559	-0.08022	-2.14059	
0.720971	-0.309856	0.398293	-0.707669	-0.238334	-2.38044	-1.37904	-1.01492	-0.798361	-0.30421	0.812149	-1.01638	0.858334	-2.28403	1.31311	-0.696177	0.690694	-0.108564	-1.19529	-0.58124	0.195065	-0.333671	-0.456446	-1.18988	0.728379	-2.16086	-0.108743	-2.39571	
0.773472	-0.734929	0.531184	-0.908419	-0.342907	-2.2791	-1.36528	-0.834702	-0.708786	-0.100019	0.972247	-1.79939	0.836384	-2.50947	1.32139	-0.777489	0.995602	0.220688	-0.77382	-0.354779	0.383783	-0.217379	-0.31731	-0.910548	0.756879	-2.41657	-0.0700835	-2.38452	
0.813334	-0.778986	0.692915	-0.842826	-0.448063	-1.92187	-1.27255	-0.535798	-0.565824	0.177534	0.997308	-2.02414	0.831745	-2.5035	1.31053	-0.730846	1.29326	0.613976	-0.327147	-0.0937755	0.571593	-0.0106539	-0.14712	-0.469506	0.671507	-2.5005	-0.0323214	-2.11379	
0.842223	-0.423553	0.780267	-0.604388	-0.581216	-1.40281	-1.22796	-0.188098	-0.381993	0.464072	0.846476	-1.61923	0.831911	-2.24044	1.31009	-0.584637	1.50402	0.988268	0.0506726	0.152563	0.699375	0.225846	0.0173492	0.025113	0.45232	-2.41605	-0.0544408	-1.64453	
0.859507	0.210768	0.700864	-0.340026	-0.726544	-0.84456	-1.2907	0.136763	-0.180781	0.710202	0.549925	-0.713883	0.846076	-1.73652	1.36419	-0.363219	1.59169	1.25046	0.273556	0.33493	0.732261	0.439383	0.131415	0.450073	0.146737	-2.18271	-0.14396	-1.06414	
0.850309	0.888242	0.41611	-0.179425	-0.856537	-0.358148	-1.43431	0.376834	0.0142127	0.870476	0.214035	0.384283	0.895783	-1.07422	1.51288	-0.0945076	1.53214	1.33145	0.296727	0.418416	0.64875	0.581931	0.156974	0.700975	-0.17156	-1.82975	-0.263389	-0.469663	
0.78812	1.3704	-0.032333	-0.183909	-0.923651	-0.00833142	-1.53897	0.509251	0.191336	0.939359	-0.0351579	1.25512	1.00983	-0.36098	1.76871	0.199885	1.3411	1.21695	0.140213	0.405898	0.462453	0.635982	0.0821566	0.739853	-0.407555	-1.39708	-0.330469	0.0618035	
0.647342	1.49095	-0.544115	-0.332379	-0.89603	0.188603	-1.52043	0.535844	0.330924	0.931447	-0.108991	1.62839	1.19205	0.2753	2.08001	0.48718	1.05573	0.946393	-0.139758	0.314479	0.207059	0.60738	-0.0843326	0.590458	-0.497593	-0.922141	-0.29427	0.479644	
0.430593	1.23066	-0.978336	-0.528865	-0.759027	0.273387	-1.34345	0.498144	0.427836	0.888682	0.00100075	1.40585	1.42214	0.732644	2.36136	0.739207	0.730379	0.61384	-0.44229	0.186176	-0.0593911	0.529253	-0.292168	0.343875	-0.42079	-0.448338	-0.136861	0.770603	
0.177371	0.721226	-1.21003	-0.647448	-0.514834	0.319575	-1.05994	0.462865	0.473257	0.867953	0.233632	0.680343	1.64382	0.9923	2.50343	0.943115	0.441596	0.337555	-0.662319	0.0629355	-0.263942	0.458514	-0.467357	0.129143	-0.208426	-0.00807027	0.105488	0.964946	
-0.056344	0.159076	-1.18144	-0.606869	-0.198132	0.400562	-0.792844	0.493856	0.462421	0.89819	0.481523	-0.281521	1.78579	1.07133	2.42779	1.09298	0.228028	0.218522	-0.715909	-0.0283226	-0.355604	0.431058	-0.53241	0.0631482	0.0513832	0.357313	0.353282	1.11075	
-0.210232	-0.253252	-0.921064	-0.410929	0.15556	0.556104	-0.631936	0.640128	0.393379	0.985176	0.614695	-1.16746	1.78805	1.05376	2.13036	1.2006	0.104212	0.299963	-0.564271	-0.0801125	-0.312852	0.458977	-0.430746	0.210943	0.278436	0.599453	0.541703	1.25854	
-0.25742	-0.430844	-0.553042	-0.146799	0.500306	0.775215	-0.638696	0.897082	0.252746	1.08702	0.561316	-1.71733	1.61989	1.01598	1.6719	1.27577	0.0384314	0.541063	-0.242921	-0.122635	-0.168261	0.516697	-0.162927	0.549686	0.397578	0.685251	0.620822	1.43297	
-0.210102	-0.394781	-0.234431	0.0501119	0.801459	1.01339	-0.771376	1.22697	0.0510058	1.15178	0.31722	-1.82471	1.3106	1.02151	1.18742	1.33256	-0.0263912	0.84597	0.178482	-0.178483	0.0114109	0.556845	0.224219	0.993393	0.38695	0.602713	0.60265	1.63482	
-0.116111	-0.255245	-0.0942572	0.0696115	1.04606	1.21511	-0.941755	1.56416	-0.176794	1.14378	-0.0390351	-1.4553	0.938759	1.09974	0.837923	1.391	-0.132791	1.09683	0.609201	-0.250152	0.155432	0.539853	0.647027	1.4235	0.282832	0.391631	0.537864	1.84758	
-0.0323893	-0.163017	-0.173404	-0.118563	1.23134	1.34099	-1.02138	1.82887	-0.369152	1.04089	-0.370804	-0.730633	0.619274	1.21654	0.761561	1.45662	-0.316414	1.20653	0.975328	-0.312746	0.205189	0.439555	1.01834	1.73084	0.152001	0.125855	0.508083	2.03377	
5.01124e-05	-0.198737	-0.410925	-0.441088	1.36807	1.38508	-0.902324	1.95684	-0.462455	0.848557	-0.577273	0.126843	0.453024	1.34575	1.01396	1.52512	-0.566716	1.15534	1.2391	-0.326154	0.146386	0.270374	1.27866	1.85653	0.0666834	-0.0947574	0.588483	2.16059	
-0.0330378	-0.365444	-0.692156	-0.766497	1.45332	1.36709	-0.595821	1.9051	-0.422119	0.585447	-0.612854	0.947433	0.475775	1.41887	1.53158	1.57394	-0.848702	0.990942	1.38884	-0.266753	0.000184712	0.0731775	1.40123	1.79859	0.04622	-0.187781	0.782738	2.19475	
-0.0968984	-0.571314	-0.885237	-0.945225	1.48928	1.32263	-0.197209	1.67942	-0.251651	0.295007	-0.535043	1.58589	0.654057	1.41085	2.16955	1.58705	-1.0922	0.807939	1.44263	-0.130541	-0.171922	-0.08363	1.40799	1.61092	0.0851006	-0.111632	1.04606	2.1213	
-0.137069	-0.713068	-0.916004	-0.876975	1.47407	1.28534	0.120888	1.33008	0.0046274	0.0355486	-0.454282	1.93734	0.89097	1.32737	2.7456	1.57195	-1.2252	0.699889	1.42242	0.0553439	-0.299114	-0.132702	1.34587	1.37474	0.121827	0.125139	1.28435	1.95061	
-0.0951455	-0.703547	-0.782992	-0.562013	1.40406	1.27641	0.21822	0.947854	0.289195	-0.133174	-0.476276	1.94016	1.06319	1.2139	3.12251	1.56706	-1.21222	0.734379	1.36352	0.255441	-0.328108	-0.0421868	1.27707	1.17725	0.079622	0.458028	1.40702	1.72067	
0.043352	-0.538353	-0.569336	-0.0969744	1.28931	1.28912	0.0563179	0.63641	0.545002	-0.155522	-0.687059	1.61524	1.07075	1.13227	3.25683	1.63346	-1.05318	0.91056	1.29164	0.435847	-0.240389	0.179518	1.24503	1.07336	-0.0878215	0.797826	1.37305	1.48689	
0.24557	-0.315494	-0.402744	0.355108	1.13467	1.28032	-0.283488	0.460941	0.722717	-0.0228489	-1.05769	1.02521	0.868576	1.08545	3.19708	1.80863	-0.807806	1.15579	1.20525	0.563986	-0.0744537	0.464095	1.24894	1.05669	-0.389717	1.03117	1.19612	1.27957	
0.4422	-0.152146	-0.375878	0.643172	0.962591	1.20587	-0.629578	0.447059	0.820222	0.255303	-1.48969	0.24969	0.508147	1.07504	3.07816	2.10957	-0.543513	1.36373	1.10154	0.650215	0.115248	0.725522	1.25887	1.08327	-0.75675	1.09251	0.959052	1.1234	
0.555443	-0.129311	-0.506035	0.673152	0.799157	1.03349	-0.820997	0.565076	0.869939	0.633618	-1.8029	-0.545653	0.104724	1.05406	3.04648	2.50223	-0.316945	1.44001	0.973215	0.729278	0.275336	0.883074	1.22744	1.09141	-1.07616	0.960737	0.75673	1.01461	
0.551265	-0.240429	-0.698449	0.467101	0.682888	0.769998	-0.755904	0.745973	0.927077	1.04307	-1.81488	-1.18746	-0.185012	0.966569	3.21305	2.9156	-0.142693	1.34562	0.826045	0.85293	0.389102	0.898702	1.12505	1.03746	-1.20094	0.68149	0.680818	0.935438	
0.437628	-0.38376	-0.801621	0.131771	0.642012	0.457188	-0.435698	0.899275	1.03511	1.38853	-1.45904	-1.5326	-0.228835	0.792505	3.59811	3.24897	-0.00493298	1.10606	0.666074	1.04604	0.468656	0.780514	0.947307	0.904949	-1.03787	0.342008	0.775924	0.863101	
0.277302	-0.400985	-0.670251	-0.192024	0.676766	0.154705	0.00703282	0.937335	1.19554	1.56343	-0.75725	-1.46948	0.0164585	0.54649	4.12154	3.4075	0.12438	0.802644	0.492142	1.28046	0.542704	0.570774	0.71756	0.707898	-0.58055	0.0259176	1.00321	0.773297	
0.141505	-0.183553	-0.252004	-0.390183	0.770144	-0.0733354	0.367415	0.827085	1.36793	1.52349	0.0966878	-0.976428	0.501911	0.31133	4.64432	3.36055	0.275106	0.523387	0.299403	1.49143	0.640124	0.34261	0.476105	0.489986	0.0910809	-0.189882	1.27178	0.67273	
0.0851877	0.267624	0.382084	-0.414205	0.87837	-0.183749	0.470411	0.594687	1.48108	1.28933	0.868426	-0.15169	1.09272	0.181466	5.02265	3.15377	0.444596	0.3248	0.0671729	1.58585	0.753937	0.156366	0.256675	0.297064	0.815758	-0.271802	1.4693	0.589907	
0.118063	0.820538	1.05151	-0.294451	0.947221	-0.154156	0.23776	0.341342	1.48504	0.995458	1.31586	0.797313	1.61684	0.266152	5.17634	2.9257	0.593414	0.219758	-0.202927	1.51149	0.847862	0.0529986	0.0825621	0.178895	1.40733	-0.205986	1.51118	0.591349	
0.17925	1.24976	1.51614	-0.132243	0.914855	-0.00599381	-0.265364	0.199472	1.36277	0.850177	1.27437	1.63138	1.92008	0.609343	5.10065	2.85125	0.649884	0.168465	-0.500992	1.26854	0.848998	0.0244891	-0.0568465	0.156517	1.7059	-0.028239	1.36445	0.741448	
0.178912	1.3115	1.56791	-0.0290382	0.724117	0.208116	-0.862045	0.289285	1.15104	1.08788	0.744179	2.15316	1.9159	1.14625	4.85801	3.09141	0.535926	0.0953531	-0.804222	0.930649	0.675161	0.0245511	-0.205328	0.218911	1.62069	0.214132	1.04933	1.07807	
0.0152744	0.862609	1.10685	-0.0756397	0.343685	0.413694	-1.35404	0.682386	0.937929	1.91813	-0.167744	2.2156	1.6103	1.75203	4.53748	3.73934	0.207059	-0.0745198	-1.07667	0.638602	0.274251	-0.0108571	-0.418999	0.3304	1.16287	0.455742	0.621925	1.59257	
-0.349957	-0.0445836	0.197808	-0.29852	-0.21508	0.54311	-1.62443	1.3752	0.848951	3.44974	-1.21402	1.79728	1.09746	2.25107	4.22471	4.78903	-0.313197	-0.367059	-1.27713	0.559215	-0.337802	-0.130919	-0.736876	0.446808	0.447872	0.628019	0.141342	2.22553	
-0.880315	-1.18727	-0.968309	-0.677398	-0.894034	0.553933	-1.67153	2.29339	1.00341	5.6559	-2.15444	1.03	0.519852	2.49985	3.97123	6.14274	-0.941183	-0.751962	-1.36635	0.834154	-1.07372	-0.348044	-1.15824	0.538411	-0.357009	0.671992	-0.347588	2.88471	
-1.47948	-2.23754	-2.13102	-1.15601	-1.60247	0.432925	-1.57895	3.29692	1.47929	8.33554	-2.78179	0.114389	0.0303653	2.42676	3.80393	7.63633	-1.56958	-1.15835	-1.334	1.51925	-1.80964	-0.654166	-1.6443	0.581565	-1.08589	0.542777	-0.813217	3.46452	
-2.02124	-2.92992	-3.07411	-1.6824	-2.24046	0.195417	-1.48855	4.2238	2.28432	11.1574	-3.0134	-0.712651	-0.275556	2.07154	3.74125	9.0884	-2.11834	-1.50542	-1.19447	2.56086	-2.42648	-1.02157	-2.12125	0.568343	-1.63562	0.219468	-1.24175	3.8776	
-2.42388	-3.144	-3.69298	-2.24912	-2.7119	-0.127637	-1.51906	4.9302	3.34367	13.7381	-2.90762	-1.29331	-0.362934	1.5709	3.81976	10.3537	-2.55282	-1.74587	-0.992056	3.80243	-2.84862	-1.42354	-2.50624	0.498388	-1.96774	-0.298394	-1.60981	4.07856	
-2.66199	-2.97585	-4.01384	-2.85222	-2.94459	-0.482426	-1.69277	5.33319	4.53463	15.7365	-2.60563	-1.53688	-0.255336	1.10761	4.11592	11.3595	-2.90008	-1.88177	-0.776293	5.03933	-3.06797	-1.83667	-2.7293	0.382959	-2.12026	-0.946937	-1.86705	4.09187	
-2.78616	-2.68782	-4.15517	-3.49808	-2.89798	-0.817545	-1.91984	5.41702	5.69765	16.9295	-2.29616	-1.4864	-0.0197348	0.85525	4.70665	12.0888	-3.21447	-1.95657	-0.585092	6.0704	-3.12844	-2.24033	-2.74531	0.239644	-2.15901	-1.62673	-1.93782	3.98292	
-2.88597	-2.57072	-4.24947	-4.15797	-2.57375	-1.08741	-2.0447	5.22538	6.68375	17.245	-2.1214	-1.27522	0.282969	0.899199	5.63286	12.5505	-3.54739	-2.02593	-0.430342	6.75614	-3.09897	-2.6192	-2.54879	0.0863795	-2.14068	-2.21977	-1.74529	3.83794	
-3.04073	-2.84311	-4.38793	-4.75978	-2.02166	-1.26292	-1.9021	4.82477	7.34728	16.7339	-2.15444	-1.01807	0.594756	1.20956	6.81472	12.7231	-3.91105	-2.13095	-0.304854	7.02445	-3.04421	-2.95019	-2.17306	-0.0597325	-2.101	-2.61008	-1.25567	3.71839	
-3.27761	-3.49423	-4.54869	-5.19608	-1.31702	-1.33727	-1.43066	4.27973	7.57652	15.5377	-2.32972	-0.86017	0.897544	1.6507	8.03402	12.5382	-4.24291	-2.27391	-0.196856	6.88542	-2.98234	-3.19502	-1.68372	-0.189997	-2.01474	-2.72095	-0.508834	3.63483	
-3.52634	-4.3194	-4.62619	-5.33427	-0.549627	-1.31071	-0.724807	3.64258	7.29774	13.8297	-2.54176	-0.820587	1.18042	2.03649	8.94696	11.8883	-4.42009	-2.39515	-0.0893269	6.40049	-2.87363	-3.28418	-1.15176	-0.28954	-1.8336	-2.53187	0.362922	3.5507	
-3.62954	-4.93928	-4.46014	-5.06896	0.20647	-1.18144	0.015292	2.94837	6.47609	11.7537	-2.63933	-0.871758	1.43563	2.21003	9.16041	10.6611	-4.27596	-2.38617	0.0277817	5.64266	-2.6227	-3.12604	-0.628887	-0.333077	-1.49616	-2.08056	1.17484	3.39626	
-3.40813	-4.98045	-3.923	-4.34842	0.889516	-0.939814	0.544937	2.22503	5.14124	9.40759	-2.49105	-0.884078	1.6428	2.09856	8.36041	8.80974	-3.69566	-2.13541	0.157512	4.68404	-2.13903	-2.65205	-0.149516	-0.290487	-0.991494	-1.44541	1.72948	3.11205	
-2.72675	-4.2539	-2.98449	-3.2124	1.46432	-0.573594	0.693664	1.50213	3.36825	6.84282	-2.05365	-0.739484	1.74695	1.72671	6.40901	6.38519	-2.65181	-1.5679	0.301359	3.56819	-1.37161	-1.83304	0.284735	-0.129471	-0.359644	-0.722311	1.8903	2.66603	
-1.56771	-2.79443	-1.73636	-1.79763	1.92422	-0.0793689	0.407822	0.824714	1.30071	4.11669	-1.36141	-0.392574	1.69063	1.2067	3.43091	3.56907	-1.23511	-0.683071	0.461755	2.33581	-0.340304	-0.711898	0.687105	0.169548	0.315852	-0.0125307	1.62184	2.07959	
-0.0464094	-0.894893	-0.371736	-0.295674	2.28181	0.538953	-0.219331	0.249946	-0.8672	1.32872	-0.549227	0.195824	1.42107	0.69832	-0.202724	0.64904	0.362264	0.441614	0.659301	1.04114	0.859724	0.603018	1.08374	0.614546	0.923854	0.623971	1.00173	1.43145	
1.62149	1.04015	0.912866	1.09724	2.58369	1.25688	-1.00665	-0.167333	-2.91242	-1.35272	0.261155	0.928207	0.941728	0.336285	-3.95563	-2.05032	1.93189	1.6734	0.918676	-0.225117	2.10648	1.96854	1.502	1.18829	1.39938	1.1775	0.205961	0.826734	
3.17955	2.61822	1.96034	2.23832	2.86915	2.02525	-1.75678	-0.395045	-4.61388	-3.71139	0.927628	1.74291	0.309667	0.185755	-7.26538	-4.24021	3.27648	2.86247	1.27193	-1.33716	3.26844	3.22263	1.95663	1.84841	1.70271	1.65948	-0.563268	0.364858	
4.41726	3.59443	2.71358	3.05058	3.17081	2.77465	-2.29125	-0.447714	-5.81771	-5.55516	1.37356	2.50314	-0.376593	0.234408	-9.70593	-5.76544	4.28445	3.88224	1.72661	-2.17784	4.25164	4.23338	2.44674	2.52861	1.86503	2.09592	-1.12165	0.0981443	
5.20948	3.96283	3.20495	3.52764	3.4876	3.41313	-2.55742	-0.390875	-6.45688	-6.75847	1.60864	3.12354	-0.986844	0.395809	-11.077	-6.62357	4.92903	4.64188	2.23984	-2.66264	4.99839	4.91039	2.93055	3.13315	1.94624	2.48651	-1.38223	0.0105083	
5.56471	3.89681	3.51858	3.73141	3.79146	3.86174	-2.60303	-0.310123	-6.56383	-7.2974	1.66806	3.55779	-1.41219	0.546736	-11.4406	-6.95256	5.2725	5.11226	2.74187	-2.76747	5.50216	5.24315	3.35508	3.57559	2.01255	2.80729	-1.35746	0.0317252	
5.60204	3.68099	3.74168	3.76097	4.03689	4.07387	-2.53069	-0.279946	-6.25192	-7.26329	1.64504	3.79017	-1.58555	0.603257	-11.0643	-6.96748	5.43144	5.32157	3.1454	-2.54159	5.79278	5.29151	3.66179	3.79897	2.10547	3.02687	-1.14144	0.0683909	
5.48852	3.56121	3.90906	3.71579	4.15852	4.05327	-2.42677	-0.329885	-5.6671	-6.82943	1.61523	3.87755	-1.51769	0.533029	-10.3045	-6.87748	5.49761	5.33216	3.39339	-2.08969	5.89637	5.14859	3.80979	3.80033	2.19699	3.10319	-0.868191	0.0420615	
5.37285	3.64366	4.00199	3.66572	4.10749	3.84986	-2.31011	-0.437696	-4.96324	-6.19924	1.65035	3.84324	-1.28201	0.362584	-9.49136	-6.828	5.52453	5.21457	3.46362	-1.54869	5.8353	4.91893	3.78424	3.626	2.23477	3.02655	-0.647505	-0.0836953	
5.33334	3.89811	3.95183	3.63879	3.85461	3.53319	-2.15346	-0.537167	-4.25199	-5.5381	1.75625	3.75819	-0.993086	0.158063	-8.83171	-6.85457	5.50218	5.02706	3.39072	-1.04028	5.61386	4.67539	3.60081	3.35741	2.13644	2.79791	-0.548561	-0.297294	
5.36559	4.17058	3.69471	3.61431	3.41535	3.18218	-1.90538	-0.539693	-3.59708	-4.92403	1.89202	3.6591	-0.78255	-0.00233672	-8.39363	-6.89912	5.39628	4.80875	3.24984	-0.641627	5.24671	4.46005	3.30832	3.09359	1.85481	2.46048	-0.580821	-0.543432	
5.40399	4.31397	3.23263	3.55249	2.8532	2.85804	-1.58395	-0.375869	-3.01203	-4.33695	2.01938	3.59087	-0.725571	-0.0634278	-8.115	-6.84653	5.18827	4.58025	3.12315	-0.364886	4.77685	4.28356	2.96821	2.91467	1.41598	2.08975	-0.716436	-0.749296	
5.37038	4.25564	2.64457	3.426	2.25762	2.59503	-1.26496	-0.0237606	-2.47373	-3.68801	2.08034	3.60026	-0.846288	-0.0249135	-7.87143	-6.58048	4.88999	4.35101	3.07784	-0.163469	4.27411	4.1332	2.64596	2.86258	0.900883	1.7616	-0.909808	-0.851393	
5.20894	4.00732	2.07562	3.22461	1.72133	2.38873	-1.0609	0.465213	-1.96243	-2.89635	2.06303	3.72503	-1.09991	0.0871227	-7.55289	-6.04369	4.55183	4.12271	3.11736	0.0269872	3.82471	3.98295	2.37843	2.91592	0.437741	1.54512	-1.11984	-0.82288	
4.90292	3.68282	1.66312	2.9648	1.3013	2.20479	-1.09901	0.979249	-1.47313	-1.93298	1.94812	3.97184	-1.40995	0.21637	-7.10392	-5.26086	4.23428	3.88039	3.1734	0.254413	3.48823	3.80567	2.15895	2.99456	0.133776	1.46562	-1.333	-0.684973	
4.48504	3.39783	1.48126	2.6833	1.01461	1.999	-1.44405	1.38716	-1.03203	-0.847543	1.74479	4.29384	-1.69555	0.292273	-6.54432	-4.33582	3.99972	3.60082	3.12883	0.523474	3.28791	3.59388	1.94617	2.98967	0.0492537	1.50681	-1.55031	-0.497591	
4.01831	3.2233	1.51201	2.43114	0.838837	1.74084	-2.0703	1.58778	-0.660216	0.257229	1.46125	4.59477	-1.88872	0.277942	-5.93084	-3.40336	3.88009	3.26156	2.87864	0.813144	3.19652	3.35733	1.68613	2.80997	0.171624	1.61801	-1.77265	-0.328999	
3.55992	3.12674	1.63631	2.24875	0.715197	1.43085	-2.8155	1.54675	-0.356925	1.25709	1.10715	4.76006	-1.97546	0.168771	-5.31907	-2.58392	3.84903	2.84679	2.37441	1.08714	3.13352	3.11074	1.33669	2.41837	0.398312	1.73803	-1.98327	-0.229226	
3.13274	2.99655	1.69264	2.13811	0.584934	1.08946	-3.43505	1.29837	-0.09881	2.04747	0.717652	4.63906	-1.96621	-0.00859191	-4.73212	-1.96003	3.83697	2.35613	1.65008	1.31229	3.00095	2.86263	0.888729	1.84099	0.610843	1.7934	-2.13534	-0.222709	
2.71774	2.72126	1.5188	2.05187	0.403054	0.739987	-3.69772	0.928945	0.159515	2.58593	0.290574	4.13708	-1.90565	-0.233567	-4.15747	-1.56132	3.74781	1.79679	0.814772	1.47577	2.70863	2.60435	0.370386	1.15683	0.691275	1.71381	-2.17747	-0.310646	
2.27653	2.20898	1.04858	1.90593	0.169778	0.400685	-3.47861	0.547754	0.472968	2.90064	-0.131466	3.24441	-1.82728	-0.47526	-3.56275	-1.36567	3.51349	1.20327	0.0268844	1.5993	2.23212	2.3189	-0.1516	0.478555	0.588629	1.45411	-2.06977	-0.469663	
1.76949	1.51147	0.3315	1.60858	-0.0752683	0.082817	-2.83705	0.250905	0.890869	3.09194	-0.51166	2.05543	-1.73324	-0.699865	-2.91227	-1.30392	3.11098	0.618855	-0.568814	1.73543	1.61504	1.98779	-0.600728	-0.0857195	0.34143	1.01607	-1.81157	-0.657017	
1.19906	0.785462	-0.48458	1.09359	-0.26665	-0.214145	-1.9474	0.0936465	1.42243	3.26318	-0.787249	0.774371	-1.60527	-0.889184	-2.20252	-1.30078	2.57711	0.0966826	-0.881561	1.93165	0.961188	1.6042	-0.907804	-0.463075	0.0486396	0.43523	-1.43758	-0.82896	
0.608141	0.220538	-1.19612	0.353199	-0.335978	-0.491973	-1.06209	0.0799125	2.03668	3.49735	-0.899558	-0.337634	-1.397	-1.02695	-1.46749	-1.27957	1.9884	-0.315503	-0.907211	2.22244	0.400363	1.17794	-1.03823	-0.636288	-0.154879	-0.209828	-1.01246	-0.94279	
0.0760624	-0.022532	-1.6411	-0.533365	-0.253269	-0.739496	-0.409339	0.171898	2.66157	3.81042	-0.834851	-1.02386	-1.08191	-1.09718	-0.768228	-1.18656	1.43049	-0.592727	-0.733007	2.59532	0.0327131	0.741781	-1.00964	-0.64284	-0.193422	-0.800547	-0.616765	-0.963688	
-0.308405	0.0852686	-1.74585	-1.42339	-0.0289966	-0.932221	-0.115855	0.321895	3.19863	4.16146	-0.61423	-1.16	-0.664617	-1.08143	-0.178887	-0.988772	0.982839	-0.731938	-0.492156	2.99654	-0.0967403	0.34895	-0.875284	-0.550667	-0.0501402	-1.23144	-0.315388	-0.869108	
-0.481249	0.454783	-1.55745	-2.14791	0.285008	-1.03112	-0.199263	0.494652	3.55693	4.48881	-0.333206	-0.758303	-0.201909	-0.973169	0.241235	-0.674839	0.690646	-0.760017	-0.316897	3.34787	-0.0153811	0.0608399	-0.710866	-0.430342	0.214053	-1.41268	-0.149149	-0.649864	
-0.408631	0.889236	-1.18585	-2.54518	0.619638	-0.986538	-0.555346	0.686828	3.69325	4.73462	-0.0812982	0.0386618	0.223302	-0.749101	0.479838	-0.245275	0.577583	-0.696402	-0.272362	3.58992	0.212254	-0.0630052	-0.568143	-0.314324	0.489635	-1.30015	-0.113466	-0.301857	
-0.128249	1.20086	-0.784821	-2.53215	0.902572	-0.770747	-1.03659	0.909153	3.61274	4.87732	0.0587631	0.975972	0.518627	-0.406131	0.56164	0.281243	0.622136	-0.569305	-0.356507	3.69046	0.487704	0.0016523	-0.475695	-0.205843	0.667916	-0.908453	-0.179122	0.15762	
0.27461	1.27714	-0.484246	-2.14334	1.07919	-0.397714	-1.48726	1.17264	3.36023	4.9151	0.0287422	1.76974	0.604774	0.0357488	0.536157	0.847093	0.778459	-0.405295	-0.502724	3.64624	0.720139	0.234311	-0.426864	-0.08225	0.672133	-0.334628	-0.299502	0.680292	
0.685442	1.10373	-0.337974	-1.51021	1.13353	0.0717874	-1.8433	1.46779	3.00417	4.87486	-0.170964	2.20262	0.466121	0.530512	0.451643	1.38467	0.993745	-0.224626	-0.621286	3.48891	0.858133	0.575885	-0.392018	0.081616	0.513004	0.288084	-0.438296	1.20101	
0.995181	0.808545	-0.328204	-0.814196	1.07978	0.555872	-2.14537	1.76266	2.61924	4.78999	-0.465511	2.19614	0.145307	1.04086	0.354443	1.82957	1.21365	-0.0511833	-0.642079	3.26616	0.889118	0.944153	-0.343512	0.298128	0.258937	0.839628	-0.586314	1.65914	
1.13519	0.565457	-0.388468	-0.240954	0.956669	0.968792	-2.43675	2.02013	2.27139	4.68515	-0.762935	1.82198	-0.261927	1.51469	0.278649	2.14526	1.39602	0.101251	-0.531862	3.03473	0.836005	1.25921	-0.255718	0.560915	0.0170565	1.21799	-0.733165	2.01163	
1.07953	0.523647	-0.460191	0.0879019	0.805232	1.24924	-2.74833	2.19824	1.99369	4.55775	-0.979593	1.25792	-0.654007	1.89511	0.244755	2.3232	1.4956	0.209376	-0.318185	2.82325	0.724262	1.45884	-0.135245	0.832661	-0.124787	1.39939	-0.873307	2.24405	
0.86133	0.718819	-0.507327	0.152123	0.656905	1.38355	-3.04057	2.28203	1.79444	4.3837	-1.08699	0.748979	-0.942358	2.13711	0.275526	2.39357	1.48913	0.263593	-0.0614692	2.64031	0.581831	1.5197	-0.00066444	1.07214	-0.134435	1.40722	-0.985456	2.37106	
0.533069	1.05971	-0.567325	0.0190789	0.519352	1.39125	-3.22523	2.27811	1.65092	4.14068	-1.11248	0.484392	-1.08982	2.19231	0.383245	2.41071	1.36028	0.244702	0.157033	2.46187	0.404456	1.44893	0.108031	1.2305	-0.0529123	1.31482	-1.04607	2.42283	
0.163356	1.38439	-0.701058	-0.187991	0.388087	1.32711	-3.22115	2.22822	1.53461	3.83722	-1.14366	0.582244	-1.1174	2.06247	0.579772	2.44376	1.12509	0.143899	0.281151	2.26316	0.181539	1.28719	0.157421	1.2841	0.0346812	1.2057	-1.03803	2.43846	
-0.169593	1.52132	-0.946308	-0.328737	0.265383	1.25546	-2.97899	2.18566	1.41861	3.51355	-1.25975	1.04399	-1.07076	1.76123	0.857774	2.5457	0.848596	-0.0156075	0.2998	2.02971	-0.072345	1.10372	0.14621	1.24232	0.0552579	1.15032	-0.947428	2.44665	
-0.415645	1.38657	-1.29764	-0.303354	0.153345	1.22077	-2.55402	2.18645	1.28833	3.2275	-1.47317	1.75541	-1.00569	1.35789	1.20288	2.73763	0.60081	-0.207987	0.236092	1.76193	-0.336572	0.953721	0.0874	1.13293	-0.0389773	1.19147	-0.792049	2.45631	
-0.561909	1.02852	-1.6873	-0.102588	0.0526186	1.22791	-2.04176	2.23527	1.15125	3.03286	-1.75651	2.53087	-0.954099	0.952894	1.57782	3.00073	0.44399	-0.400726	0.135338	1.48705	-0.579588	0.859293	0.0103206	0.988939	-0.238858	1.3042	-0.604362	2.45179	
-0.633633	0.596605	-2.01565	0.204631	-0.0421806	1.23455	-1.61996	2.28573	1.0072	2.94466	-2.00883	3.17443	-0.917527	0.653	1.92437	3.27932	0.404733	-0.585023	0.0160308	1.22296	-0.775753	0.804815	-0.0758992	0.820363	-0.476435	1.44287	-0.449539	2.40031	
-0.671651	0.293165	-2.1778	0.511906	-0.137838	1.18738	-1.47009	2.27873	0.868094	2.95248	-2.10143	3.54259	-0.862901	0.569861	2.19016	3.52356	0.477693	-0.759994	-0.120319	0.998129	-0.904806	0.758574	-0.174607	0.628899	-0.653738	1.55558	-0.395897	2.27975	
-0.721527	0.269284	-2.12769	0.712561	-0.249133	1.03877	-1.67587	2.16259	0.744581	3.0262	-1.93421	3.56833	-0.752034	0.747762	2.33485	3.70074	0.625167	-0.942118	-0.299849	0.831073	-0.970771	0.689506	-0.308403	0.402386	-0.690469	1.61164	-0.485277	2.08992	
-0.824144	0.574932	-1.8892	0.750157	-0.395255	0.776483	-2.21489	1.92298	0.658944	3.1321	-1.51338	3.27046	-0.566515	1.18868	2.36601	3.82217	0.776121	-1.1536	-0.548771	0.73915	-1.00692	0.573752	-0.509627	0.132907	-0.566644	1.61101	-0.720213	1.8666	
-0.990661	1.12058	-1.55871	0.627162	-0.591027	0.429538	-2.9274	1.5911	0.62201	3.24449	-0.944671	2.74313	-0.326367	1.80388	2.31011	3.92423	0.871343	-1.39933	-0.875848	0.723545	-1.05198	0.413626	-0.794791	-0.172007	-0.32425	1.5672	-1.05506	1.66002	
-1.21706	1.69804	-1.28265	0.393015	-0.842835	0.0462704	-3.62979	1.22966	0.618088	3.3567	-0.424253	2.095	-0.093279	2.44143	2.2116	4.0506	0.868249	-1.68527	-1.2743	0.759479	-1.15064	0.227486	-1.16864	-0.49615	-0.0620259	1.49791	-1.42624	1.51043	
-1.47623	2.11797	-1.18685	0.110129	-1.13293	-0.307396	-4.15645	0.926657	0.644056	3.50492	-0.165577	1.45424	0.0637862	2.95036	2.12347	4.24308	0.771014	-1.99175	-1.68986	0.840917	-1.3209	0.0469693	-1.59686	-0.80063	0.113491	1.40613	-1.76271	1.44876	
-1.72142	2.2418	-1.325	-0.16481	-1.41367	-0.576667	-4.4342	0.759957	0.682693	3.73177	-0.291654	0.931802	0.0995592	3.17567	2.07874	4.50897	0.631606	-2.28281	-2.04815	0.954876	-1.53737	-0.0893274	-2.01396	-1.03683	0.140798	1.28354	-2.00889	1.47299	
-1.90555	2.05266	-1.64593	-0.387029	-1.62212	-0.724242	-4.46566	0.77253	0.729626	4.05572	-0.784892	0.573058	0.0265765	3.06063	2.10326	4.82407	0.505525	-2.512	-2.26081	1.09941	-1.74955	-0.165756	-2.33784	-1.1579	0.016801	1.12211	-2.1238	1.5623	
-2.0044	1.64943	-2.0312	-0.556261	-1.70916	-0.753021	-4.306	0.955815	0.776267	4.45573	-1.48797	0.392207	-0.0958278	2.6376	2.18229	5.13033	0.43575	-2.64893	-2.27009	1.26836	-1.9071	-0.193806	-2.50306	-1.14533	-0.200221	0.912546	-2.09988	1.67608	
-2.03296	1.19899	-2.34101	-0.699491	-1.66009	-0.701036	-4.05021	1.25174	0.81675	4.85721	-2.16014	0.355092	-0.175219	2.01659	2.28681	5.35861	0.406916	-2.69525	-2.06611	1.44657	-1.98946	-0.221219	-2.49041	-1.01735	-0.422444	0.650715	-1.96194	1.7712	
-2.02387	0.854145	-2.47043	-0.844138	-1.49158	-0.61569	-3.77405	1.58807	0.847362	5.17293	-2.54737	0.420381	-0.127032	1.36186	2.37259	5.45775	0.380053	-2.67122	-1.6802	1.61668	-2.00035	-0.289888	-2.32172	-0.813811	-0.556706	0.365267	-1.75164	1.82377	
-2.02526	0.686592	-2.39449	-0.99514	-1.2525	-0.542837	-3.51253	1.89565	0.847857	5.32537	-2.51067	0.512139	0.0759714	0.826933	2.38077	5.40029	0.305924	-2.62154	-1.18671	1.74407	-1.97145	-0.418112	-2.06233	-0.590914	-0.548334	0.107393	-1.5176	1.82475	
-2.07968	0.698558	-2.16548	-1.14032	-1.00209	-0.506604	-3.25563	2.13649	0.820293	5.28974	-2.08329	0.599414	0.399204	0.539895	2.28147	5.20329	0.143781	-2.58795	-0.659355	1.81665	-1.94683	-0.602758	-1.7897	-0.393906	-0.391339	-0.0729914	-1.29774	1.79332	
-2.2052	0.79348	-1.89433	-1.25648	-0.795602	-0.510746	-2.97608	2.30454	0.761034	5.09225	-1.4297	0.663313	0.741213	0.52725	2.05748	4.9055	-0.104742	-2.59518	-0.159607	1.82478	-1.95574	-0.806568	-1.567	-0.246773	-0.139925	-0.145204	-1.12133	1.75038	
-2.38209	0.837355	-1.6909	-1.30611	-0.663467	-0.536862	-2.67147	2.40474	0.653059	4.77802	-0.824641	0.704965	0.973248	0.739733	1.71397	4.53847	-0.398927	-2.6425	0.266257	1.75158	-1.99822	-0.977934	-1.42936	-0.154923	0.125973	-0.101438	-1.00386	1.7058	
-2.56139	0.751963	-1.61546	-1.28169	-0.5935	-0.56163	-2.38684	2.45565	0.499523	4.42256	-0.49893	0.746522	0.999935	1.07357	1.29149	4.12842	-0.651364	-2.70506	0.604514	1.60914	-2.03778	-1.06349	-1.3656	-0.102043	0.346923	0.0235446	-0.947023	1.65779	
-2.6769	0.539831	-1.65743	-1.19869	-0.541517	-0.554379	-2.18732	2.47196	0.324432	4.08085	-0.562093	0.788118	0.805851	1.38842	0.863673	3.68612	-0.782462	-2.73979	0.866494	1.4233	-2.01668	-1.03407	-1.32716	-0.0567672	0.490231	0.17895	-0.930087	1.59817	
-2.65833	0.266983	-1.72396	-1.07592	-0.441791	-0.483562	-2.10991	2.46014	0.170392	3.76723	-0.921858	0.839968	0.481091	1.58882	0.535521	3.21694	-0.741473	-2.69488	1.07562	1.23217	-1.87575	-0.892636	-1.24463	0.013675	0.574489	0.319709	-0.904049	1.52468	
-2.46585	0.0404475	-1.7044	-0.93605	-0.247029	-0.326792	-2.13322	2.4166	0.0818016	3.4551	-1.34958	0.868722	0.174967	1.63356	0.397782	2.72705	-0.535875	-2.5325	1.25217	1.06812	-1.58996	-0.673036	-1.05972	0.131515	0.640012	0.421233	-0.811959	1.44542	
-2.10832	-0.0463818	-1.51853	-0.805507	0.058446	-0.0873978	-2.18579	2.32923	0.0855509	3.08638	-1.58243	0.826061	0.0574205	1.52805	0.511332	2.22527	-0.244855	-2.24959	1.39347	0.941411	-1.18775	-0.442187	-0.75605	0.290498	0.735613	0.471979	-0.602883	1.37152	
-1.65089	0.0283019	-1.15969	-0.702391	0.445643	0.209063	-2.14992	2.19958	0.195512	2.6306	-1.39684	0.665276	0.249263	1.33245	0.886739	1.74689	0.0175853	-1.88037	1.49025	0.858912	-0.747105	-0.268251	-0.359959	0.467406	0.877187	0.469963	-0.251485	1.32508	
-1.17991	0.221955	-0.69704	-0.620536	0.85882	0.525937	-1.94949	2.03739	0.368639	2.09187	-0.773372	0.3583	0.760932	1.11738	1.44282	1.32642	0.160204	-1.47946	1.5148	0.789427	-0.354981	-0.181314	0.0635415	0.62801	1.05995	0.446934	0.219478	1.31967	
-0.783768	0.468081	-0.243657	-0.564876	1.23454	0.807335	-1.56149	1.86655	0.544043	1.53773	0.144053	-0.0616639	1.49891	0.966804	2.0487	1.00772	0.145589	-1.10991	1.45003	0.71059	-0.0832323	-0.18219	0.437076	0.739589	1.26094	0.402728	0.744631	1.35402	
-0.525894	0.681597	0.0767497	-0.549617	1.51792	1.00376	-1.0459	1.71547	0.653336	1.0707	1.06448	-0.527959	2.28266	0.919465	2.54635	0.819932	-0.00659733	-0.818201	1.30171	0.603607	0.0396569	-0.237799	0.70135	0.78986	1.43482	0.336113	1.22889	1.41154	
-0.418223	0.785717	0.202613	-0.589258	1.68452	1.07418	-0.524048	1.59505	0.626256	0.762503	1.69272	-0.928574	2.92162	0.96358	2.80051	0.74959	-0.224711	-0.622579	1.08701	0.443969	0.0403832	-0.303808	0.830499	0.77464	1.54929	0.226391	1.58012	1.44858	
-0.427785	0.779165	0.138183	-0.703698	1.7507	1.006	-0.144722	1.51187	0.44464	0.662326	1.82868	-1.15761	3.273	1.06671	2.74446	0.770821	-0.409358	-0.508009	0.855562	0.244448	-0.0122392	-0.334387	0.84953	0.71679	1.59939	0.0489465	1.73492	1.42719	
-0.482638	0.702146	-0.0387021	-0.909508	1.76904	0.819226	-0.0212849	1.47031	0.149061	0.760311	1.46652	-1.19879	3.30089	1.1591	2.41532	0.84283	-0.481852	-0.430854	0.673944	0.0411614	-0.0311043	-0.302741	0.823716	0.655615	1.61539	-0.202628	1.69279	1.32308	
-0.505321	0.596684	-0.210956	-1.19413	1.79893	0.569151	-0.129625	1.47608	-0.145919	1.00443	0.815625	-1.03722	3.08518	1.19909	1.9597	0.942972	-0.420071	-0.333601	0.619829	-0.0906361	0.049792	-0.215829	0.839036	0.638256	1.63145	-0.521625	1.52646	1.14953	
-0.437922	0.497084	-0.273183	-1.51032	1.89202	0.332727	-0.349594	1.53582	-0.309709	1.31157	0.188908	-0.732956	2.7691	1.14375	1.56537	1.0522	-0.254287	-0.16086	0.752129	-0.0854482	0.257522	-0.0941287	0.971514	0.705597	1.68885	-0.858123	1.35322	0.946719	
-0.272631	0.397622	-0.185105	-1.80228	2.05661	0.1681	-0.48225	1.6476	-0.240261	1.5908	-0.122111	-0.386447	2.50278	0.983902	1.40032	1.15781	-0.0722337	0.10495	1.08264	0.0904224	0.552737	0.0127802	1.24481	0.864313	1.79312	-1.1716	1.29065	0.758698	
-0.0604972	0.262425	0.0147818	-2.01309	2.26274	0.103266	-0.360049	1.7997	0.107592	1.80481	0.0305387	-0.0785622	2.38476	0.749938	1.55311	1.26289	0.0338655	0.431588	1.56462	0.439204	0.852741	0.0635282	1.62021	1.08731	1.92213	-1.4142	1.40679	0.626122	
0.122474	0.0459176	0.248476	-2.09362	2.44784	0.127511	0.0779071	1.96568	0.684527	1.94939	0.611424	0.140013	2.42616	0.483522	1.99377	1.36066	0.0110144	0.753473	2.09561	0.903758	1.06891	0.0370453	2.00672	1.31589	2.03842	-1.54894	1.69155	0.563826	
0.211258	-0.240465	0.42716	-2.01324	2.54436	0.201842	0.738914	2.1061	1.36488	2.07258	1.40034	0.30011	2.55339	0.262674	2.57418	1.45324	-0.115294	0.992224	2.5432	1.39945	1.14727	-0.0452985	2.29036	1.48302	2.10504	-1.55115	2.04815	0.56642	
0.168562	-0.533469	0.497527	-1.78214	2.49573	0.269583	1.41472	2.17517	1.98375	2.22283	2.10678	0.408809	2.65625	0.156163	3.09948	1.5341	-0.278108	1.08116	2.78336	1.8274	1.07605	-0.14979	2.37167	1.53094	2.09342	-1.41526	2.33803	0.607846	
0.00815058	-0.76171	0.464628	-1.43354	2.27079	0.27923	1.87115	2.12491	2.38549	2.41337	2.47607	0.532586	2.63822	0.195623	3.38613	1.59502	-0.395162	0.992335	2.7277	2.10027	0.88898	-0.242584	2.19697	1.42533	1.98793	-1.16447	2.42683	0.652057	
-0.210979	-0.810939	0.378652	-1.02036	1.88905	0.20344	1.90734	1.93342	2.47436	2.62872	2.40143	0.676813	2.464	0.380752	3.32842	1.63682	-0.385372	0.745747	2.3588	2.17361	0.65468	-0.288421	1.78092	1.17148	1.80785	-0.831481	2.23381	0.672802	
