0.390275	0.594351	0.515417	0.762277	-0.375531	0.300935	-1.05951	-0.0212222	-1.23982	-0.495758	0.118742	1.20031	-0.614816	1.44391	-1.32261	0.348056	0.666257	-0.1039	-0.625093	-0.985838	0.409563	0.395737	-0.360289	-0.242419	0.124957	0.484733	-0.812769	0.50408	
0.286827	0.350083	0.311185	0.77482	-0.239635	0.239245	-0.540772	0.189252	-0.954826	-0.552804	-0.160103	1.07303	-0.57432	0.783893	-1.07826	0.138652	0.510077	-0.0139722	-0.242454	-0.83668	0.226537	0.193686	-0.0245184	0.0219114	-0.0928774	0.303339	-0.506764	0.415476	
0.220811	0.292366	0.122816	0.789958	-0.142079	0.245957	-0.141351	0.3552	-0.746565	-0.631205	-0.414284	0.993553	-0.490825	0.124579	-0.861576	-0.107024	0.377748	0.151266	0.0694573	-0.721468	0.0683102	0.0890654	0.227648	0.322091	-0.324568	0.118078	-0.276149	0.28822	
0.205869	0.356433	-0.0150033	0.742837	-0.0994026	0.311962	0.0811056	0.468162	-0.610387	-0.681465	-0.574588	0.858302	-0.392088	-0.378166	-0.700561	-0.320025	0.297336	0.369095	0.272482	-0.619099	-0.0268027	0.0993395	0.357037	0.600347	-0.526334	-0.063506	-0.170821	0.157973	
0.240637	0.427115	-0.0796719	0.546727	-0.103963	0.408728	0.135818	0.526084	-0.486885	-0.64285	-0.606373	0.549731	-0.293807	-0.654143	-0.579499	-0.44787	0.273892	0.582378	0.362016	-0.479385	-0.0430775	0.205662	0.357487	0.800866	-0.649118	-0.218397	-0.183877	0.0518079	
0.309942	0.379095	-0.0749158	0.216358	-0.123702	0.500258	0.0814122	0.529666	-0.321115	-0.48819	-0.511126	0.00491828	-0.205133	-0.732493	-0.471724	-0.481258	0.294464	0.733978	0.35673	-0.268269	0.00674632	0.3637	0.259393	0.88396	-0.663403	-0.28777	-0.267143	-0.0243454	
0.391249	0.166648	-0.0141535	-0.200693	-0.125248	0.560695	0.00360295	0.488789	-0.0823587	-0.228377	-0.318838	-0.769617	-0.120421	-0.728062	-0.352111	-0.445918	0.333171	0.772724	0.300291	0.0232206	0.0912982	0.513668	0.118195	0.848565	-0.564251	-0.233053	-0.350412	-0.0785671	
0.45545	-0.186231	0.0791539	-0.632224	-0.066576	0.575026	-0.0198934	0.425982	0.212188	0.0893661	-0.0799596	-1.6761	-0.0228033	-0.781567	-0.21629	-0.384135	0.354349	0.686375	0.245904	0.366484	0.175724	0.598135	0.00257827	0.72975	-0.36925	-0.0635592	-0.371681	-0.126159	
0.478822	-0.576021	0.176304	-0.98355	0.0682947	0.537777	0.059865	0.370099	0.499507	0.393592	0.154851	-2.55308	0.0899976	-1.00136	-0.0840008	-0.337851	0.331808	0.507052	0.243818	0.703247	0.232649	0.575212	-0.0275841	0.588568	-0.114481	0.145441	-0.293835	-0.185101	
0.43825	-0.890221	0.247779	-1.20574	0.269782	0.45176	0.246086	0.356876	0.707563	0.626023	0.333856	-3.21164	0.202917	-1.3908	0.0143304	-0.318679	0.240266	0.291301	0.329043	0.97259	0.244375	0.422564	0.0622929	0.487409	0.155955	0.289252	-0.119533	-0.253623	
0.3203	-1.05453	0.267109	-1.2778	0.509411	0.317833	0.507623	0.414207	0.782456	0.755695	0.438536	-3.51199	0.289243	-1.85963	0.0562732	-0.308671	0.0729065	0.120474	0.512525	1.13246	0.203955	0.148303	0.272454	0.468869	0.396589	0.226802	0.117269	-0.318629	
0.130522	-1.04795	0.218737	-1.24794	0.730345	0.143959	0.790512	0.552419	0.719717	0.792809	0.453912	-3.39821	0.31459	-2.23891	0.0400426	-0.270092	-0.157153	0.0559355	0.777865	1.17667	0.116273	-0.207763	0.563669	0.54449	0.56632	-0.130771	0.363286	-0.353245	
-0.114099	-0.931293	0.0948621	-1.14003	0.881118	-0.0572701	1.0372	0.75506	0.560542	0.771836	0.368094	-2.92713	0.246142	-2.35182	-0.0113515	-0.167603	-0.422701	0.126636	1.07903	1.12824	-0.015382	-0.586475	0.871355	0.686924	0.634028	-0.752957	0.565444	-0.328356	
-0.373984	-0.793701	-0.0938701	-0.997288	0.915848	-0.256179	1.20245	0.97944	0.374353	0.728948	0.190864	-2.23875	0.0722398	-2.08326	-0.0599485	0.00399809	-0.678893	0.317162	1.35328	1.02538	-0.181917	-0.910875	1.11879	0.850006	0.583662	-1.51045	0.688349	-0.225618	
-0.598694	-0.71587	-0.31439	-0.847473	0.825103	-0.414398	1.25973	1.16068	0.226773	0.683429	-0.0572542	-1.52489	-0.173929	-1.44542	-0.0694759	0.211825	-0.874466	0.579935	1.53266	0.898764	-0.363232	-1.10654	1.24352	0.980096	0.419225	-2.17887	0.717553	-0.0543532	
-0.736752	-0.720769	-0.521116	-0.684626	0.636984	-0.493995	1.2085	1.23074	0.151912	0.622908	-0.335977	-0.946474	-0.449836	-0.607946	-0.0190044	0.390059	-0.960415	0.852802	1.56322	0.759269	-0.528963	-1.12107	1.21529	1.03687	0.176973	-2.53069	0.670106	0.142021	
-0.749734	-0.776288	-0.661591	-0.501161	0.399589	-0.466573	1.06418	1.14148	0.144519	0.51959	-0.602286	-0.602675	-0.691379	0.191901	0.0817356	0.466614	-0.910309	1.07039	1.42204	0.600443	-0.640721	-0.939071	1.04386	1.00357	-0.097837	-2.38716	0.575334	0.301561	
-0.625035	-0.800205	-0.688216	-0.292343	0.190683	-0.339835	0.860157	0.879595	0.167079	0.346159	-0.791205	-0.514976	-0.829766	0.702282	0.205638	0.394625	-0.722797	1.19563	1.12664	0.40705	-0.657689	-0.593626	0.78105	0.88602	-0.343048	-1.76916	0.469704	0.35562	
-0.377376	-0.704148	-0.578807	-0.0821845	0.0660393	-0.152639	0.633755	0.472245	0.174754	0.0982023	-0.849403	-0.589558	-0.823279	0.766826	0.310317	0.164737	-0.427129	1.20821	0.73046	0.176136	-0.54865	-0.157797	0.498479	0.707776	-0.500578	-0.850818	0.382315	0.252144	
-0.057007	-0.438139	-0.345439	0.121874	0.0596096	0.0263059	0.424329	-0.0183664	0.141507	-0.194027	-0.760414	-0.689245	-0.673749	0.370375	0.36654	-0.181807	-0.0802395	1.11569	0.309372	-0.0744195	-0.314876	0.263814	0.269012	0.493038	-0.53944	0.101363	0.328016	-0.0236412	
0.273299	-0.00964111	-0.0353131	0.28859	0.160021	0.130604	0.26494	-0.508043	0.0731469	-0.473858	-0.542454	-0.670391	-0.432983	-0.338953	0.361964	-0.571422	0.25292	0.948847	-0.0589416	-0.304177	0.00730933	0.576341	0.144309	0.266672	-0.458654	0.787355	0.304887	-0.436344	
0.555635	0.51725	0.287608	0.406501	0.314865	0.115269	0.171608	-0.919418	-0.000984008	-0.682083	-0.251825	-0.46773	-0.165314	-1.09805	0.304581	-0.923516	0.520592	0.745424	-0.317392	-0.471623	0.357415	0.717643	0.138503	0.0468459	-0.297645	1.01324	0.292682	-0.910056	
0.74723	1.04097	0.555443	0.491796	0.462836	-0.0213702	0.146044	-1.19864	-0.0454311	-0.784714	0.0265631	-0.0895	0.0363374	-1.63979	0.224384	-1.17546	0.692321	0.546811	-0.44543	-0.551642	0.660391	0.67691	0.229416	-0.152669	-0.115679	0.752267	0.274383	-1.34376	
0.838031	1.4474	0.719924	0.567385	0.53301	-0.224792	0.169602	-1.3264	-0.0395507	-0.786201	0.2039	0.370245	0.0992985	-1.77419	0.149512	-1.30454	0.768889	0.382959	-0.457629	-0.546884	0.853883	0.501312	0.366265	-0.313596	0.0189443	0.191537	0.232607	-1.64091	
0.845586	1.67186	0.768605	0.660346	0.495075	-0.413989	0.211098	-1.31735	0.00557538	-0.732575	0.235167	0.746032	-0.00103302	-1.46926	0.105318	-1.31824	0.780035	0.279142	-0.394094	-0.497848	0.909216	0.27592	0.491785	-0.417345	0.057504	-0.401317	0.161166	-1.73636	
0.803116	1.69623	0.723837	0.787389	0.346121	-0.507732	0.234888	-1.21172	0.0557085	-0.682951	0.120483	0.910978	-0.241081	-0.855022	0.0996613	-1.24744	0.765187	0.243485	-0.3058	-0.455187	0.835015	0.0913462	0.558326	-0.448397	-0.00524415	-0.760096	0.0697937	-1.62088	
0.741688	1.55662	0.627866	0.950464	0.115313	-0.455765	0.208415	-1.05489	0.0683374	-0.682434	-0.0935682	0.804601	-0.562181	-0.164307	0.125163	-1.12114	0.759135	0.269822	-0.231825	-0.462646	0.67084	0.0118272	0.537949	-0.401859	-0.150085	-0.701633	-0.0311565	-1.33453	
0.679105	1.30253	0.524779	1.1094	-0.147689	-0.259094	0.11822	-0.879142	0.0202647	-0.731878	-0.331036	0.458856	-0.87711	0.370727	0.16838	-0.953278	0.771914	0.341677	-0.189904	-0.528128	0.468184	0.0588921	0.431416	-0.287873	-0.325729	-0.238089	-0.126293	-0.949089	
0.617411	1.00775	0.443484	1.21589	-0.404783	0.0295559	-0.0324556	-0.699473	-0.0753569	-0.783735	-0.515696	-0.00132192	-1.10392	0.593481	0.212825	-0.741626	0.79453	0.420822	-0.172466	-0.615824	0.274103	0.201975	0.25673	-0.133675	-0.482297	0.456745	-0.212247	-0.550417	
0.539641	0.730232	0.38204	1.23377	-0.630256	0.324489	-0.221344	-0.514595	-0.17132	-0.762882	-0.604246	-0.403508	-1.19999	0.485587	0.251928	-0.477064	0.795303	0.472787	-0.159739	-0.662325	0.108788	0.377585	0.0421756	0.0180216	-0.590971	1.13529	-0.291742	-0.207651	
0.431415	0.510416	0.314707	1.1425	-0.83142	0.548117	-0.413636	-0.313165	-0.19975	-0.596589	-0.611831	-0.603135	-1.17086	0.166044	0.284761	-0.160944	0.741811	0.466064	-0.131366	-0.596765	-0.0329574	0.518072	-0.183481	0.128383	-0.653673	1.57656	-0.37449	0.0452144	
0.293212	0.37709	0.214585	0.950519	-1.01465	0.649411	-0.576518	-0.0910998	-0.115554	-0.265207	-0.57182	-0.556379	-1.04702	-0.173294	0.316702	0.18022	0.621192	0.388681	-0.0776229	-0.390307	-0.161779	0.579106	-0.39491	0.171471	-0.694898	1.64763	-0.46655	0.207785	
0.143581	0.321131	0.0703019	0.691608	-1.17835	0.621697	-0.681181	0.13978	0.0897635	0.187847	-0.537198	-0.317647	-0.870049	-0.36164	0.358775	0.494974	0.439209	0.249087	-0.00970316	-0.0649674	-0.285701	0.549664	-0.569103	0.142275	-0.734496	1.36121	-0.552535	0.301659	
0.0156571	0.331207	-0.101814	0.41099	-1.30568	0.502578	-0.712915	0.352966	0.376686	0.660542	-0.548425	-0.0165564	-0.697399	-0.327313	0.413645	0.719925	0.227128	0.0673644	0.0545355	0.307186	-0.392978	0.45252	-0.685931	0.0624123	-0.786758	0.874082	-0.608123	0.354452	
-0.0546161	0.353237	-0.253516	0.150945	-1.34721	0.343278	-0.665641	0.515449	0.670547	1.02725	-0.600955	0.154392	-0.543305	-0.11355	0.484316	0.802584	0.0245422	-0.116325	0.0976077	0.625029	-0.451074	0.328584	-0.720304	-0.0312696	-0.828133	0.355018	-0.589932	0.383037	
-0.0482644	0.342254	-0.324261	-0.0540597	-1.26102	0.189635	-0.545591	0.599365	0.894336	1.19036	-0.657145	0.0572209	-0.40402	0.149619	0.565364	0.728407	-0.132628	-0.273558	0.11092	0.804622	-0.425647	0.211113	-0.654992	-0.102107	-0.815817	-0.070296	-0.462209	0.388371	
0.0225268	0.243929	-0.268092	-0.175591	-1.02033	0.0573978	-0.369209	0.588395	0.996325	1.11579	-0.654056	-0.331862	-0.253414	0.308109	0.650439	0.521915	-0.228182	-0.38236	0.100086	0.805846	-0.299438	0.109295	-0.487695	-0.134047	-0.704512	-0.350457	-0.214059	0.353221	
0.119779	0.0241043	-0.0775397	-0.213769	-0.645709	-0.0600385	-0.154633	0.493898	0.981822	0.853584	-0.548653	-0.914503	-0.0749321	0.264088	0.735009	0.249017	-0.27004	-0.445051	0.0811267	0.658891	-0.0901736	0.00917008	-0.236363	-0.130218	-0.474418	-0.534268	0.130667	0.269122	
0.1931	-0.303878	0.209153	-0.178067	-0.210231	-0.18541	0.0720983	0.346229	0.898529	0.516027	-0.330442	-1.49777	0.129959	0.0260814	0.807517	-0.00802007	-0.279374	-0.480352	0.0770147	0.446193	0.150611	-0.115088	0.0569624	-0.112856	-0.155673	-0.713778	0.504036	0.13739	
0.201826	-0.682065	0.511658	-0.0742772	0.176345	-0.33422	0.279465	0.184457	0.819983	0.231746	-0.0399116	-1.86653	0.332266	-0.300143	0.857336	-0.180059	-0.278618	-0.505901	0.0969562	0.26759	0.348656	-0.282484	0.332474	-0.114746	0.173954	-0.949072	0.816349	-0.0230768	
0.135539	-1.00022	0.736209	0.0734216	0.388951	-0.492856	0.432466	0.0454362	0.804273	0.0946072	0.237306	-1.84776	0.470293	-0.551055	0.865345	-0.228309	-0.276303	-0.53974	0.134511	0.199386	0.438723	-0.482557	0.525784	-0.155183	0.405122	-1.21816	0.97522	-0.170494	
0.0289386	-1.14647	0.815168	0.238227	0.357979	-0.625207	0.499313	-0.0528256	0.857505	0.119612	0.412987	-1.41153	0.495527	-0.602124	0.815647	-0.170396	-0.257513	-0.569973	0.170694	0.250365	0.399962	-0.671063	0.595547	-0.234372	0.444473	-1.41685	0.926227	-0.269902	
-0.0486542	-1.02998	0.732569	0.38144	0.0751395	-0.680399	0.462826	-0.111745	0.932935	0.245125	0.426054	-0.674009	0.386908	-0.420967	0.696269	-0.059496	-0.191426	-0.572639	0.180633	0.364959	0.26626	-0.781839	0.536407	-0.325669	0.25226	-1.41648	0.675203	-0.301741	
-0.0214256	-0.630848	0.530572	0.469752	-0.381589	-0.624447	0.326091	-0.151902	0.94558	0.359433	0.262337	0.156162	0.173182	-0.0933395	0.507788	0.0342554	-0.047407	-0.516598	0.149968	0.441862	0.119444	-0.755177	0.384213	-0.39174	-0.13955	-1.11645	0.287952	-0.278181	
0.165564	-0.0185426	0.297049	0.489385	-0.868824	-0.456099	0.121076	-0.204291	0.813854	0.34381	-0.0315836	0.81577	-0.080974	0.214372	0.273195	0.0435264	0.191298	-0.370585	0.0776709	0.374663	0.0619748	-0.559165	0.209186	-0.396954	-0.620999	-0.52562	-0.116866	-0.241964	
0.51952	0.659873	0.13132	0.443129	-1.23358	-0.216432	-0.0988927	-0.294043	0.494137	0.129607	-0.372549	1.10623	-0.278379	0.341724	0.0270693	-0.066844	0.509494	-0.127596	-0.0155723	0.0998328	0.173186	-0.207454	0.09127	-0.324599	-1.04864	0.220387	-0.415107	-0.247171	
0.991688	1.2363	0.105016	0.374786	-1.34482	0.0214641	-0.270934	-0.436005	0.0173285	-0.279702	-0.676924	0.932354	-0.338894	0.184086	-0.179526	-0.301382	0.866199	0.199094	-0.101354	-0.37386	0.478	0.239597	0.095072	-0.191052	-1.29225	0.902579	-0.509853	-0.347095	
1.4909	1.57183	0.237337	0.328323	-1.15554	0.183024	-0.336332	-0.62296	-0.513916	-0.806932	-0.88727	0.35524	-0.228534	-0.239566	-0.300885	-0.628295	1.20052	0.561732	-0.152482	-0.960944	0.931465	0.694772	0.246947	-0.0311399	-1.28223	1.2703	-0.36661	-0.558841	
1.91553	1.61348	0.485914	0.350155	-0.695175	0.219188	-0.267342	-0.833013	-0.966637	-1.33904	-0.995336	-0.452113	0.0163821	-0.805035	-0.315353	-1.00333	1.45817	0.906053	-0.156625	-1.53628	1.43767	1.07517	0.528539	0.108056	-1.04332	1.18333	-0.0287678	-0.860382	
2.18964	1.42378	0.765242	0.469891	-0.0721853	0.130442	-0.0733258	-1.03533	-1.21828	-1.76931	-1.03624	-1.2861	0.302797	-1.33162	-0.230243	-1.38118	1.61103	1.18137	-0.124076	-1.97438	1.88181	1.32764	0.880284	0.192037	-0.673572	0.642252	0.405462	-1.19794	
2.28654	1.15068	0.97806	0.656332	0.576245	-0.0346691	0.198232	-1.1931	-1.20909	-2.03321	-1.07303	-1.94947	0.514304	-1.66742	-0.0824784	-1.71428	1.66511	1.34835	-0.0777222	-2.19462	2.1742	1.44242	1.22712	0.21285	-0.318966	-0.204933	0.811127	-1.48869	
2.23817	0.951691	1.05592	0.842786	1.13109	-0.192938	0.475513	-1.27632	-0.966941	-2.12878	-1.16187	-2.36498	0.54863	-1.76095	0.0729247	-1.96815	1.65819	1.40891	-0.0463962	-2.19187	2.28479	1.45541	1.50154	0.195329	-0.107402	-1.07761	1.08262	-1.65943	
2.11751	0.939872	0.981112	0.93761	1.50607	-0.261962	0.68706	-1.25804	-0.599743	-2.09162	-1.32712	-2.5529	0.360368	-1.67194	0.175501	-2.10664	1.63481	1.37974	-0.0395331	-2.02526	2.24203	1.42147	1.66429	0.190121	-0.114686	-1.68992	1.16137	-1.65968	
2.00334	1.13102	0.783037	0.872126	1.68363	-0.193575	0.777299	-1.12295	-0.256588	-1.97088	-1.55553	-2.63582	-0.017558	-1.52825	0.187359	-2.08833	1.631	1.2992	-0.0520345	-1.79602	2.11666	1.39129	1.70997	0.248278	-0.335076	-1.85721	1.05024	-1.47476	
1.9476	1.44237	0.526093	0.631245	1.67773	0.00873483	0.728052	-0.872142	-0.0731633	-1.79766	-1.79975	-2.72901	-0.487383	-1.45718	0.10523	-1.87959	1.65101	1.19697	-0.0612927	-1.60585	1.97937	1.38726	1.65573	0.401421	-0.689953	-1.5565	0.80535	-1.13483	
1.95758	1.7209	0.277559	0.266457	1.53203	0.291486	0.556913	-0.523561	-0.12928	-1.56766	-2.00259	-2.89973	-0.925941	-1.52709	-0.043836	-1.46187	1.66919	1.09439	-0.0385932	-1.52289	1.87416	1.40029	1.53373	0.644152	-1.06863	-0.919649	0.504339	-0.691992	
1.9957	1.82184	0.0852469	-0.111407	1.28578	0.573643	0.311752	-0.114577	-0.416287	-1.25162	-2.12347	-3.13321	-1.22485	-1.69746	-0.205789	-0.850713	1.64274	1.00118	0.0336313	-1.56009	1.79834	1.39914	1.36994	0.935776	-1.36751	-0.197911	0.218988	-0.218956	
1.9976	1.67831	-0.040147	-0.373665	0.962799	0.776119	0.0524532	0.301152	-0.846282	-0.822169	-2.14937	-3.30709	-1.33305	-1.84301	-0.321912	-0.100654	1.53219	0.904388	0.152211	-1.67993	1.70896	1.3447	1.18057	1.21073	-1.53567	0.338681	-0.00846265	0.220397	
1.90548	1.31267	-0.119525	-0.416912	0.586408	0.852376	-0.170527	0.659086	-1.29004	-0.293603	-2.09502	-3.27239	-1.27109	-1.80528	-0.348987	0.693041	1.3256	0.804495	0.283416	-1.82177	1.55641	1.21898	0.970235	1.40156	-1.57725	0.506947	-0.171294	0.576781	
1.69328	0.864302	-0.191397	-0.206528	0.17425	0.7991	-0.321127	0.898183	-1.61517	0.27136	-1.99507	-2.90898	-1.11661	-1.49554	-0.266437	1.41156	1.04345	0.695697	0.384309	-1.92019	1.30877	1.02655	0.742182	1.46271	-1.54431	0.274567	-0.283817	0.814729	
1.37957	0.49506	-0.292384	0.178366	-0.225048	0.652986	-0.385098	0.981857	-1.73305	0.765661	-1.87879	-2.21916	-0.956634	-0.924069	-0.0786508	1.95075	0.736336	0.596042	0.415393	-1.93203	0.979928	0.798828	0.515536	1.38737	-1.49915	-0.277365	-0.362187	0.929748	
1.01683	0.323769	-0.435641	0.591694	-0.55349	0.470548	-0.361725	0.904848	-1.61942	1.06765	-1.76168	-1.32159	-0.846401	-0.221789	0.194796	2.24165	0.458596	0.532519	0.359799	-1.84696	0.622419	0.57525	0.320628	1.20572	-1.48286	-0.95665	-0.406845	0.928131	
0.67029	0.362397	-0.610626	0.868349	-0.74668	0.30775	-0.258331	0.703623	-1.312	1.09312	-1.63889	-0.447029	-0.789718	0.399969	0.522023	2.27446	0.245378	0.525533	0.23696	-1.67827	0.307101	0.384231	0.19784	0.972721	-1.49805	-1.53567	-0.397539	0.840861	
0.389018	0.515532	-0.792474	0.864634	-0.757101	0.201834	-0.0833165	0.449921	-0.889586	0.828614	-1.49375	0.121414	-0.735369	0.768324	0.873578	2.09888	0.0961528	0.591638	0.0957596	-1.44957	0.0909136	0.234964	0.181717	0.751987	-1.51241	-1.84743	-0.304423	0.710331	
0.189018	0.623688	-0.955012	0.540869	-0.589882	0.163603	0.153019	0.225	-0.441846	0.34221	-1.31387	0.183492	-0.60171	0.796401	1.22192	1.79548	-0.0251405	0.711014	-0.00130156	-1.1851	-0.0132532	0.112614	0.281905	0.589363	-1.47999	-1.79935	-0.106133	0.582773	
0.0565023	0.521243	-1.07931	-0.0414883	-0.291454	0.188439	0.434918	0.102335	-0.0476638	-0.238996	-1.10083	-0.336981	-0.336059	0.533258	1.53103	1.44806	-0.16755	0.855339	-0.000167134	-0.900977	-0.0339982	-0.00246753	0.479414	0.508642	-1.37081	-1.40574	0.18749	0.507607	
-0.0414429	0.139431	-1.16234	-0.733633	0.0400628	0.262698	0.735245	0.118271	0.244787	-0.769007	-0.883437	-1.32459	0.0584382	0.144828	1.75442	1.10879	-0.369476	0.97533	0.122908	-0.606459	-0.0335705	-0.12473	0.722581	0.506002	-1.19213	-0.730003	0.526431	0.510367	
-0.128774	-0.463672	-1.2074	-1.34218	0.301046	0.375769	1.00914	0.261095	0.409965	-1.13958	-0.704632	-2.49603	0.495603	-0.156748	1.82659	0.777144	-0.624527	1.02684	0.353857	-0.313446	-0.0675721	-0.24209	0.947247	0.561096	-0.992114	0.11548	0.826602	0.591068	
-0.202991	-1.10719	-1.21496	-1.69062	0.413945	0.519286	1.20372	0.474379	0.44065	-1.31507	-0.615531	-3.50532	0.837267	-0.212162	1.68095	0.414274	-0.876164	0.99709	0.643758	-0.0407785	-0.154722	-0.317462	1.09654	0.648001	-0.835737	1.00649	0.997236	0.714876	
-0.22778	-1.54731	-1.17238	-1.674	0.351826	0.683963	1.26715	0.674078	0.345922	-1.33199	-0.648958	-4.02132	0.929058	0.000952689	1.25967	-0.0409485	-1.02681	0.888469	0.931914	0.191405	-0.261464	-0.299191	1.13877	0.742913	-0.779312	1.84143	0.966136	0.817554	
-0.150534	-1.58881	-1.05402	-1.29121	0.153435	0.852529	1.16604	0.783368	0.138511	-1.27307	-0.810601	-3.86941	0.663928	0.38092	0.542346	-0.624696	-0.976742	0.750479	1.16421	0.36694	-0.312162	-0.143933	1.08165	0.833849	-0.844677	2.52454	0.705602	0.831253	
0.0753106	-1.14813	-0.826562	-0.614729	-0.1093	0.99136	0.896986	0.746368	-0.162079	-1.2317	-1.06972	-3.05558	0.0410207	0.742134	-0.434553	-1.32948	-0.659157	0.642551	1.3042	0.475839	-0.225821	0.161183	0.958614	0.908431	-1.00048	2.98009	0.245052	0.69788	
0.463847	-0.298024	-0.466283	0.249579	-0.344225	1.05796	0.492564	0.553126	-0.525781	-1.26413	-1.36628	-1.79416	-0.839052	0.88312	-1.57629	-2.09239	-0.0700851	0.624584	1.34534	0.528201	0.051066	0.586203	0.818895	0.954861	-1.17526	3.13941	-0.338149	0.401085	
0.978108	0.760967	0.0238387	1.16327	-0.490439	1.01067	0.0158522	0.236541	-0.910946	-1.36823	-1.62582	-0.418992	-1.77925	0.708098	-2.73825	-2.80285	0.715427	0.737868	1.29827	0.548767	0.509556	1.0589	0.702102	0.954245	-1.27888	2.96008	-0.939615	-0.0295924	
1.53754	1.77641	0.608159	2.02414	-0.534374	0.827041	-0.459781	-0.144679	-1.27185	-1.49567	-1.77467	0.744943	-2.5627	0.244521	-3.76691	-3.34996	1.56691	0.97701	1.18351	0.565306	1.07495	1.48792	0.622755	0.884202	-1.24239	2.4685	-1.46635	-0.524783	
2.03877	2.51499	1.22349	2.75875	-0.50518	0.520528	-0.864905	-0.5202	-1.56952	-1.57854	-1.75859	1.43582	-3.01086	-0.355165	-4.52764	-3.64563	2.33278	1.3137	1.0166	0.594048	1.63136	1.78766	0.571576	0.732079	-1.03685	1.73528	-1.85087	-0.983769	
2.38889	2.85932	1.7938	3.30215	-0.468007	0.144199	-1.15526	-0.834107	-1.7737	-1.56663	-1.55222	1.55775	-3.04159	-0.872408	-4.94748	-3.66838	2.88635	1.67597	0.807073	0.633983	2.058	1.9077	0.519089	0.502145	-0.68884	0.925052	-2.07219	-1.32095	
2.53109	2.8082	2.24841	3.62098	-0.477267	-0.225863	-1.31988	-1.05291	-1.8791	-1.4534	-1.1698	1.1911	-2.69355	-1.11821	-5.02558	-3.45879	3.15594	1.98811	0.560704	0.661944	2.27477	1.84243	0.437225	0.224955	-0.269712	0.225888	-2.14737	-1.48062	
2.46531	2.47683	2.54413	3.66448	-0.564839	-0.507631	-1.3727	-1.16805	-1.89514	-1.27881	-0.657967	0.529373	-2.09986	-1.00938	-4.82207	-3.10312	3.1423	2.18812	0.289368	0.644317	2.26308	1.63535	0.314168	-0.0432409	0.13268	-0.193249	-2.11583	-1.45795	
2.23787	2.01692	2.66447	3.40728	-0.714855	-0.643816	-1.34537	-1.18457	-1.83221	-1.0999	-0.089659	-0.192474	-1.44018	-0.609068	-4.43729	-2.70211	2.904	2.23017	0.0242361	0.562708	2.06659	1.35418	0.161573	-0.235169	0.440637	-0.226602	-2.02187	-1.29581	
1.91721	1.54798	2.62691	2.85131	-0.886707	-0.618292	-1.27198	-1.11369	-1.69782	-0.963717	0.449931	-0.758909	-0.871202	-0.0687816	-3.97036	-2.33256	2.52635	2.11414	-0.193771	0.424066	1.76001	1.06728	0.00816962	-0.295733	0.608867	0.105807	-1.89889	-1.06596	
1.57571	1.13655	2.46864	2.06518	-1.037	-0.458674	-1.17852	-0.965255	-1.48438	-0.877419	0.86922	-1.05758	-0.488607	0.40798	-3.49639	-2.02982	2.09406	1.86825	-0.31574	0.267875	1.41958	0.82677	-0.115146	-0.199081	0.629159	0.690158	-1.76745	-0.84841	
1.26437	0.783453	2.23215	1.17872	-1.12582	-0.230655	-1.07596	-0.747875	-1.1784	-0.804358	1.11023	-1.09131	-0.296413	0.648764	-3.04346	-1.78542	1.66901	1.55524	-0.306254	0.153319	1.10018	0.654238	-0.185449	0.0382082	0.532359	1.28043	-1.63027	-0.699372	
1.00572	0.463767	1.95613	0.361254	-1.15493	-0.00771525	-0.96396	-0.473451	-0.765151	-0.678048	1.14194	-0.943712	-0.23392	0.577127	-2.60548	-1.5694	1.2806	1.24476	-0.155829	0.142899	0.81575	0.544507	-0.200613	0.361198	0.365491	1.62989	-1.4912	-0.647971	
0.797471	0.155374	1.6671	-0.214993	-1.14194	0.149082	-0.841396	-0.162385	-0.254903	-0.439826	0.978375	-0.722137	-0.2136	0.217812	-2.16152	-1.34981	0.933257	0.994826	0.109301	0.267692	0.557756	0.475389	-0.179482	0.690951	0.176662	1.55449	-1.35723	-0.68666	
0.631787	-0.122045	1.39026	-0.444792	-1.11923	0.217519	-0.706865	0.152524	0.308974	-0.0753548	0.675212	-0.537622	-0.170673	-0.326594	-1.69981	-1.12032	0.627859	0.853207	0.432703	0.509339	0.311192	0.43135	-0.146368	0.955311	0.00326178	0.991656	-1.2413	-0.781561	
0.506337	-0.324592	1.14418	-0.30856	-1.10499	0.216389	-0.563063	0.436048	0.852305	0.37438	0.306833	-0.474216	-0.0911561	-0.929706	-1.23469	-0.903896	0.371879	0.830962	0.749506	0.803199	0.0819026	0.408039	-0.11858	1.11256	-0.130322	0.0348682	-1.15451	-0.891484	
0.425708	-0.399232	0.94301	0.102466	-1.08956	0.191137	-0.417546	0.657057	1.27712	0.812274	-0.0386172	-0.543657	-0.00993875	-1.48782	-0.806104	-0.73863	0.182337	0.915309	1.00001	1.04933	-0.105884	0.414879	-0.097066	1.1574	-0.218023	-1.09577	-1.10332	-0.97726	
0.403216	-0.329362	0.79608	0.619594	-1.04992	0.204569	-0.275018	0.805556	1.49871	1.13156	-0.306876	-0.739951	-0.00695609	-1.94601	-0.469098	-0.647864	0.0765042	1.06139	1.15438	1.15163	-0.215073	0.469975	-0.0679539	1.12698	-0.266482	-2.09394	-1.08172	-1.0043	
0.438893	-0.159615	0.695343	1.0308	-0.943185	0.299307	-0.133403	0.895519	1.4717	1.25425	-0.460111	-1.03918	-0.13547	-2.29591	-0.258814	-0.624951	0.0573342	1.20792	1.21537	1.05187	-0.221521	0.581882	-0.010096	1.07367	-0.284703	-2.69422	-1.06415	-0.948924	
0.511868	0.0114082	0.61841	1.19043	-0.756115	0.488606	0.0139871	0.954766	1.20921	1.1637	-0.506033	-1.39637	-0.405223	-2.52997	-0.181017	-0.626688	0.102159	1.28841	1.20885	0.752772	-0.14121	0.740142	0.0851795	1.04206	-0.287672	-2.73271	-1.01954	-0.799798	
0.582902	0.0676588	0.533286	1.04866	-0.503844	0.744839	0.174764	1.014	0.782044	0.913042	-0.480562	-1.76082	-0.761854	-2.64566	-0.198735	-0.58561	0.167641	1.24752	1.16963	0.315118	-0.0231	0.914216	0.205092	1.04567	-0.286933	-2.20015	-0.916673	-0.562564	
0.601147	-0.0677835	0.407291	0.669158	-0.23141	1.0086	0.35107	1.08513	0.30207	0.601735	-0.414841	-2.07137	-1.10091	-2.62284	-0.246937	-0.43832	0.201536	1.0638	1.12224	-0.160784	0.057769	1.06155	0.313584	1.05805	-0.292041	-1.25744	-0.742103	-0.258366	
0.525475	-0.395711	0.225956	0.21404	-0.00815841	1.21131	0.531848	1.1504	-0.117528	0.33388	-0.336722	-2.23996	-1.31057	-2.43324	-0.264069	-0.167519	0.163769	0.746357	1.07032	-0.570692	0.033761	1.13813	0.362037	1.02935	-0.298062	-0.154557	-0.50751	0.0672481	
0.343979	-0.825791	0.00235275	-0.124245	0.119288	1.29089	0.69213	1.16645	-0.396082	0.176208	-0.245803	-2.18781	-1.31143	-2.07378	-0.216465	0.184865	0.0482968	0.34983	0.999592	-0.84257	-0.122759	1.11771	0.314808	0.904334	-0.294992	0.833623	-0.249168	0.346121	
0.0863859	-1.20924	-0.215092	-0.193715	0.127779	1.22208	0.801347	1.0771	-0.505709	0.135474	-0.132299	-1.87786	-1.10015	-1.56944	-0.12125	0.52315	-0.1136	-0.0461709	0.891521	-0.953439	-0.379878	1.00498	0.16116	0.65517	-0.25921	1.502	-0.0184928	0.506967	
-0.182142	-1.39494	-0.355997	0.0638613	0.0455114	1.01254	0.831997	0.838307	-0.483064	0.156558	0.0275016	-1.3278	-0.736634	-1.00339	-0.0408224	0.717914	-0.254318	-0.346745	0.735626	-0.935737	-0.652136	0.83467	-0.067395	0.295921	-0.15994	1.76333	0.13429	0.482588	
-0.387981	-1.30057	-0.356363	0.595763	-0.0693971	0.708566	0.772489	0.446804	-0.401512	0.16178	0.244592	-0.623858	-0.341066	-0.478308	-0.0573802	0.672171	-0.304868	-0.479715	0.543123	-0.84786	-0.838696	0.657365	-0.3117	-0.115791	0.0249569	1.66621	0.173199	0.247615	
-0.472019	-0.943403	-0.178722	1.25634	-0.157988	0.377329	0.630326	-0.0508898	-0.34634	0.0869266	0.500682	0.0850422	-0.0354209	-0.0899274	-0.242015	0.350012	-0.216851	-0.419872	0.344493	-0.753695	-0.860603	0.524781	-0.503691	-0.497368	0.303409	1.39051	0.0914511	-0.172937	
-0.421416	-0.446787	0.159147	1.8604	-0.176855	0.0876633	0.43575	-0.562748	-0.373295	-0.0782351	0.762343	0.615647	0.103811	0.114956	-0.607946	-0.187707	0.0105226	-0.192585	0.1776	-0.686559	-0.700642	0.471922	-0.593934	-0.773712	0.65024	1.13418	-0.085883	-0.696326	
-0.273615	0.0192087	0.587645	2.25221	-0.139404	-0.11018	0.229056	-0.982449	-0.497874	-0.290745	0.982571	0.849844	0.0711165	0.162127	-1.10177	-0.803741	0.32825	0.11881	0.069128	-0.647862	-0.417876	0.501892	-0.577549	-0.90319	1.01961	1.06399	-0.308728	-1.20094	
-0.100184	0.305833	1.00248	2.37101	-0.0896266	-0.201919	0.0479485	-1.22043	-0.69567	-0.47314	1.12261	0.754719	-0.0621902	0.121146	-1.61203	-1.32447	0.65936	0.404764	0.0197894	-0.61912	-0.118879	0.586332	-0.485587	-0.894117	1.34282	1.2377	-0.514541	-1.56508	
0.00939416	0.335847	1.29084	2.24063	-0.0963532	-0.205221	-0.0806279	-1.23483	-0.904825	-0.546884	1.17103	0.419976	-0.186814	0.0981385	-1.99317	-1.58609	0.913479	0.551094	0.00262478	-0.569892	0.0737176	0.673498	-0.387085	-0.805734	1.55699	1.59979	-0.646024	-1.69395	
-0.00769285	0.153806	1.38	1.97142	-0.212641	-0.165304	-0.158764	-1.05533	-1.07622	-0.486537	1.15335	0.0545088	-0.184004	0.171419	-2.13227	-1.51331	1.03427	0.482236	-0.0349469	-0.500258	0.077369	0.709029	-0.353549	-0.719714	1.62539	2.02122	-0.670179	-1.56376	
-0.170277	-0.116959	1.25537	1.70223	-0.441016	-0.135072	-0.205234	-0.764308	-1.18154	-0.3293	1.1212	-0.105014	0.00787521	0.374044	-1.97645	-1.12351	1.00936	0.19038	-0.14383	-0.439787	-0.120688	0.655118	-0.429926	-0.710708	1.55013	2.32877	-0.582549	-1.21879	
-0.43952	-0.315959	0.973767	1.56563	-0.742041	-0.1547	-0.253165	-0.477266	-1.22965	-0.174608	1.13334	0.118212	0.376003	0.686273	-1.56473	-0.535959	0.879781	-0.269663	-0.354868	-0.450927	-0.455606	0.507168	-0.622682	-0.818521	1.37746	2.41672	-0.41216	-0.762811	
-0.738858	-0.321712	0.637332	1.62907	-1.0334	-0.236399	-0.334525	-0.300778	-1.259	-0.141697	1.23741	0.775572	0.84513	1.04328	-1.00938	0.0776943	0.720217	-0.788406	-0.666933	-0.600426	-0.813523	0.297393	-0.893381	-1.03485	1.17448	2.26934	-0.21326	-0.320864	
-0.984853	-0.100889	0.359598	1.88088	-1.23702	-0.359721	-0.466623	-0.298427	-1.31352	-0.319542	1.44462	1.77407	1.29105	1.38952	-0.458187	0.555183	0.606597	-1.24677	-1.04316	-0.929779	-1.08404	0.0814487	-1.18361	-1.31054	1.0176	1.97586	-0.0473402	0.00711266	
-1.11236	0.294652	0.227763	2.24148	-1.30523	-0.481166	-0.647042	-0.471886	-1.42489	-0.727373	1.72021	2.88598	1.60925	1.69158	-0.0504725	0.791176	0.593756	-1.55261	-1.4249	-1.43226	-1.19496	-0.0787065	-1.42902	-1.5718	0.955245	1.68571	0.0351003	0.172283	
-1.10503	0.731432	0.265087	2.59366	-1.24284	-0.549342	-0.848948	-0.762791	-1.58649	-1.29983	2.00497	3.82731	1.73744	1.95987	0.142748	0.777063	0.68842	-1.66025	-1.75198	-2.04036	-1.14685	-0.133265	-1.5905	-1.75766	0.99464	1.54975	0.0111765	0.19209	
-0.988941	1.08095	0.436451	2.8359	-1.11273	-0.525754	-1.03386	-1.08291	-1.76095	-1.91016	2.22879	4.37765	1.682	2.22464	0.129956	0.579681	0.86027	-1.59208	-1.98467	-2.64742	-1.00113	-0.0660913	-1.66427	-1.8344	1.10279	1.6444	-0.108675	0.130068	
-0.826425	1.25346	0.654278	2.89804	-0.990764	-0.40198	-1.15908	-1.33315	-1.89243	-2.41435	2.3325	4.44008	1.50663	2.50971	-0.0086867	0.326488	1.04677	-1.41629	-2.10647	-3.13786	-0.850372	0.0964783	-1.66598	-1.80457	1.21506	1.93193	-0.280386	0.0768714	
-0.685946	1.2372	0.820277	2.77094	-0.945841	-0.201746	-1.18724	-1.44133	-1.92457	-2.70182	2.28806	4.05431	1.29412	2.80859	-0.152187	0.142559	1.17886	-1.22356	-2.12725	-3.42182	-0.776295	0.293285	-1.62349	-1.69965	1.26881	2.28942	-0.438382	0.104208	
-0.623221	1.08814	0.856155	2.47363	-0.994786	0.0214707	-1.09643	-1.37608	-1.8235	-2.72481	2.10893	3.39207	1.12511	3.06629	-0.185945	0.111372	1.20035	-1.08622	-2.06643	-3.45551	-0.817701	0.445333	-1.55216	-1.5602	1.21978	2.52719	-0.516536	0.243222	
-0.667086	0.889201	0.728829	2.05834	-1.09712	0.206887	-0.883311	-1.1487	-1.59244	-2.51343	1.83174	2.67045	1.02768	3.20899	-0.0438214	0.253499	1.07878	-1.02958	-1.94084	-3.25917	-0.962723	0.477994	-1.44839	-1.41915	1.06457	2.49237	-0.465928	0.481884	
-0.816101	0.700813	0.460955	1.57538	-1.18062	0.303588	-0.560314	-0.801279	-1.26455	-2.14321	1.50638	2.07437	0.987408	3.17687	0.270481	0.527115	0.8104	-1.03716	-1.75517	-2.89128	-1.15724	0.341736	-1.29358	-1.2886	0.838498	2.11589	-0.271958	0.770676	
-1.05159	0.531392	0.109492	1.05912	-1.1602	0.288785	-0.15766	-0.38839	-0.890545	-1.70353	1.18523	1.68644	0.956852	2.94581	0.696223	0.857037	0.410337	-1.05375	-1.50222	-2.42863	-1.33944	0.0295494	-1.0655	-1.16326	0.595582	1.46292	0.0386663	1.05078	
-1.34771	0.342119	-0.252886	0.531939	-1.00023	0.178085	0.283693	0.0332427	-0.518138	-1.25271	0.896668	1.50373	0.881176	2.56544	1.14314	1.16462	-0.0914219	-1.02072	-1.17864	-1.93356	-1.47062	-0.423299	-0.766467	-1.03033	0.393049	0.686584	0.408835	1.27392	
-1.68153	0.0650022	-0.570617	-0.00758855	-0.715091	0.0142339	0.711477	0.422552	-0.18294	-0.808724	0.657082	1.45322	0.744665	2.1363	1.51923	1.40302	-0.65691	-0.901839	-0.7922	-1.44075	-1.54829	-0.946972	-0.425305	-0.882411	0.262358	-0.0107664	0.760958	1.42133	
-2.02635	-0.339669	-0.811127	-0.537521	-0.38268	-0.141044	1.06915	0.746667	0.0933232	-0.361017	0.466713	1.42879	0.560151	1.77844	1.76329	1.56033	-1.23615	-0.699091	-0.379319	-0.96639	-1.59734	-1.4515	-0.101373	-0.727298	0.203729	-0.437531	1.02332	1.50097	
-2.34966	-0.857997	-0.969424	-1.02389	-0.106722	-0.234336	1.30588	0.980748	0.30408	0.108699	0.325147	1.37867	0.382186	1.58301	1.85895	1.64932	-1.76551	-0.454496	0.0029969	-0.512636	-1.64934	-1.8515	0.135177	-0.588946	0.1927	-0.519969	1.14575	1.53062	
-2.60351	-1.4004	-1.05684	-1.39805	0.0307395	-0.22615	1.37732	1.10782	0.432343	0.579417	0.220692	1.29283	0.264796	1.57602	1.81474	1.69403	-2.17057	-0.230615	0.287844	-0.104716	-1.71169	-2.0798	0.231578	-0.490522	0.185016	-0.268816	1.10893	1.53705	
-2.72435	-1.84224	-1.07967	-1.58327	-0.00639642	-0.102731	1.26516	1.11791	0.452266	0.988173	0.141398	1.19526	0.234721	1.71327	1.6502	1.70515	-2.37331	-0.0854582	0.419224	0.210799	-1.75201	-2.10143	0.173556	-0.443657	0.147828	0.220683	0.92727	1.53113	
-2.6458	-2.05228	-1.03255	-1.5269	-0.171376	0.120066	0.978878	1.01307	0.331786	1.2318	0.0830149	1.10405	0.278021	1.8864	1.38549	1.66783	-2.31146	-0.0420603	0.375151	0.367054	-1.70479	-1.91096	-0.00140709	-0.435923	0.0644013	0.798508	0.639591	1.50988	
-2.32228	-1.95275	-0.897948	-1.19005	-0.376417	0.412087	0.559597	0.807031	0.0445842	1.20889	0.0274324	1.01126	0.324132	1.98064	1.02641	1.55321	-1.95802	-0.0811127	0.172318	0.298932	-1.49903	-1.53379	-0.221912	-0.435939	-0.0574889	1.33922	0.298272	1.4622	
-1.75527	-1.56186	-0.662753	-0.613476	-0.511671	0.726988	0.0766665	0.52986	-0.40003	0.867276	-0.0332154	0.876647	0.301576	1.91432	0.582635	1.32998	-1.34349	-0.154399	-0.133341	-0.0152432	-1.09517	-1.02191	-0.402511	-0.406731	-0.187046	1.76793	-0.0474099	1.37112	
-1.00181	-0.966752	-0.327733	0.107917	-0.499705	1.01947	-0.391139	0.218579	-0.954043	0.23515	-0.102512	0.63746	0.152344	1.66546	0.0757997	0.991013	-0.556113	-0.205935	-0.467616	-0.542017	-0.51095	-0.439137	-0.478186	-0.322667	-0.292604	2.0804	-0.356048	1.23086	
-0.171819	-0.306566	0.0736699	0.825251	-0.329212	1.243	-0.7647	-0.0891091	-1.51347	-0.562298	-0.174596	0.280289	-0.124364	1.27109	-0.435911	0.561249	0.275582	-0.198353	-0.756038	-1.17165	0.168305	0.141761	-0.425144	-0.18589	-0.346463	2.27451	-0.597683	1.03805	
0.599808	0.281489	0.476492	1.38596	-0.048487	1.35799	-0.99348	-0.363324	-1.9496	-1.34128	-0.235755	-0.137177	-0.471531	0.800792	-0.869142	0.097359	1.00986	-0.122421	-0.946723	-1.75176	0.816094	0.655647	-0.269286	-0.0273001	-0.351164	2.35522	-0.758541	0.799762	
1.19439	0.714401	0.802157	1.6833	0.240097	1.3388	-1.06224	-0.588264	-2.14374	-1.90854	-0.271821	-0.498689	-0.796666	0.328025	-1.13975	-0.326711	1.53761	-0.00562003	-1.01981	-2.12715	1.30675	1.05036	-0.0720572	0.102921	-0.330402	2.30902	-0.839588	0.522703	
1.54455	0.986315	0.982452	1.66115	0.443384	1.17066	-0.992318	-0.762443	-2.0187	-2.12411	-0.267156	-0.646987	-0.994864	-0.112828	-1.17531	-0.649879	1.80674	0.105157	-0.984872	-2.18451	1.5607	1.29656	0.0974818	0.159447	-0.323254	2.05947	-0.849265	0.211913	
1.65826	1.15032	0.987164	1.3715	0.500047	0.866018	-0.836119	-0.892636	-1.57716	-1.94646	-0.230259	-0.481846	-1.01116	-0.524211	-0.964411	-0.834223	1.83885	0.170291	-0.87255	-1.89622	1.57276	1.39667	0.188732	0.1217	-0.371417	1.54503	-0.804635	-0.124538	
1.61039	1.27476	0.833305	0.915623	0.414012	0.462101	-0.655152	-0.983845	-0.896673	-1.43885	-0.18448	-0.0119368	-0.857786	-0.930564	-0.557638	-0.882683	1.71528	0.162059	-0.71887	-1.31999	1.4135	1.37808	0.189342	0.00822868	-0.498031	0.766054	-0.73128	-0.475466	
1.51913	1.41334	0.590266	0.437344	0.254858	0.019763	-0.505035	-1.03583	-0.120958	-0.749995	-0.168599	0.598372	-0.613894	-1.35245	-0.0649317	-0.832257	1.54646	0.0976382	-0.554185	-0.593478	1.20556	1.29339	0.125962	-0.129691	-0.70286	-0.209257	-0.652915	-0.816254	
1.49918	1.56915	0.35472	0.0695636	0.11157	-0.388901	-0.413589	-1.04192	0.59285	-0.0548734	-0.221915	1.06721	-0.394126	-1.7822	0.383466	-0.73483	1.43701	0.0162816	-0.397041	0.122564	1.07378	1.20239	0.0504098	-0.225289	-0.951304	-1.24136	-0.587868	-1.11544	
1.61874	1.69239	0.219339	-0.102709	0.0769528	-0.703035	-0.380469	-1.00028	1.11583	0.496731	-0.362517	1.11197	-0.296917	-2.18877	0.68445	-0.644926	1.44342	-0.0277507	-0.25975	0.686374	1.10271	1.15263	0.0152062	-0.229055	-1.18858	-2.14355	-0.543762	-1.34519	
1.87955	1.71141	0.243938	-0.0737998	0.188958	-0.884055	-0.37799	-0.914334	1.38288	0.827308	-0.581357	0.523982	-0.361765	-2.51132	0.789826	-0.589444	1.56372	0.00495172	-0.14723	1.01857	1.30645	1.16684	0.0537586	-0.126338	-1.35138	-2.74614	-0.511503	-1.48601	
2.21828	1.57392	0.430553	0.0828462	0.433784	-0.935118	-0.3655	-0.801578	1.40888	0.938835	-0.833878	-0.684802	-0.550995	-2.71074	0.73365	-0.570477	1.74236	0.115487	-0.0614296	1.11727	1.63224	1.23163	0.1716	0.0569579	-1.39296	-2.97499	-0.466954	-1.53939	
2.53843	1.27549	0.727896	0.260192	0.75277	-0.897459	-0.307994	-0.691326	1.26829	0.891641	-1.06248	-2.29256	-0.762972	-2.78105	0.602344	-0.570897	1.8963	0.29034	0.000562558	1.03876	1.98712	1.30895	0.350481	0.265154	-1.29647	-2.88156	-0.37834	-1.5321	
2.7501	0.878475	1.04552	0.344215	1.06188	-0.829931	-0.193379	-0.613678	1.05676	0.766154	-1.21257	-3.91621	-0.884034	-2.75128	0.490149	-0.566274	1.95585	0.47857	0.0464951	0.868257	2.27629	1.34938	0.557754	0.441946	-1.08688	-2.57825	-0.230086	-1.50573	
2.80847	0.496071	1.28965	0.277675	1.30004	-0.790139	-0.0415893	-0.590891	0.847495	0.619366	-1.2542	-5.13165	-0.835177	-2.6709	0.458236	-0.542742	1.89041	0.637861	0.0885598	0.672542	2.44156	1.31723	0.762047	0.550915	-0.826132	-2.24914	-0.0272314	-1.49884	
2.72948	0.245612	1.39106	0.0524493	1.42882	-0.803931	0.105595	-0.62001	0.673743	0.473663	-1.20282	-5.6378	-0.609394	-2.58619	0.500451	-0.4954	1.7216	0.730519	0.145097	0.488985	2.47404	1.20862	0.941645	0.600182	-0.597447	-2.03148	0.197051	-1.52465	
2.58206	0.203948	1.32339	-0.265826	1.46093	-0.857717	0.193074	-0.675666	0.519375	0.309735	-1.10832	-5.33873	-0.288592	-2.5146	0.544053	-0.439817	1.51466	0.743495	0.232131	0.313917	2.41545	1.05564	1.08702	0.632227	-0.483795	-1.97328	0.382487	-1.56776	
2.45425	0.384052	1.11336	-0.581834	1.42555	-0.900934	0.173086	-0.716294	0.339532	0.095301	-1.04166	-4.39363	-0.00239758	-2.41438	0.481013	-0.395749	1.35012	0.694224	0.35203	0.119611	2.32852	0.918737	1.18744	0.701801	-0.536348	-2.01768	0.463796	-1.58202	
2.41258	0.724966	0.823115	-0.801392	1.35015	-0.867783	0.0228329	-0.701552	0.0976892	-0.185232	-1.05816	-3.13951	0.126285	-2.22195	0.228285	-0.372862	1.29173	0.604015	0.485572	-0.112966	2.26433	0.862385	1.22492	0.844191	-0.756716	-2.02809	0.392008	-1.50934	
2.47474	1.10883	0.528249	-0.865878	1.25999	-0.711818	-0.24278	-0.610557	-0.204791	-0.514224	-1.17547	-1.9517	0.0338362	-1.89707	-0.225798	-0.375084	1.35724	0.509525	0.597812	-0.377248	2.24395	0.92571	1.18048	1.05601	-1.09169	-1.8801	0.1605	-1.31318	
2.59579	1.40474	0.296177	-0.77682	1.14264	-0.426469	-0.574807	-0.452542	-0.512795	-0.82606	-1.36777	-1.12748	-0.252121	-1.43438	-0.80251	-0.38308	1.51112	0.425368	0.641666	-0.622807	2.24538	1.10132	1.02905	1.28406	-1.44335	-1.48907	-0.191776	-0.993981	
2.68947	1.51676	0.159888	-0.569511	0.984887	-0.0587306	-0.903233	-0.266128	-0.734598	-1.04129	-1.56918	-0.778582	-0.632693	-0.890588	-1.34485	-0.37498	1.67633	0.360606	0.580215	-0.781125	2.22181	1.33214	0.765376	1.44458	-1.70294	-0.899367	-0.582706	-0.60205	
2.65826	1.41445	0.119182	-0.318868	0.766345	0.304471	-1.15399	-0.106743	-0.773772	-1.08556	-1.70496	-0.803048	-0.957929	-0.3859	-1.67264	-0.327303	1.75836	0.317168	0.398889	-0.785846	2.118	1.52701	0.407443	1.4576	-1.78268	-0.254734	-0.911731	-0.221965	
2.43752	1.12746	0.141561	-0.0894346	0.49388	0.567857	-1.27202	-0.0247892	-0.575127	-0.92908	-1.71432	-0.990428	-1.10306	-0.0441756	-1.65629	-0.230323	1.68371	0.293702	0.118211	-0.607221	1.9015	1.59387	0.00831321	1.28094	-1.64268	0.270367	-1.09354	0.0530933	
