0.911933	0.576343	1.57011	0.656799	0.330039	-0.167532	0.147705	-0.763543	-0.453405	-1.0152	0.20266	-0.349777	0.48178	-0.757812	0.302852	-1.2546	1.10207	0.325919	-0.258744	-0.497887	1.1014	0.518407	-2.56729	-0.0270628	0.393914	-0.407501	0.44837	-0.549963	
1.09	0.633501	1.5993	0.933179	0.298575	-0.164715	-0.0209158	-0.961777	-0.675575	-1.16338	0.588534	-0.481125	0.63255	-0.961624	0.18176	-1.56963	1.30747	0.376961	-0.417767	-0.690281	1.14758	0.758221	-2.24563	-0.23001	0.74453	-0.284513	0.447512	-0.872735	
1.23498	0.59592	1.56407	1.0876	0.312644	-0.179419	-0.172295	-1.13496	-0.92559	-1.33197	0.964682	-0.620869	0.690635	-1.05433	0.00305032	-1.78924	1.45162	0.446086	-0.597611	-0.91132	1.15527	0.930589	-1.46052	-0.430787	1.05131	-0.167897	0.418721	-1.13039	
1.33123	0.500172	1.4993	1.1069	0.382244	-0.232073	-0.285369	-1.28446	-1.15518	-1.52136	1.25312	-0.743293	0.671693	-1.03051	-0.186698	-1.90197	1.54203	0.513455	-0.781286	-1.14042	1.13326	0.999482	-0.342337	-0.621287	1.30598	-0.096763	0.378669	-1.29454	
1.36284	0.394062	1.40416	1.0156	0.503645	-0.324323	-0.329831	-1.39671	-1.32593	-1.71881	1.40593	-0.810618	0.61309	-0.921426	-0.338424	-1.92019	1.57674	0.559843	-0.936094	-1.35269	1.09144	0.956067	0.872217	-0.781197	1.49632	-0.097018	0.35594	-1.35465	
1.31746	0.314933	1.27731	0.851313	0.652306	-0.431981	-0.285912	-1.44786	-1.41468	-1.90472	1.39255	-0.799021	0.562711	-0.781012	-0.411378	-1.85626	1.54505	0.573683	-1.03102	-1.53577	1.0279	0.814547	1.94932	-0.887702	1.62095	-0.173002	0.372414	-1.31212	
1.19122	0.29068	1.10264	0.660091	0.797911	-0.516904	-0.16072	-1.4129	-1.42566	-2.05603	1.24174	-0.707434	0.550756	-0.648545	-0.396707	-1.72727	1.43659	0.550063	-1.04691	-1.68373	0.931031	0.61069	2.70193	-0.915533	1.67554	-0.301229	0.437023	-1.17835	
0.99259	0.334962	0.888093	0.477641	0.905831	-0.550865	0.0106675	-1.28074	-1.37678	-2.1405	1.00045	-0.548585	0.587056	-0.532789	-0.305896	-1.54216	1.25269	0.487936	-0.99002	-1.79066	0.794456	0.384374	3.05177	-0.858075	1.6357	-0.453155	0.53792	-0.971906	
0.738026	0.416362	0.647532	0.320983	0.945545	-0.516306	0.1593	-1.06895	-1.30597	-2.145	0.7289	-0.360762	0.657273	-0.403636	-0.169602	-1.30544	1.00794	0.387316	-0.89423	-1.85694	0.602774	0.171166	3.10731	-0.738809	1.52373	-0.57699	0.643087	-0.714619	
0.454074	0.50572	0.406024	0.201474	0.897313	-0.424905	0.221378	-0.8186	-1.24754	-2.05321	0.496806	-0.185028	0.722929	-0.227463	-0.0202819	-1.02328	0.739282	0.247299	-0.798916	-1.86892	0.361166	-0.00594184	3.01366	-0.596618	1.34742	-0.619824	0.714497	-0.438502	
0.173374	0.568859	0.210959	0.115863	0.76224	-0.309625	0.147914	-0.583277	-1.20312	-1.86454	0.323621	-0.0597417	0.750341	0.0210056	0.103173	-0.717539	0.494731	0.075349	-0.733282	-1.80848	0.0879265	-0.138896	2.94052	-0.481442	1.13875	-0.552179	0.714213	-0.176696	
-0.0733322	0.577298	0.0752933	0.0622012	0.554533	-0.211798	-0.0570763	-0.405952	-1.1494	-1.58112	0.211552	-0.00308531	0.713054	0.325216	0.184107	-0.41385	0.313901	-0.116681	-0.69812	-1.64701	-0.188037	-0.23163	2.96493	-0.424565	0.935361	-0.379185	0.627136	0.0362717	
-0.264113	0.519492	-0.020854	0.0350558	0.301474	-0.165562	-0.337133	-0.307413	-1.03858	-1.21935	0.14241	-0.00213174	0.600486	0.63843	0.211999	-0.146366	0.21457	-0.307793	-0.666314	-1.36828	-0.433059	-0.294346	3.0693	-0.435015	0.760807	-0.120689	0.458261	0.174718	
-0.387775	0.411535	-0.0979848	0.0302318	0.0336958	-0.173152	-0.600985	-0.26966	-0.831785	-0.806354	0.0634014	-0.0227905	0.415244	0.901799	0.177626	0.0625521	0.188175	-0.471452	-0.59324	-0.977392	-0.616292	-0.335056	3.11604	-0.483266	0.617767	0.179482	0.231806	0.237843	
-0.449479	0.291529	-0.21433	0.0432131	-0.219705	-0.219112	-0.75011	-0.246187	-0.497679	-0.364683	-0.0525884	-0.0244526	0.173163	1.06631	0.0838708	0.208036	0.197021	-0.585475	-0.440575	-0.496605	-0.723464	-0.359751	2.93869	-0.517527	0.476448	0.459779	-0.0188524	0.242532	
-0.469789	0.186892	-0.397197	0.055569	-0.439457	-0.263756	-0.725786	-0.185666	-0.0626497	0.0725481	-0.235132	0.0292592	-0.100396	1.13594	-0.063761	0.304937	0.190105	-0.639032	-0.200955	0.0181607	-0.764177	-0.373546	2.47524	-0.496542	0.317424	0.668805	-0.266184	0.229175	
-0.481499	0.133444	-0.669222	0.0452174	-0.620955	-0.272742	-0.524369	-0.0488967	0.416408	0.483572	-0.469603	0.149691	-0.38429	1.15164	-0.240153	0.393798	0.117557	-0.640026	0.101937	0.509614	-0.774088	-0.384181	1.75304	-0.394464	0.125742	0.773112	-0.490428	0.240163	
-0.517891	0.143493	-1.00701	-0.00954692	-0.762225	-0.231555	-0.20813	0.169661	0.861145	0.845303	-0.726207	0.32093	-0.646002	1.18314	-0.420055	0.512525	-0.0454732	-0.609845	0.412779	0.924529	-0.79576	-0.401269	0.943696	-0.227567	-0.0993576	0.771219	-0.687311	0.306812	
-0.60752	0.211222	-1.35727	-0.11672	-0.878969	-0.140209	0.118761	0.443494	1.19009	1.15103	-0.977218	0.511643	-0.861603	1.28347	-0.558226	0.691685	-0.296087	-0.584308	0.664525	1.23538	-0.873806	-0.435984	0.273165	-0.0420166	-0.32625	0.699549	-0.858988	0.441196	
-0.765978	0.314284	-1.68574	-0.26637	-0.978481	-0.0282549	0.346936	0.717289	1.36202	1.40483	-1.16365	0.679345	-1.00407	1.46135	-0.616894	0.93186	-0.606644	-0.596198	0.805315	1.44477	-1.03678	-0.498402	-0.0469953	0.101228	-0.498189	0.607951	-1.00737	0.622872	
-0.98247	0.422894	-1.91589	-0.428245	-1.06532	0.0645814	0.403645	0.935345	1.37254	1.61406	-1.27783	0.794599	-1.04826	1.67254	-0.573315	1.20657	-0.922395	-0.662234	0.82031	1.5783	-1.27207	-0.592014	0.0465406	0.154695	-0.584439	0.552803	-1.12606	0.81116	
-1.22781	0.504785	-2.03347	-0.563643	-1.1391	0.10232	0.282632	1.06173	1.27954	1.79531	-1.30746	0.846118	-0.980042	1.83244	-0.426357	1.46678	-1.19389	-0.777688	0.734784	1.68035	-1.54556	-0.711659	0.457178	0.106583	-0.558894	0.555663	-1.19717	0.956567	
-1.45937	0.528165	-2.02981	-0.645396	-1.18374	0.0654904	0.0438169	1.08425	1.15663	1.95632	-1.25844	0.837917	-0.800496	1.8563	-0.20095	1.65245	-1.38424	-0.916592	0.599229	1.7823	-1.7995	-0.844948	0.987895	-0.0250223	-0.439484	0.61718	-1.19763	1.01772	
-1.63318	0.484302	-1.9259	-0.666134	-1.1898	-0.0412996	-0.208454	1.02244	1.07325	2.09712	-1.15068	0.791735	-0.532284	1.70614	0.060249	1.71973	-1.48132	-1.0409	0.472845	1.89547	-1.97652	-0.974923	1.38996	-0.192142	-0.27211	0.700574	-1.10673	0.978621	
-1.71609	0.370862	-1.7506	-0.652481	-1.13665	-0.204211	-0.363343	0.908881	1.07202	2.20756	-1.00956	0.719058	-0.215881	1.41417	0.302211	1.65273	-1.49417	-1.11498	0.396342	2.00468	-2.0314	-1.089	1.52033	-0.344955	-0.1	0.726023	-0.921725	0.850236	
-1.6989	0.195929	-1.53055	-0.649556	-1.02429	-0.390659	-0.342882	0.77648	1.1408	2.26998	-0.86123	0.629046	0.0954938	1.07396	0.492563	1.46671	-1.44926	-1.12163	0.380527	2.07573	-1.95529	-1.17834	1.36796	-0.4507	0.0325962	0.64682	-0.659785	0.668542	
-1.59685	-0.023141	-1.30237	-0.714631	-0.858346	-0.571217	-0.126434	0.646147	1.2347	2.27051	-0.721665	0.513163	0.350711	0.796161	0.619861	1.211	-1.38236	-1.06138	0.412992	2.07316	-1.77211	-1.2437	1.08557	-0.501181	0.124179	0.414496	-0.356141	0.478928	
-1.44533	-0.270337	-1.08313	-0.880672	-0.656189	-0.723725	0.247637	0.526622	1.28768	2.19876	-0.615763	0.348732	0.506759	0.669455	0.69828	0.946908	-1.32153	-0.954118	0.470774	1.97903	-1.53115	-1.29103	0.899773	-0.513427	0.188418	0.0549528	-0.0579973	0.320675	
-1.29102	-0.516374	-0.903402	-1.14523	-0.452847	-0.834656	0.701505	0.420661	1.25217	2.06589	-0.557377	0.13123	0.54393	0.718603	0.757712	0.738609	-1.28589	-0.832339	0.53548	1.80815	-1.29289	-1.32912	0.991961	-0.51295	0.255155	-0.377788	0.191056	0.219851	
-1.17638	-0.731729	-0.792674	-1.46649	-0.272266	-0.899272	1.14298	0.326803	1.12541	1.90039	-0.560125	-0.143217	0.460885	0.881649	0.823254	0.626879	-1.28157	-0.728143	0.602878	1.60131	-1.11034	-1.3643	1.43994	-0.520433	0.367144	-0.793736	0.361662	0.179569	
-1.12336	-0.88143	-0.779555	-1.76182	-0.148421	-0.912848	1.49736	0.254952	0.943041	1.73467	-0.611545	-0.44102	0.288611	1.04394	0.911997	0.629131	-1.30192	-0.661238	0.685102	1.41279	-1.01095	-1.39365	2.10358	-0.534611	0.512998	-1.09272	0.450561	0.186431	
-1.12513	-0.931198	-0.857264	-1.94944	-0.0870095	-0.881596	1.72689	0.219094	0.779145	1.60178	-0.70912	-0.721113	0.064388	1.08405	1.01487	0.730696	-1.32685	-0.635886	0.793493	1.29124	-0.981796	-1.40944	2.71934	-0.536544	0.662734	-1.22863	0.476599	0.21678	
-1.15464	-0.860565	-1.01302	-1.96651	-0.0879174	-0.80904	1.82836	0.22466	0.696396	1.51516	-0.815375	-0.937856	-0.155656	0.934104	1.11606	0.882368	-1.33486	-0.642688	0.922289	1.25527	-0.99844	-1.40021	3.0058	-0.508288	0.767674	-1.18307	0.475065	0.245005	
-1.16613	-0.665458	-1.1945	-1.80302	-0.133958	-0.715108	1.82114	0.262661	0.732081	1.46643	-0.885907	-1.04817	-0.314551	0.606461	1.19441	1.02617	-1.30086	-0.659713	1.0439	1.2863	-1.01212	-1.3583	2.77717	-0.440906	0.773324	-1.0215	0.481451	0.248815	
-1.11309	-0.380116	-1.31763	-1.49585	-0.199021	-0.619622	1.72631	0.303559	0.861404	1.42077	-0.905919	-1.0541	-0.376459	0.197979	1.23211	1.09681	-1.19908	-0.662347	1.10964	1.33055	-0.980011	-1.27834	2.06825	-0.348167	0.676205	-0.821967	0.515135	0.213094	
-0.966719	-0.0391972	-1.30973	-1.12192	-0.262519	-0.549699	1.56131	0.306931	1.01174	1.33692	-0.84794	-0.966182	-0.322389	-0.159734	1.22728	1.05696	-1.01607	-0.633229	1.07097	1.32399	-0.873489	-1.16368	1.06954	-0.257202	0.494712	-0.677048	0.574162	0.132331	
-0.722467	0.294877	-1.11774	-0.770617	-0.30132	-0.518154	1.33363	0.234174	1.09092	1.17931	-0.732136	-0.83288	-0.169908	-0.368617	1.18395	0.8869	-0.749977	-0.562285	0.902859	1.21514	-0.688741	-1.0201	0.126391	-0.200397	0.29639	-0.631892	0.636521	0.00627633	
-0.405266	0.559761	-0.748631	-0.509522	-0.309919	-0.529131	1.04898	0.0718875	1.00949	0.935898	-0.581377	-0.698816	0.0454626	-0.38299	1.11119	0.608736	-0.419851	-0.448072	0.621684	0.985164	-0.446612	-0.860419	-0.441746	-0.197489	0.159272	-0.691526	0.672011	-0.158064	
-0.0606016	0.716523	-0.246998	-0.366383	-0.277732	-0.575498	0.723247	-0.161165	0.73396	0.626979	-0.438341	-0.60641	0.259138	-0.248343	1.00182	0.272299	-0.0582121	-0.298896	0.282675	0.658067	-0.173595	-0.694773	-0.469068	-0.241134	0.145247	-0.8104	0.653806	-0.346093	
0.254781	0.747295	0.282093	-0.323063	-0.209414	-0.627954	0.386383	-0.418083	0.284428	0.298815	-0.335442	-0.581501	0.417018	-0.0632251	0.841844	-0.0588407	0.286664	-0.133179	-0.038987	0.287865	0.0862239	-0.533291	0.0288746	-0.306127	0.289773	-0.901638	0.574343	-0.535533	
0.49181	0.670404	0.72177	-0.335329	-0.110428	-0.662219	0.0847953	-0.632999	-0.245506	0.00953361	-0.267784	-0.616801	0.481124	0.0597771	0.623071	-0.311474	0.561773	0.0264259	-0.272477	-0.0549141	0.302783	-0.386242	0.80909	-0.351299	0.558905	-0.906808	0.451972	-0.698828	
0.626978	0.509707	0.998255	-0.347471	0.0186365	-0.657475	-0.136419	-0.758795	-0.744765	-0.196894	-0.220717	-0.707225	0.442765	0.0482443	0.35208	-0.454525	0.734397	0.157531	-0.386846	-0.314072	0.461072	-0.257121	1.57621	-0.353186	0.883299	-0.784293	0.327026	-0.816263	
0.659977	0.325741	1.08198	-0.322449	0.171798	-0.613458	-0.242109	-0.780176	-1.11145	-0.303264	-0.14845	-0.82151	0.338126	-0.105212	0.0626429	-0.473164	0.790353	0.237876	-0.399333	-0.466744	0.560795	-0.153805	2.0315	-0.312707	1.18508	-0.567455	0.249035	-0.873484	
0.616956	0.161196	1.01062	-0.254711	0.338463	-0.54617	-0.221983	-0.723509	-1.28936	-0.333899	-0.0194657	-0.941678	0.223315	-0.328792	-0.182287	-0.399735	0.746411	0.255308	-0.36383	-0.526325	0.611935	-0.0786788	2.04881	-0.26252	1.38937	-0.315022	0.256794	-0.871075	
0.536264	0.0315512	0.862316	-0.173326	0.497314	-0.485745	-0.0869691	-0.6371	-1.27626	-0.325521	0.160271	-1.05687	0.163914	-0.523719	-0.297356	-0.285035	0.636451	0.211663	-0.338238	-0.522576	0.627784	-0.0375924	1.68321	-0.244708	1.45981	-0.123075	0.368757	-0.825069	
0.452523	-0.0440151	0.73066	-0.12263	0.623791	-0.461519	0.129863	-0.568952	-1.11582	-0.317129	0.351857	-1.16158	0.193887	-0.623606	-0.2162	-0.180794	0.500996	0.122613	-0.353326	-0.487733	0.624584	-0.0300687	1.10227	-0.281583	1.39213	-0.0674337	0.567117	-0.759743	
0.383513	-0.0834038	0.652583	-0.151686	0.686882	-0.488807	0.398544	-0.542112	-0.867281	-0.322864	0.483814	-1.26706	0.311172	-0.610889	0.0882547	-0.131631	0.367379	0.0154139	-0.386514	-0.428241	0.596563	-0.0577	0.575049	-0.370776	1.21532	-0.167582	0.806098	-0.703874	
0.32379	-0.110447	0.626548	-0.293961	0.666091	-0.569719	0.701925	-0.527254	-0.560084	-0.312914	0.461675	-1.37148	0.464912	-0.538744	0.590579	-0.131419	0.237115	-0.0767352	-0.361382	-0.312181	0.538138	-0.125297	0.249711	-0.458363	0.956523	-0.426965	1.03129	-0.671191	
0.250559	-0.164007	0.589817	-0.54982	0.559829	-0.68434	1.03319	-0.464482	-0.19756	-0.225168	0.236448	-1.48979	0.570936	-0.501025	1.20612	-0.155559	0.0901661	-0.125105	-0.18574	-0.085552	0.434838	-0.231992	0.169371	-0.467854	0.632864	-0.775917	1.19093	-0.660987	
0.130086	-0.268015	0.457493	-0.892686	0.387188	-0.79589	1.39582	-0.281783	0.248014	0.00491019	-0.208644	-1.62179	0.556009	-0.585394	1.82407	-0.139518	-0.112757	-0.12018	0.200685	0.298946	0.271936	-0.380587	0.222256	-0.328735	0.260693	-1.13625	1.26089	-0.646594	
-0.0641404	-0.440538	0.159081	-1.27924	0.180785	-0.872569	1.77859	0.0642098	0.800924	0.412857	-0.795097	-1.76238	0.384495	-0.799583	2.34655	-0.0203099	-0.406369	-0.0733664	0.786823	0.853062	0.0456119	-0.569736	0.238082	-0.0119016	-0.173829	-1.43783	1.24488	-0.588883	
-0.33476	-0.704949	-0.316629	-1.66258	-0.0143048	-0.893922	2.14543	0.555223	1.45917	0.977115	-1.40694	-1.91077	0.0828005	-1.07317	2.71919	0.238703	-0.800171	-0.0115777	1.46983	1.5306	-0.235479	-0.793295	0.102658	0.437229	-0.646434	-1.63317	1.17309	-0.452708	
-0.655902	-1.03635	-0.894724	-1.98903	-0.164364	-0.85274	2.42303	1.10706	2.14449	1.59894	-1.90332	-2.0366	-0.259103	-1.26744	2.94126	0.648599	-1.26164	0.0281567	2.06862	2.20549	-0.542631	-1.03238	-0.238331	0.913024	-1.10775	-1.70876	1.0849	-0.212311	
-0.982399	-1.40447	-1.47667	-2.22293	-0.257393	-0.759619	2.52996	1.58846	2.73153	2.13725	-2.16019	-2.11907	-0.524663	-1.21886	3.07057	1.17662	-1.72719	0.0112963	2.38426	2.71528	-0.853104	-1.26351	-0.655462	1.26416	-1.47075	-1.65604	1.01359	0.129546	
-1.25965	-1.75824	-1.92382	-2.34524	-0.306106	-0.637096	2.40348	1.87528	3.08096	2.45263	-2.15174	-2.12209	-0.605721	-0.817799	3.1946	1.76688	-2.11566	-0.0815858	2.26706	2.90652	-1.1353	-1.46115	-0.965478	1.35792	-1.64301	-1.49617	0.976969	0.543732	
-1.44777	-2.03471	-2.15816	-2.35207	-0.346598	-0.513667	2.02772	1.89131	3.09198	2.47074	-1.9054	-2.01333	-0.449546	-0.0708058	3.38041	2.35582	-2.35811	-0.251467	1.67445	2.69076	-1.37353	-1.60404	-0.973826	1.12514	-1.55318	-1.24315	0.96504	0.976181	
-1.53293	-2.17408	-2.16507	-2.2615	-0.418838	-0.418895	1.46265	1.64107	2.75559	2.20891	-1.5428	-1.78443	-0.0853238	0.903758	3.6572	2.88752	-2.42244	-0.48147	0.693863	2.08297	-1.56812	-1.68655	-0.574558	0.578915	-1.16412	-0.912418	0.957072	1.36422	
-1.54116	-2.14374	-2.0234	-2.11511	-0.560464	-0.383814	0.843944	1.22585	2.19943	1.81309	-1.19719	-1.44986	0.387455	1.89722	4.01369	3.34541	-2.33359	-0.746365	-0.465651	1.23344	-1.73705	-1.72584	0.153976	-0.167645	-0.560874	-0.551981	0.932942	1.65752	
-1.52825	-1.9518	-1.85892	-1.97223	-0.774876	-0.434152	0.349814	0.795973	1.66933	1.51067	-1.00485	-1.07588	0.821668	2.67047	4.40718	3.73089	-2.16718	-1.02363	-1.54261	0.392082	-1.90477	-1.75949	0.999287	-0.954495	0.118145	-0.219294	0.885676	1.82145	
-1.56185	-1.65281	-1.81344	-1.89303	-1.04542	-0.585232	0.14954	0.502077	1.44193	1.52627	-1.03484	-0.753712	1.09497	3.04936	4.79616	4.05924	-2.02311	-1.30088	-2.30388	-0.170159	-2.10015	-1.83153	1.68303	-1.61866	0.691831	0.00782111	0.833954	1.85275	
-1.698	-1.33622	-1.98199	-1.93035	-1.32524	-0.84097	0.34594	0.438006	1.75527	2.01953	-1.27514	-0.580786	1.13203	2.95663	5.15801	4.34849	-1.99432	-1.57561	-2.60497	-0.225465	-2.33344	-1.97904	1.96777	-2.04322	0.971937	0.0500404	0.811989	1.76931	
-1.95037	-1.10949	-2.34916	-2.10478	-1.55971	-1.18149	0.933999	0.600505	2.70054	2.99501	-1.66442	-0.643847	0.944349	2.45904	5.50425	4.58163	-2.12391	-1.84445	-2.43309	0.322747	-2.5845	-2.21076	1.74595	-2.19284	0.854764	-0.146522	0.855516	1.60126	
-2.28567	-1.05374	-2.82343	-2.38804	-1.70456	-1.5631	1.78778	0.897799	4.17758	4.29314	-2.10183	-0.958614	0.619163	1.71959	5.84142	4.7285	-2.39244	-2.09361	-1.89528	1.40574	-2.81451	-2.49689	1.08378	-2.10396	0.332888	-0.574084	0.978411	1.38419	
-2.62297	-1.19006	-3.2468	-2.70434	-1.73293	-1.91546	2.69371	1.17247	5.89196	5.61257	-2.48886	-1.47264	0.272347	0.946688	6.15713	4.72416	-2.71628	-2.29179	-1.17614	2.79575	-2.96471	-2.7696	0.191636	-1.86615	-0.470993	-1.13564	1.16347	1.14373	
-2.85992	-1.4727	-3.47609	-2.95591	-1.65526	-2.16276	3.41613	1.26894	7.45178	6.60049	-2.74384	-2.05841	0.0181524	0.327184	6.38434	4.50198	-2.97735	-2.39052	-0.464487	4.17642	-2.9885	-2.94247	-0.630087	-1.57511	-1.34627	-1.6925	1.35622	0.890781	
-2.89677	-1.77383	-3.39504	-3.03838	-1.49836	-2.23508	3.75528	1.08186	8.45933	6.95362	-2.84693	-2.54268	-0.0895751	-0.0299264	6.38191	4.01383	-3.0561	-2.33497	0.0978893	5.22307	-2.84222	-2.93151	-1.12363	-1.29917	-2.05365	-2.07274	1.47021	0.623796	
-2.66851	-1.94625	-2.99533	-2.87954	-1.30664	-2.09689	3.61197	0.589347	8.63152	6.50622	-2.78807	-2.7664	-0.0594026	-0.0893174	5.98711	3.23443	-2.87244	-2.0804	0.450699	5.69383	-2.52398	-2.68356	-1.13216	-1.06117	-2.37254	-2.14517	1.42518	0.337723	
-2.1656	-1.84862	-2.35603	-2.46741	-1.11436	-1.75348	3.00676	-0.132995	7.88246	5.29048	-2.56832	-2.61745	0.0371285	0.0832304	5.04733	2.19888	-2.4141	-1.60891	0.620334	5.5009	-2.05901	-2.19329	-0.662286	-0.836226	-2.21055	-1.85503	1.16657	0.0298436	
-1.43902	-1.41846	-1.60242	-1.85789	-0.937261	-1.25326	2.06859	-0.953822	6.34529	3.51748	-2.20569	-2.09307	0.114376	0.401987	3.51137	0.972285	-1.73796	-0.94553	0.684088	4.72367	-1.4945	-1.51359	0.148236	-0.583018	-1.58755	-1.25835	0.688379	-0.294101	
-0.588131	-0.686582	-0.885827	-1.15902	-0.776089	-0.685904	0.986917	-1.72327	4.31602	1.5098	-1.70609	-1.28016	0.114529	0.774183	1.45603	-0.341217	-0.95345	-0.155528	0.734959	3.57142	-0.897819	-0.739995	1.09989	-0.267595	-0.633061	-0.510448	0.044959	-0.618259	
0.266142	0.219353	-0.312034	-0.49184	-0.616274	-0.137811	-0.053239	-2.32186	2.15104	-0.394268	-1.07939	-0.342387	0.0218176	1.12325	-0.901566	-1.62252	-0.187636	0.669274	0.840148	2.30817	-0.325597	0.0179729	1.98459	0.120485	0.437264	0.211291	-0.667775	-0.916334	
1.01273	1.10674	0.0897944	0.0398211	-0.433124	0.319776	-0.912603	-2.69123	0.181166	-1.93607	-0.355679	0.529808	-0.123637	1.40523	-3.23916	-2.76628	0.453633	1.43209	1.02546	1.17339	0.183548	0.662222	2.64245	0.560372	1.40645	0.729924	-1.33276	-1.16379	
1.5748	1.78685	0.36042	0.390242	-0.207721	0.652222	-1.53678	-2.8333	-1.39838	-3.00452	0.388653	1.18471	-0.249351	1.60671	-5.2319	-3.67495	0.910493	2.05503	1.27239	0.305435	0.616679	1.13162	3.01144	1.0065	2.10703	0.963816	-1.84699	-1.34088	
1.91996	2.12386	0.565191	0.573256	0.0654102	0.869232	-1.941	-2.80314	-2.53596	-3.63383	1.0831	1.53931	-0.283022	1.72474	-6.61908	-4.30165	1.1751	2.49435	1.53514	-0.274509	0.96837	1.40982	3.1075	1.40704	2.47559	0.935514	-2.1419	-1.43812	
2.06583	2.10667	0.780774	0.64588	0.379255	0.997956	-2.18608	-2.68217	-3.32179	-3.98179	1.65416	1.61064	-0.183201	1.75397	-7.30026	-4.64247	1.28871	2.74945	1.76235	-0.658894	1.24544	1.52231	3.03674	1.71074	2.57323	0.746182	-2.20074	-1.47259	
2.06339	1.82765	1.0548	0.683168	0.717523	1.07402	-2.34489	-2.55383	-3.90454	-4.23906	2.05373	1.48026	0.0388473	1.69949	-7.34143	-4.7442	1.31708	2.85171	1.91087	-0.990898	1.45661	1.51774	2.94889	1.8792	2.54134	0.542615	-2.06296	-1.47683	
1.98738	1.47193	1.40132	0.747086	1.06287	1.11414	-2.47252	-2.48459	-4.43105	-4.56635	2.28416	1.26806	0.325426	1.56454	-6.95146	-4.69376	1.33349	2.85367	1.95462	-1.40626	1.61545	1.45469	2.96962	1.89225	2.55435	0.443603	-1.80055	-1.4918	
1.90911	1.24184	1.77428	0.862357	1.39411	1.10895	-2.5911	-2.51992	-4.99327	-5.04585	2.41519	1.08769	0.601913	1.36918	-6.40571	-4.60021	1.39009	2.81094	1.87947	-1.98175	1.72492	1.38228	3.24134	1.73565	2.76835	0.505944	-1.49818	-1.56732	
1.88758	1.29321	2.13769	1.01712	1.69704	1.03973	-2.69924	-2.68194	-5.59317	-5.64889	2.53117	1.00597	0.799097	1.14083	-5.95687	-4.58155	1.51914	2.76445	1.67801	-2.7016	1.79943	1.33501	3.82679	1.40728	3.25032	0.70502	-1.23553	-1.7358	
1.95433	1.68239	2.44871	1.17943	1.95152	0.870711	-2.78614	-2.96859	-6.17968	-6.2786	2.70613	1.04733	0.882159	0.939589	-5.77165	-4.71183	1.72616	2.73429	1.34813	-3.47804	1.85204	1.32668	4.74936	0.912132	3.99881	0.941103	-1.06701	-2.00915	
2.11122	2.34413	2.68024	1.32524	2.131	0.596077	-2.85653	-3.35792	-6.67422	-6.79432	2.99851	1.18541	0.85357	0.817315	-5.88959	-5.02118	1.99822	2.72056	0.889544	-4.18164	1.89147	1.36217	5.95666	0.272786	4.9093	1.12079	-1.02103	-2.36747	
2.34313	3.13224	2.86642	1.45502	2.21665	0.23493	-2.93898	-3.80915	-7.02087	-7.08369	3.38068	1.38756	0.74235	0.815173	-6.25072	-5.47937	2.3209	2.71282	0.30973	-4.69998	1.94359	1.44442	7.31221	-0.464186	5.81484	1.18066	-1.09981	-2.76627	
2.61043	3.84763	3.01921	1.60021	2.19117	-0.166182	-3.07088	-4.26062	-7.19691	-7.07638	3.78834	1.62724	0.588456	0.950702	-6.72265	-5.99115	2.67124	2.68898	-0.368653	-4.96203	2.00958	1.56724	8.62209	-1.23359	6.56671	1.12378	-1.27965	-3.14399	
2.87089	4.33252	3.17895	1.80779	2.04576	-0.532885	-3.29119	-4.6365	-7.22475	-6.76716	4.1191	1.88125	0.424133	1.19742	-7.17659	-6.43015	3.03261	2.63005	-1.1112	-4.96622	2.08291	1.72669	9.65038	-1.95579	7.03912	1.02269	-1.52611	-3.42339	
3.07873	4.50599	3.33969	2.10974	1.78514	-0.805467	-3.60383	-4.86937	-7.15388	-6.21655	4.30669	2.15775	0.268123	1.52467	-7.51347	-6.67831	3.37985	2.51948	-1.87541	-4.77397	2.13152	1.90638	10.2178	-2.56547	7.20468	0.965089	-1.79712	-3.54814	
3.2052	4.39234	3.50732	2.50832	1.43472	-0.939171	-3.99013	-4.91035	-7.02741	-5.50256	4.30763	2.44771	0.113313	1.87904	-7.70017	-6.65395	3.69478	2.34619	-2.6256	-4.47697	2.12674	2.08679	10.2072	-3.02053	7.08655	1.039	-2.05731	-3.47838	
3.24258	4.1014	3.65686	2.9602	1.03487	-0.91887	-4.39531	-4.74077	-6.87292	-4.71811	4.14423	2.73613	-0.0578494	2.207	-7.75219	-6.33536	3.95797	2.1097	-3.33425	-4.16832	2.04887	2.24817	9.60419	-3.30714	6.76392	1.26888	-2.27857	-3.20501	
3.19769	3.77925	3.74275	3.38493	0.623217	-0.757976	-4.74924	-4.37943	-6.68717	-3.93413	3.89223	2.9856	-0.256481	2.47755	-7.70475	-5.7633	4.14856	1.81493	-3.98964	-3.91049	1.88146	2.36947	8.52076	-3.45027	6.34177	1.61388	-2.44382	-2.74705	
3.09813	3.57436	3.75969	3.69268	0.227987	-0.483552	-4.98971	-3.87086	-6.45904	-3.19614	3.60586	3.14306	-0.492396	2.67211	-7.59888	-5.02665	4.25766	1.47927	-4.58503	-3.72711	1.64364	2.4428	7.14799	-3.48801	5.87725	1.9954	-2.5553	-2.14486	
2.96969	3.55099	3.6774	3.82237	-0.132473	-0.124812	-5.0734	-3.26475	-6.17361	-2.52324	3.32574	3.16761	-0.776269	2.79791	-7.45183	-4.2155	4.2775	1.12326	-5.1073	-3.60172	1.36318	2.46736	5.6966	-3.45448	5.41691	2.31606	-2.62571	-1.44714	
2.83254	3.69677	3.50445	3.76091	-0.460673	0.294598	-4.99735	-2.59939	-5.84036	-1.91842	3.03113	3.03226	-1.11344	2.86683	-7.26793	-3.39762	4.21079	0.775157	-5.5301	-3.50093	1.07765	2.45664	4.36828	-3.36353	4.94216	2.52091	-2.67982	-0.701192	
2.68708	3.92539	3.23408	3.54591	-0.766549	0.756557	-4.78168	-1.89369	-5.48829	-1.38029	2.67018	2.76717	-1.50524	2.90197	-7.03621	-2.60654	4.05432	0.460621	-5.80414	-3.38968	0.81611	2.42492	3.28454	-3.20054	4.4039	2.61302	-2.73929	0.0467203	
2.51292	4.10321	2.86862	3.25405	-1.06077	1.23504	-4.46609	-1.14338	-5.14669	-0.894252	2.16756	2.425	-1.95441	2.92237	-6.75457	-1.82356	3.80548	0.19637	-5.86918	-3.23787	0.583342	2.3774	2.48586	-2.93746	3.76608	2.63499	-2.81279	0.763071	
2.2789	4.117	2.40651	2.96549	-1.348	1.7041	-4.08711	-0.336782	-4.84167	-0.446598	1.48926	2.07371	-2.44163	2.91583	-6.43619	-1.01731	3.45796	-0.0106476	-5.66903	-3.03095	0.362958	2.31182	1.9248	-2.54439	3.02052	2.66011	-2.89691	1.4186	
1.95661	3.89541	1.85267	2.73626	-1.613	2.11849	-3.67005	0.514683	-4.56868	-0.0298083	0.679951	1.78508	-2.93129	2.88385	-6.09863	-0.172305	3.00987	-0.168714	-5.1819	-2.76963	0.124647	2.21175	1.50584	-2.02391	2.20433	2.72908	-2.9684	1.98814	
1.54612	3.44789	1.25865	2.58283	-1.83695	2.42891	-3.23735	1.36878	-4.30804	0.359488	-0.176316	1.59716	-3.36705	2.81137	-5.76006	0.689812	2.48201	-0.289524	-4.43729	-2.46653	-0.144815	2.06335	1.13492	-1.41455	1.37182	2.85254	-3.00185	2.44502	
1.08745	2.85012	0.675098	2.49045	-1.98731	2.6107	-2.81394	2.1496	-4.02645	0.713692	-0.929195	1.51762	-3.68599	2.6733	-5.43451	1.49941	1.91817	-0.384849	-3.52479	-2.13862	-0.43244	1.87038	0.703917	-0.781107	0.591734	2.99042	-2.97311	2.77063	
0.654115	2.21718	0.176946	2.424	-2.05093	2.66617	-2.43109	2.76817	-3.70412	1.01193	-1.44284	1.52374	-3.84254	2.45582	-5.11947	2.15797	1.3879	-0.456048	-2.57613	-1.80916	-0.697638	1.65639	0.150499	-0.202939	-0.0773879	3.07974	-2.88003	2.96011	
0.338541	1.67507	-0.156247	2.35458	-2.02666	2.63341	-2.12946	3.149	-3.3493	1.22926	-1.65617	1.58927	-3.82121	2.16427	-4.80703	2.57297	0.971288	-0.494505	-1.73432	-1.50447	-0.870629	1.46271	-0.582138	0.258873	-0.623007	3.0788	-2.74384	3.02129	
0.223655	1.29825	-0.279668	2.28398	-1.92786	2.57186	-1.95215	3.25907	-2.99864	1.33591	-1.59707	1.69073	-3.66956	1.84283	-4.48636	2.69495	0.743635	-0.480538	-1.12167	-1.25587	-0.883984	1.341	-1.4971	0.576776	-1.06629	2.97181	-2.60097	2.98363	
0.348903	1.10813	-0.195113	2.23474	-1.78508	2.55151	-1.92699	3.13118	-2.70097	1.31942	-1.39183	1.82174	-3.47066	1.53221	-4.15755	2.55212	0.742135	-0.395402	-0.806605	-1.08832	-0.69818	1.33302	-2.5715	0.770883	-1.45331	2.80969	-2.50168	2.88788	
0.690706	1.0726	0.0251545	2.24008	-1.62572	2.61755	-2.04527	2.84578	-2.49929	1.18758	-1.19036	1.98625	-3.32138	1.28962	-3.81914	2.2331	0.948553	-0.233976	-0.789463	-1.01799	-0.327822	1.45163	-3.74552	0.894015	-1.83815	2.6656	-2.47303	2.77925	
1.16277	1.11412	0.293594	2.31615	-1.4782	2.77393	-2.25997	2.5234	-2.39799	0.980517	-1.17127	2.17816	-3.31253	1.15563	-3.47647	1.88175	1.28977	-0.00537246	-1.00348	-1.03946	0.161928	1.66862	-4.89693	1.00859	-2.25155	2.60773	-2.52183	2.69874	
1.6386	1.15636	0.487482	2.4487	-1.35098	2.98478	-2.48876	2.27168	-2.35591	0.758721	-1.40734	2.37232	-3.46446	1.12457	-3.12967	1.63546	1.64889	0.25768	-1.34262	-1.1207	0.663692	1.92594	-5.90502	1.16212	-2.68368	2.66536	-2.61795	2.66509	
1.99364	1.14363	0.535775	2.58641	-1.24315	3.18171	-2.63285	2.15576	-2.29148	0.588838	-1.87644	2.51386	-3.74427	1.14514	-2.75603	1.57635	1.90689	0.515271	-1.68898	-1.21059	1.07136	2.15016	-6.6467	1.36637	-3.10514	2.8013	-2.70928	2.6728	
2.1443	1.06034	0.426221	2.65795	-1.14844	3.2947	-2.61255	2.18101	-2.10935	0.528584	-2.48706	2.54344	-4.05771	1.1254	-2.32571	1.71854	1.97703	0.727744	-1.94416	-1.24764	1.31403	2.27861	-7.05874	1.59873	-3.4797	2.94216	-2.73926	2.69185	
2.07541	0.929927	0.184364	2.60436	-1.06644	3.28659	-2.39222	2.3006	-1.74393	0.60558	-3.07629	2.39453	-4.29403	0.965738	-1.80734	2.00048	1.83107	0.872134	-2.04536	-1.18021	1.37144	2.2873	-7.14268	1.81943	-3.7906	2.98506	-2.66442	2.68986	
1.84302	0.797669	-0.10091	2.39807	-1.0096	3.1631	-1.99039	2.44997	-1.16857	0.819608	-3.51425	2.0436	-4.38769	0.590083	-1.20413	2.3264	1.50869	0.949599	-1.96646	-0.974388	1.28721	2.19007	-7.00965	1.99715	-4.04404	2.85552	-2.48805	2.63874	
1.55261	0.704147	-0.346372	2.06651	-0.98832	2.96698	-1.47306	2.56492	-0.432681	1.13709	-3.72049	1.51345	-4.3244	-0.0192559	-0.539348	2.59104	1.10357	0.98349	-1.70658	-0.632617	1.14729	2.03629	-6.84348	2.12881	-4.28137	2.53515	-2.24412	2.52111	
1.32166	0.659752	-0.471661	1.67793	-1.01922	2.76016	-0.938379	2.62877	0.372509	1.51671	-3.73819	0.880622	-4.17785	-0.79907	0.115238	2.73746	0.7277	1.01676	-1.27823	-0.182529	1.04893	1.88782	-6.8232	2.24516	-4.57423	2.06255	-2.00257	2.34577	
1.22654	0.633589	-0.493396	1.30905	-1.10812	2.59384	-0.469149	2.66659	1.13787	1.91653	-3.64888	0.248749	-4.05504	-1.6185	0.674928	2.77127	0.459848	1.08703	-0.693786	0.332239	1.04664	1.79042	-7.0671	2.39953	-4.97268	1.52721	-1.83091	2.13604	
1.28523	0.575662	-0.446073	1.01842	-1.23899	2.49497	-0.116671	2.7366	1.77316	2.31438	-3.58385	-0.294457	-4.07369	-2.34226	1.06263	2.74436	0.325651	1.2188	0.0372149	0.866981	1.15559	1.75697	-7.58315	2.65119	-5.49884	1.01598	-1.77912	1.92368	
1.44285	0.427127	-0.404551	0.81302	-1.38412	2.44478	0.118761	2.90142	2.24596	2.70632	-3.6605	-0.689571	-4.29825	-2.8477	1.24416	2.73814	0.283998	1.41027	0.902315	1.39245	1.32994	1.7559	-8.2595	3.03188	-6.11422	0.585113	-1.85378	1.73815	
1.6009	0.137244	-0.447005	0.650669	-1.49824	2.40171	0.282838	3.19167	2.57731	3.09921	-3.92695	-0.946228	-4.69713	-3.09032	1.25147	2.817	0.246342	1.63502	1.87704	1.89657	1.49336	1.7319	-8.89255	3.53091	-6.74614	0.238692	-2.00965	1.59471	
1.65244	-0.291366	-0.610899	0.453425	-1.55222	2.31797	0.441982	3.58842	2.83981	3.49327	-4.34472	-1.11994	-5.15924	-3.10303	1.17324	2.99446	0.113268	1.85048	2.9077	2.38197	1.56171	1.62488	-9.26388	4.08769	-7.28755	-0.0653582	-2.17495	1.4908	
1.52599	-0.808796	-0.891653	0.147858	-1.52464	2.16419	0.659612	4.01671	3.10775	3.87152	-4.81587	-1.29284	-5.52355	-2.99494	1.14031	3.22627	-0.181157	2.01409	3.91648	2.84984	1.48526	1.39761	-9.22637	4.61042	-7.6475	-0.374687	-2.26052	1.40898	
1.20736	-1.33016	-1.23294	-0.300497	-1.42821	1.95216	0.960452	4.37807	3.43948	4.19789	-5.23108	-1.52604	-5.64218	-2.89137	1.25583	3.43343	-0.647129	2.09267	4.80886	3.29221	1.25884	1.05297	-8.74768	5.00262	-7.76524	-0.716781	-2.2044	1.33122	
0.736809	-1.76884	-1.58347	-0.875965	-1.29926	1.70788	1.33914	4.57884	3.85333	4.4278	-5.47318	-1.83682	-5.43196	-2.86515	1.58115	3.53625	-1.23765	2.07077	5.49775	3.69119	0.912501	0.62404	-7.93117	5.1909	-7.62872	-1.08004	-1.97912	1.24337	
0.204904	-2.06883	-1.86852	-1.4978	-1.17167	1.47915	1.75233	4.55974	4.31249	4.52207	-5.50774	-2.19073	-4.91484	-2.93993	2.09264	3.47439	-1.85237	1.95773	5.92236	4.01442	0.520425	0.173598	-6.96099	5.14938	-7.28516	-1.40215	-1.61048	1.13596	
-0.298389	-2.21696	-2.07202	-2.06623	-1.08621	1.29273	2.14099	4.32165	4.75107	4.46675	-5.33744	-2.507	-4.19845	-3.04457	2.70234	3.25181	-2.3894	1.77589	6.06436	4.23542	0.138725	-0.240839	-6.02124	4.8971	-6.79743	-1.61894	-1.15997	1.0166	
-0.706194	-2.27018	-2.21076	-2.4913	-1.0535	1.15231	2.4568	3.92051	5.0947	4.29214	-5.02856	-2.70497	-3.44492	-3.06641	3.27582	2.92714	-2.77609	1.55681	5.95496	4.34366	-0.188472	-0.581646	-5.21487	4.4915	-6.25475	-1.67209	-0.703048	0.901783	
-1.00002	-2.30876	-2.31947	-2.73024	-1.05962	1.02609	2.67163	3.44263	5.28951	4.05297	-4.64876	-2.73271	-2.80357	-2.88863	3.68497	2.58807	-2.99185	1.32625	5.65772	4.34931	-0.452307	-0.845316	-4.52414	4.00335	-5.70446	-1.57582	-0.312205	0.805734	
-1.20103	-2.41354	-2.42407	-2.79888	-1.06457	0.864412	2.78661	2.97726	5.31277	3.82493	-4.27166	-2.59841	-2.37314	-2.4695	3.85599	2.32469	-3.06559	1.10572	5.25363	4.28472	-0.661663	-1.05676	-3.8406	3.49872	-5.17143	-1.39424	-0.0258189	0.741797	
-1.35841	-2.63883	-2.53676	-2.76313	-1.0249	0.626507	2.82681	2.58477	5.18561	3.67342	-3.93819	-2.36532	-2.1492	-1.84907	3.788	2.18973	-3.06035	0.903107	4.81756	4.18997	-0.840668	-1.25296	-3.00339	3.01639	-4.64645	-1.23577	0.15351	0.708375	
-1.52377	-2.97108	-2.644	-2.71238	-0.911526	0.296741	2.82908	2.28649	4.958	3.629	-3.64227	-2.12942	-2.04771	-1.14768	3.56066	2.18927	-3.04433	0.715999	4.39585	4.09977	-1.01394	-1.4668	-1.9217	2.56752	-4.10963	-1.20046	0.259474	0.699217	
-1.72498	-3.33531	-2.71038	-2.71685	-0.718329	-0.0972893	2.83164	2.06338	4.68448	3.67482	-3.36298	-1.99029	-1.95303	-0.523654	3.29373	2.27964	-3.05926	0.538339	4.00718	4.02513	-1.18752	-1.71002	-0.599893	2.14285	-3.55046	-1.34252	0.341213	0.700721	
-1.96403	-3.61569	-2.70282	-2.812	-0.471026	-0.508477	2.85581	1.87279	4.41197	3.74753	-3.0746	-1.99025	-1.7471	-0.0974452	3.10468	2.39602	-3.11081	0.356308	3.64353	3.94927	-1.36371	-1.97571	0.830001	1.72119	-2.94309	-1.65677	0.448073	0.696684	
-2.21318	-3.71235	-2.60624	-2.97682	-0.225763	-0.870168	2.90573	1.67458	4.1696	3.77188	-2.7612	-2.12503	-1.37149	0.0708608	3.06637	2.47278	-3.17098	0.161581	3.29339	3.84035	-1.53383	-2.23559	2.15249	1.29382	-2.31223	-2.04074	0.609013	0.673506	
-2.43199	-3.56588	-2.43932	-3.15886	-0.0349696	-1.14185	2.97529	1.44291	3.96362	3.67436	-2.41836	-2.33308	-0.826378	0.0351449	3.1844	2.46346	-3.19286	-0.0499003	2.95291	3.66442	-1.6913	-2.45933	3.16586	0.863381	-1.69103	-2.39159	0.82477	0.61651	
-2.58303	-3.1898	-2.23272	-3.2924	0.0607504	-1.30595	3.04048	1.17581	3.77771	3.40834	-2.0573	-2.52747	-0.18844	-0.103974	3.39638	2.35542	-3.13524	-0.272897	2.631	3.39901	-1.8377	-2.6215	3.76156	0.447837	-1.10202	-2.59649	1.07416	0.518815	
-2.64842	-2.66678	-2.03719	-3.33214	0.0495728	-1.38384	3.07805	0.889599	3.59193	2.98211	-1.68393	-2.63223	0.447851	-0.209704	3.60099	2.15893	-2.98415	-0.494962	2.35472	3.05147	-1.97851	-2.71461	3.97927	0.0710265	-0.563422	-2.61825	1.319	0.373973	
-2.62511	-2.12328	-1.85754	-3.25996	-0.0396996	-1.41348	3.06024	0.608234	3.38884	2.44101	-1.32073	-2.60906	1.00367	-0.210528	3.69601	1.89095	-2.74578	-0.694948	2.14837	2.65392	-2.10757	-2.73876	3.95457	-0.240586	-0.0873247	-2.47076	1.52102	0.17862	
-2.52424	-1.68487	-1.67561	-3.09331	-0.15232	-1.43345	2.97048	0.349013	3.14717	1.85339	-0.959926	-2.48886	1.4264	-0.10809	3.62078	1.56568	-2.4497	-0.848514	2.02674	2.25071	-2.20383	-2.70288	3.90193	-0.4681	0.327403	-2.23701	1.65589	-0.064534	
-2.36511	-1.43462	-1.45601	-2.87195	-0.221188	-1.47716	2.80223	0.113256	2.85621	1.28395	-0.612392	-2.31821	1.72423	0.0328402	3.37587	1.18035	-2.13097	-0.938889	1.97825	1.88107	-2.24003	-2.61943	4.00897	-0.616793	0.715559	-2.02755	1.72584	-0.347969	
-2.16817	-1.38326	-1.15719	-2.63066	-0.199956	-1.53702	2.56432	-0.108787	2.51618	0.78251	-0.270315	-2.16473	1.9395	0.0860919	3.0232	0.727728	-1.81784	-0.960273	1.96641	1.56612	-2.1874	-2.49287	4.33118	-0.702306	1.08012	-1.90113	1.75361	-0.654714	
-1.95384	-1.47309	-0.76825	-2.39784	-0.0632669	-1.60557	2.28869	-0.330704	2.13708	0.365272	0.0532991	-2.07154	2.12444	-0.00599039	2.65869	0.21497	-1.52409	-0.926322	1.9396	1.30557	-2.02647	-2.3355	4.81178	-0.756701	1.42145	-1.89872	1.77481	-0.95741	
-1.74487	-1.61627	-0.317672	-2.18189	0.176283	-1.667	2.01823	-0.565109	1.73769	0.0173732	0.341561	-2.04574	2.32561	-0.257055	2.38564	-0.337732	-1.25267	-0.867518	1.84605	1.07507	-1.77301	-2.16109	5.31355	-0.81898	1.75365	-1.984	1.83126	-1.23102	
-1.56619	-1.71668	0.117697	-1.98186	0.471568	-1.71475	1.80315	-0.809356	1.34484	-0.281531	0.583739	-2.06194	2.55918	-0.583432	2.27546	-0.879897	-1.00612	-0.82428	1.6576	0.848784	-1.47012	-1.99198	5.67021	-0.915682	2.07413	-2.09985	1.94774	-1.45009	
-1.43808	-1.71523	0.452816	-1.79296	0.763848	-1.76222	1.67689	-1.04933	1.00374	-0.548117	0.769048	-2.06806	2.81959	-0.855956	2.34397	-1.35264	-0.786401	-0.830555	1.37743	0.6163	-1.17683	-1.85267	5.76933	-1.05969	2.35785	-2.185	2.12676	-1.60349	
-1.37818	-1.60352	0.626217	-1.62366	1.00206	-1.82581	1.65038	-1.26519	0.74424	-0.78586	0.90789	-2.03607	3.0802	-0.953896	2.55114	-1.69183	-0.607736	-0.905808	1.03433	0.38398	-0.954443	-1.76514	5.61721	-1.24554	2.59605	-2.20772	2.34759	-1.69057	
-1.38936	-1.42579	0.621734	-1.49503	1.15388	-1.9364	1.69927	-1.44005	0.595688	-0.978517	1.01817	-1.94798	3.31568	-0.792899	2.81318	-1.85766	-0.488746	-1.04507	0.669026	0.179581	-0.842183	-1.74588	5.31979	-1.45879	2.80389	-2.19487	2.57088	-1.72121	
-1.45356	-1.25553	0.48876	-1.42574	1.21449	-2.08769	1.76997	-1.56604	0.570646	-1.08907	1.13871	-1.82685	3.51655	-0.430876	3.03647	-1.84576	-0.440799	-1.21776	0.319258	0.0395624	-0.839633	-1.78237	4.99431	-1.66792	2.96953	-2.16798	2.75305	-1.7134	
-1.53402	-1.14792	0.335159	-1.42754	1.20625	-2.25858	1.79059	-1.64666	0.654966	-1.0964	1.29329	-1.71622	3.67694	0.0245615	3.14027	-1.67805	-0.459784	-1.38311	-0.00332952	-0.0114438	-0.899168	-1.84882	4.73622	-1.84075	3.091	-2.17586	2.85437	-1.67563	
-1.59211	-1.13774	0.25974	-1.49467	1.17044	-2.41392	1.70705	-1.69934	0.815814	-0.997226	1.50095	-1.63901	3.80615	0.416666	3.09622	-1.41094	-0.528894	-1.50371	-0.310147	0.0250211	-0.96116	-1.91203	4.57187	-1.96521	3.18319	-2.23945	2.8693	-1.61655	
-1.601	-1.21144	0.327643	-1.59999	1.14118	-2.50455	1.50438	-1.73859	0.999095	-0.811627	1.74426	-1.60728	3.91412	0.61312	2.92489	-1.09556	-0.622646	-1.56068	-0.627248	0.121624	-0.973688	-1.94129	4.42091	-2.03768	3.26138	-2.32398	2.81508	-1.53012	
-1.55767	-1.33145	0.532756	-1.70618	1.13931	-2.50753	1.21106	-1.77344	1.16577	-0.582035	1.99389	-1.5862	4.00385	0.590246	2.68872	-0.770448	-0.71605	-1.561	-0.97928	0.236201	-0.911807	-1.92881	4.159	-2.07649	3.31776	-2.37252	2.72729	-1.40465	
-1.49048	-1.45775	0.800728	-1.77713	1.16561	-2.41837	0.906759	-1.79941	1.27054	-0.360187	2.18268	-1.53551	4.07247	0.403494	2.47399	-0.450411	-0.79918	-1.53599	-1.36338	0.32423	-0.800196	-1.88756	3.70146	-2.1073	3.36342	-2.30535	2.65478	-1.23165	
-1.45045	-1.55822	0.996143	-1.7987	1.20019	-2.27143	0.690578	-1.79862	1.30489	-0.182118	2.26126	-1.4037	4.10358	0.20546	2.35068	-0.127032	-0.885243	-1.52835	-1.74077	0.365574	-0.699083	-1.85435	3.03156	-2.15155	3.40712	-2.09311	2.63296	-1.00694	
-1.48994	-1.6341	0.990503	-1.77907	1.2098	-2.10632	0.641606	-1.7451	1.28318	-0.0503498	2.20109	-1.16196	4.09025	0.128339	2.35548	0.215626	-1.00005	-1.57143	-2.03889	0.373475	-0.680487	-1.86433	2.2338	-2.21365	3.4216	-1.74056	2.67514	-0.743338	
-1.64021	-1.70121	0.724892	-1.74213	1.16192	-1.962	0.785522	-1.61303	1.24333	0.0607166	1.98928	-0.845751	4.02627	0.265504	2.47277	0.595098	-1.16951	-1.67673	-2.17806	0.393015	-0.789618	-1.93838	1.45322	-2.27402	3.37238	-1.31318	2.76025	-0.460019	
