0.774273	0.970557	1.18338	0.981223	0.444258	0.417977	0.435399	0.541091	0.29888	0.527862	1.08862	1.19935	0.247514	0.539791	0.3875	0.600544	1.06942	0.321431	0.162673	0.571671	0.89629	0.784709	0.30136	0.489667	0.956929	0.655242	0.537227	0.402872	
0.660484	1.06099	1.24298	0.769264	0.387233	0.274129	0.278544	0.282593	0.471074	0.403482	0.961813	0.886285	0.0853183	0.341021	0.341597	0.215653	1.03341	0.107586	0.0751843	0.533424	0.75917	0.609357	0.25875	0.271852	0.876004	0.427422	0.392334	0.221323	
0.568782	1.05027	1.216	0.58882	0.397374	0.226715	0.12287	0.0497551	0.391282	0.174992	0.796644	0.546998	0.163435	0.161873	0.191553	-0.168298	0.982022	-0.0325871	0.00977777	0.318338	0.625752	0.485624	0.191159	0.11905	0.768026	0.295661	0.283698	0.102515	
0.536723	0.942598	1.11035	0.511448	0.464506	0.317455	0.00778967	-0.0717422	0.0843873	-0.0908053	0.61988	0.309427	0.43812	0.0776261	-0.0145785	-0.450585	0.942087	-0.0500608	0.0135541	-0.0151766	0.518267	0.460712	0.122572	0.0979012	0.663405	0.321643	0.246504	0.116054	
0.59912	0.806184	0.970386	0.595055	0.563201	0.561299	-0.0273074	-0.00372795	-0.301236	-0.27481	0.481102	0.264216	0.779717	0.13035	-0.203993	-0.534786	0.954159	0.0827734	0.130246	-0.31821	0.466777	0.571658	0.0999477	0.25969	0.591688	0.530464	0.297951	0.304462	
0.750806	0.715333	0.841082	0.828519	0.646235	0.906929	0.0244649	0.252553	-0.580971	-0.293341	0.414682	0.414112	1.01978	0.301408	-0.308056	-0.401852	1.02971	0.338461	0.356684	-0.454187	0.47299	0.799085	0.152356	0.581771	0.557065	0.85718	0.414479	0.637106	
0.947937	0.717649	0.750362	1.14079	0.666216	1.25581	0.132818	0.624498	-0.624319	-0.129869	0.427336	0.68416	1.02927	0.528307	-0.303892	-0.102497	1.14838	0.644615	0.641158	-0.357115	0.51576	1.07762	0.274062	0.976963	0.546558	1.19236	0.542005	1.02262	
1.10513	0.81248	0.687852	1.40065	0.583234	1.48059	0.236391	0.972616	-0.412837	0.146117	0.485723	0.941348	0.749621	0.715879	-0.228076	0.247905	1.24356	0.893319	0.887277	-0.064681	0.545474	1.29819	0.414758	1.30641	0.523428	1.39817	0.6056	1.32689	
1.13118	0.926549	0.6143	1.46769	0.384974	1.47631	0.269612	1.14609	-0.0388579	0.406745	0.519214	1.04061	0.231455	0.778819	-0.140517	0.50784	1.23153	0.986349	0.999718	0.28961	0.502984	1.35206	0.504871	1.43201	0.451154	1.36277	0.544047	1.42535	
0.950397	0.963184	0.471915	1.24411	0.0805644	1.19338	0.178195	1.0339	0.308406	0.507368	0.454647	0.892634	-0.398877	0.657578	-0.118948	0.564007	1.03571	0.855953	0.906138	0.524618	0.336142	1.16171	0.465362	1.26071	0.292949	1.04719	0.322454	1.23978	
0.530722	0.816972	0.211067	0.701289	-0.297395	0.653044	-0.0600913	0.597453	0.423859	0.337285	0.236482	0.476002	-0.946786	0.348271	-0.212562	0.35622	0.61335	0.488437	0.586853	0.468733	0.0123537	0.702907	0.241453	0.771124	0.0410434	0.478854	-0.0480807	0.768136	
-0.0905615	0.440822	-0.177617	-0.0847041	-0.700188	-0.0432971	-0.417902	-0.0900054	0.187598	-0.115371	-0.143714	-0.134258	-1.25281	-0.096017	-0.42185	-0.0831432	-0.00650387	-0.0626498	0.0933969	0.0581606	-0.452991	0.0326359	-0.164868	0.0422084	-0.283149	-0.233455	-0.509015	0.0982956	
-0.818375	-0.13363	-0.652533	-0.960594	-1.07594	-0.753483	-0.831828	-0.881977	-0.399626	-0.768799	-0.631628	-0.799711	-1.23848	-0.586019	-0.696474	-0.651688	-0.732036	-0.697195	-0.4757	-0.654445	-1.00313	-0.735715	-0.69779	-0.781058	-0.637273	-0.94777	-0.976793	-0.62566	
-1.5137	-0.813864	-1.129	-1.73324	-1.37546	-1.33088	-1.21799	-1.5957	-1.19419	-1.4672	-1.12511	-1.3671	-0.920192	-1.01514	-0.951891	-1.2113	-1.41924	-1.28977	-0.997472	-1.50272	-1.54525	-1.45364	-1.25158	-1.52464	-0.954768	-1.5295	-1.35789	-1.24142	
-2.04462	-1.44568	-1.5133	-2.23462	-1.5733	-1.67672	-1.50522	-2.08225	-1.97438	-2.03823	-1.50883	-1.70016	-0.440046	-1.29408	-1.1194	-1.63386	-1.92537	-1.73367	-1.37502	-2.26591	-1.98319	-1.98913	-1.71351	-2.04772	-1.19021	-1.8807	-1.59043	-1.6238	
-2.3202	-1.89959	-1.73144	-2.38108	-1.65937	-1.7668	-1.64878	-2.26801	-2.4969	-2.34549	-1.69856	-1.75326	0.0146359	-1.37442	-1.14634	-1.84282	-2.15188	-1.96372	-1.5556	-2.736	-2.24203	-2.26342	-1.98596	-2.27931	-1.31241	-1.98432	-1.64983	-1.72074	
-2.33005	-2.11674	-1.77321	-2.20368	-1.65564	-1.66215	-1.65364	-2.18206	-2.62069	-2.35188	-1.67906	-1.56567	0.237677	-1.26992	-1.05066	-1.84042	-2.09168	-1.98423	-1.55969	-2.80837	-2.30176	-2.28136	-2.03703	-2.24599	-1.34155	-1.89397	-1.57005	-1.57495	
-2.14277	-2.11225	-1.68675	-1.83515	-1.59835	-1.4802	-1.56733	-1.94242	-2.35067	-2.12544	-1.49994	-1.2421	0.120016	-1.04102	-0.90293	-1.70117	-1.8309	-1.85728	-1.46359	-2.51798	-2.19963	-2.12517	-1.90363	-2.05559	-1.31638	-1.71187	-1.42097	-1.30005	
-1.87369	-1.9797	-1.56177	-1.45295	-1.52885	-1.34375	-1.45358	-1.69855	-1.8066	-1.79974	-1.26432	-0.91586	-0.34818	-0.778584	-0.784639	-1.53768	-1.51012	-1.67423	-1.35861	-2.00024	-2.01492	-1.91441	-1.66681	-1.84683	-1.28871	-1.54606	-1.28154	-1.03549	
-1.63297	-1.8098	-1.47901	-1.20196	-1.47398	-1.32466	-1.36462	-1.56557	-1.19422	-1.5144	-1.06729	-0.681642	-1.0379	-0.561472	-0.755424	-1.43951	-1.2653	-1.51238	-1.31212	-1.44582	-1.82761	-1.74997	-1.42244	-1.72475	-1.29106	-1.45762	-1.20554	-0.883546	
-1.48765	-1.67747	-1.47909	-1.15199	-1.43404	-1.42605	-1.3206	-1.58857	-0.702155	-1.36759	-0.965361	-0.588646	-1.69932	-0.443768	-0.815866	-1.45545	-1.1782	-1.41067	-1.34058	-1.02316	-1.69437	-1.68412	-1.23848	-1.72986	-1.31312	-1.46771	-1.19641	-0.887335	
-1.44847	-1.59489	-1.55476	-1.27419	-1.40055	-1.5876	-1.31114	-1.73476	-0.458974	-1.3855	-0.966562	-0.613127	-2.09636	-0.438452	-0.927877	-1.5719	-1.25648	-1.3696	-1.41758	-0.830919	-1.63088	-1.70884	-1.14793	-1.83406	-1.3288	-1.53434	-1.22778	-1.0204	
-1.46559	-1.50421	-1.64581	-1.46126	-1.34641	-1.71029	-1.29371	-1.90521	-0.470972	-1.51034	-1.01685	-0.691096	-2.0507	-0.515323	-1.00526	-1.718	-1.42826	-1.34615	-1.47697	-0.859021	-1.60577	-1.76114	-1.12712	-1.94767	-1.28998	-1.58966	-1.24216	-1.19947	
-1.46103	-1.33879	-1.67957	-1.57983	-1.25	-1.70433	-1.21644	-1.98395	-0.638922	-1.63383	-1.04298	-0.750585	-1.52714	-0.617676	-0.960184	-1.79777	-1.58179	-1.28597	-1.44999	-1.0074	-1.56508	-1.75891	-1.1194	-1.96874	-1.16732	-1.56761	-1.18288	-1.32659	
-1.37351	-1.05363	-1.60597	-1.53474	-1.10508	-1.53075	-1.04453	-1.89222	-0.808255	-1.64327	-0.983952	-0.736559	-0.646982	-0.684026	-0.744455	-1.73245	-1.62185	-1.15183	-1.29801	-1.13264	-1.4606	-1.64476	-1.06404	-1.83045	-0.964425	-1.43347	-1.02119	-1.3294	
-1.19241	-0.672182	-1.42999	-1.31896	-0.93194	-1.22751	-0.788844	-1.63268	-0.855808	-1.48855	-0.826146	-0.651987	0.334571	-0.672578	-0.373174	-1.50364	-1.5138	-0.947468	-1.03799	-1.1318	-1.2865	-1.42389	-0.934534	-1.54053	-0.727431	-1.21108	-0.776073	-1.19737	
-0.973568	-0.294651	-1.22433	-1.02033	-0.785318	-0.901268	-0.509421	-1.29064	-0.75162	-1.20249	-0.624284	-0.547434	1.11021	-0.587095	0.0608903	-1.16198	-1.31034	-0.727181	-0.748471	-0.984883	-1.09084	-1.16728	-0.762158	-1.18528	-0.542208	-0.973157	-0.518917	-0.988849	
-0.810949	-0.0619841	-1.09177	-0.782842	-0.723311	-0.681282	-0.293483	-0.999341	-0.5545	-0.888264	-0.461177	-0.499327	1.42693	-0.464471	0.425979	-0.811656	-1.11994	-0.565585	-0.533451	-0.757255	-0.957078	-0.981597	-0.613649	-0.893381	-0.49432	-0.820018	-0.33723	-0.803085	
-0.787975	-0.0823735	-1.1169	-0.729576	-0.788256	-0.659681	-0.223679	-0.877331	-0.392514	-0.669198	-0.417777	-0.564105	1.16389	-0.354527	0.597233	-0.557771	-1.05096	-0.525905	-0.48188	-0.566322	-0.958485	-0.954563	-0.567122	-0.776769	-0.631392	-0.82058	-0.305575	-0.728916	
-0.929404	-0.376894	-1.31856	-0.904033	-0.974365	-0.841863	-0.334822	-0.969244	-0.377581	-0.626869	-0.522272	-0.748493	0.406455	-0.291383	0.5139	-0.462563	-1.15566	-0.617535	-0.620692	-0.510675	-1.11918	-1.10501	-0.660558	-0.871617	-0.931167	-0.978982	-0.440167	-0.796471	
-1.18335	-0.857897	-1.63516	-1.24304	-1.22757	-1.14581	-0.600772	-1.22998	-0.555845	-0.770629	-0.738375	-0.996812	-0.596383	-0.281316	0.199805	-0.521419	-1.39945	-0.792959	-0.90574	-0.628579	-1.39648	-1.37146	-0.874988	-1.12733	-1.30228	-1.23753	-0.695075	-0.969242	
-1.44518	-1.3735	-1.95248	-1.60223	-1.46553	-1.43236	-0.9407	-1.54124	-0.882177	-1.03388	-0.988029	-1.21846	-1.52075	-0.308476	-0.256459	-0.667564	-1.68091	-0.967848	-1.23947	-0.879866	-1.69023	-1.63207	-1.13849	-1.42587	-1.62397	-1.4858	-0.985569	-1.15886	
-1.58722	-1.72697	-2.13819	-1.80703	-1.59752	-1.54982	-1.24253	-1.75035	-1.24242	-1.29761	-1.16456	-1.31612	-2.07342	-0.320852	-0.724343	-0.786917	-1.86139	-1.04401	-1.49924	-1.16394	-1.8748	-1.74534	-1.34822	-1.61833	-1.78059	-1.59752	-1.2104	-1.24729	
-1.51891	-1.77607	-2.10588	-1.72885	-1.5629	-1.40082	-1.39623	-1.72752	-1.48606	-1.43009	-1.19945	-1.22993	-2.08138	-0.270769	-1.07112	-0.762061	-1.83284	-0.955353	-1.58079	-1.34811	-1.85027	-1.61031	-1.40841	-1.58455	-1.7111	-1.48139	-1.29143	-1.14229	
-1.22677	-1.49653	-1.84829	-1.34572	-1.3522	-0.977541	-1.33493	-1.42357	-1.4965	-1.34761	-1.07819	-0.959064	-1.56407	-0.123841	-1.21417	-0.529234	-1.56409	-0.694515	-1.4358	-1.3343	-1.58737	-1.21251	-1.26911	-1.28541	-1.43416	-1.11798	-1.2005	-0.812592	
-0.790416	-0.9715	-1.44955	-0.757452	-1.02181	-0.378163	-1.06486	-0.894673	-1.25124	-1.04991	-0.855685	-0.571288	-0.727496	0.113213	-1.13842	-0.103885	-1.12452	-0.325267	-1.09271	-1.10369	-1.1478	-0.642692	-0.956581	-0.783089	-1.04129	-0.577912	-0.976932	-0.309474	
-0.36344	-0.384458	-1.06126	-0.1638	-0.68173	0.22269	-0.66858	-0.290911	-0.851514	-0.636986	-0.637458	-0.189008	0.131385	0.383988	-0.910113	0.408309	-0.668136	0.0343317	-0.655453	-0.748059	-0.674545	-0.0737709	-0.574731	-0.228947	-0.673407	-0.00410924	-0.712631	0.240356	
-0.109493	0.0664035	-0.83886	0.218287	-0.455453	0.639028	-0.2695	0.204627	-0.447325	-0.246932	-0.532417	0.0685743	0.707471	0.611705	-0.628296	0.856023	-0.368249	0.257651	-0.257056	-0.395869	-0.337714	0.304607	-0.255987	0.197715	-0.471348	0.429615	-0.512645	0.684024	
-0.137003	0.247476	-0.876334	0.23872	-0.429494	0.741785	0.0134359	0.44541	-0.193035	-0.0106714	-0.604766	0.111587	0.811031	0.71921	-0.390594	1.09973	-0.346435	0.260871	-0.0124393	-0.178848	-0.262165	0.359994	-0.112389	0.361723	-0.507872	0.584002	-0.451963	0.896535	
-0.453169	0.128187	-1.1671	-0.126265	-0.625079	0.507992	0.101356	0.369138	-0.184448	-0.000880824	-0.83385	-0.0678316	0.426561	0.670397	-0.264406	1.05403	-0.622112	0.0358103	0.01925	-0.17472	-0.486005	0.067447	-0.195374	0.216991	-0.77338	0.410265	-0.550394	0.828205	
-0.96577	-0.213564	-1.61548	-0.761408	-0.991468	0.0163904	-0.0157688	0.0180706	-0.399587	-0.195591	-1.13722	-0.401415	-0.289732	0.478008	-0.258893	0.728602	-1.11022	-0.353845	-0.148302	-0.356499	-0.945798	-0.485626	-0.473395	-0.180579	-1.1764	-0.0401106	-0.768048	0.512129	
-1.52161	-0.638923	-2.07641	-1.46621	-1.42834	-0.584613	-0.289177	-0.492793	-0.734037	-0.508954	-1.39589	-0.774939	-1.07223	0.198445	-0.351794	0.207369	-1.6562	-0.802157	-0.449445	-0.634179	-1.50621	-1.13523	-0.855616	-0.705807	-1.59056	-0.634598	-1.03202	0.0446465	
-1.9637	-0.99798	-2.41305	-2.01872	-1.81999	-1.12883	-0.630038	-1.01356	-1.03006	-0.81657	-1.50259	-1.05777	-1.65417	-0.0781375	-0.494631	-0.369814	-2.09831	-1.19694	-0.788949	-0.873855	-2.00899	-1.69771	-1.22197	-1.20718	-1.89504	-1.19319	-1.26161	-0.442212	
-2.19136	-1.19736	-2.54733	-2.26784	-2.07452	-1.49775	-0.945651	-1.41751	-1.17001	-1.01684	-1.40883	-1.17111	-1.85695	-0.274741	-0.650524	-0.855839	-2.32753	-1.464	-1.08504	-0.976192	-2.33049	-2.04072	-1.4777	-1.56752	-2.01641	-1.56514	-1.40382	-0.837065	
-2.18668	-1.22805	-2.48348	-2.17108	-2.1558	-1.64587	-1.17402	-1.64443	-1.11469	-1.0667	-1.13545	-1.07994	-1.63937	-0.334606	-0.800746	-1.15393	-2.31827	-1.58505	-1.29101	-0.911601	-2.42588	-2.11832	-1.58346	-1.74046	-1.95571	-1.6608	-1.44773	-1.07424	
-2.00927	-1.12354	-2.29181	-1.79983	-2.07878	-1.60481	-1.29001	-1.69918	-0.913998	-0.988575	-0.76705	-0.827578	-1.11219	-0.254632	-0.94018	-1.22471	-2.12545	-1.59111	-1.40037	-0.724007	-2.3256	-1.9754	-1.55717	-1.74769	-1.76011	-1.48456	-1.41405	-1.14506	
-1.76419	-0.965181	-2.07029	-1.31442	-1.90231	-1.4592	-1.31074	-1.64108	-0.695108	-0.856828	-0.405487	-0.507884	-0.468794	-0.0763104	-1.07019	-1.099	-1.85373	-1.54036	-1.44062	-0.520183	-2.11905	-1.72125	-1.46483	-1.66222	-1.51523	-1.12671	-1.3411	-1.08978	
-1.55108	-0.82278	-1.90157	-0.882332	-1.69431	-1.29807	-1.26771	-1.53524	-0.572791	-0.740007	-0.147555	-0.222209	0.091972	0.140337	-1.17392	-0.838402	-1.60897	-1.48519	-1.44363	-0.384728	-1.90466	-1.47572	-1.37433	-1.56042	-1.29195	-0.716112	-1.25331	-0.963924	
-1.42226	-0.716681	-1.81607	-0.628397	-1.50587	-1.17883	-1.18503	-1.4182	-0.592528	-0.66326	-0.0450769	-0.0540769	0.421335	0.33413	-1.21133	-0.502468	-1.45107	-1.44723	-1.4239	-0.339583	-1.74705	-1.31962	-1.32143	-1.48204	-1.13562	-0.3815	-1.1541	-0.810157	
-1.36177	-0.628312	-1.77798	-0.578484	-1.34725	-1.09675	-1.06599	-1.27987	-0.701084	-0.59034	-0.0701377	-0.0218552	0.493847	0.483638	-1.12365	-0.123637	-1.37306	-1.40286	-1.36245	-0.327526	-1.65197	-1.26099	-1.28878	-1.4128	-1.03357	-0.184871	-1.01273	-0.631917	
-1.30862	-0.525786	-1.71432	-0.674104	-1.19722	-1.00723	-0.894263	-1.07173	-0.766346	-0.430806	-0.156617	-0.0962923	0.378985	0.601358	-0.857457	0.312057	-1.3194	-1.30809	-1.22204	-0.223871	-1.57316	-1.24809	-1.22131	-1.29814	-0.94506	-0.125778	-0.792552	-0.405713	
-1.20325	-0.397114	-1.5652	-0.817621	-1.03323	-0.862972	-0.664552	-0.764853	-0.656639	-0.110338	-0.223765	-0.208874	0.227939	0.725743	-0.403066	0.812208	-1.23029	-1.13438	-0.98139	0.0715332	-1.46056	-1.21332	-1.06971	-1.09338	-0.833528	-0.15156	-0.482489	-0.113875	
-1.0168	-0.247272	-1.30827	-0.908227	-0.838295	-0.637577	-0.388381	-0.360354	-0.291928	0.40136	-0.215074	-0.287545	0.165727	0.895735	0.190539	1.37979	-1.07091	-0.884417	-0.649235	0.598535	-1.27861	-1.10194	-0.811073	-0.785423	-0.670981	-0.182708	-0.105354	0.244925	
-0.785368	-0.130459	-0.98088	-0.906125	-0.634279	-0.367921	-0.116216	0.0716363	0.279936	1.04407	-0.115167	-0.296031	0.253003	1.11903	0.819195	1.97584	-0.86203	-0.615213	-0.291536	1.27022	-1.04639	-0.919754	-0.489785	-0.431336	-0.478892	-0.174075	0.266218	0.620543	
-0.585615	-0.11069	-0.65966	-0.821826	-0.460113	-0.131049	0.0757518	0.409914	0.883978	1.67358	0.0520367	-0.223575	0.505711	1.36988	1.3488	2.51557	-0.661983	-0.413332	-0.0120481	1.88607	-0.825421	-0.721648	-0.202631	-0.139486	-0.282484	-0.109101	0.549143	0.929092	
-0.503882	-0.206716	-0.427393	-0.714015	-0.359743	-0.017708	0.118591	0.535238	1.3019	2.12756	0.233462	-0.100365	0.857426	1.59206	1.67609	2.9088	-0.539094	-0.362533	0.0826217	2.21872	-0.689223	-0.587202	-0.0574704	-0.0217418	-0.119963	-0.0212473	0.679462	1.08536	
-0.596956	-0.407238	-0.335421	-0.657182	-0.355194	-0.0947261	-0.0241943	0.368421	1.34743	2.27456	0.390279	0.0176815	1.21967	1.71864	1.76327	3.07851	-0.542908	-0.508335	-0.0782365	2.08302	-0.696641	-0.591639	-0.130863	-0.156084	-0.00396907	0.0309496	0.646427	1.03264	
-0.860569	-0.64923	-0.385528	-0.696243	-0.435014	-0.365217	-0.327569	-0.0675126	0.954938	2.09439	0.490081	0.0813464	1.50614	1.70901	1.65773	3.02654	-0.676903	-0.833365	-0.49367	1.44087	-0.852302	-0.757455	-0.429538	-0.534335	0.0735429	0.00210503	0.498352	0.78462	
-1.24454	-0.862555	-0.550038	-0.849178	-0.56947	-0.777817	-0.715288	-0.667707	0.220427	1.67373	0.51507	0.0506192	1.66473	1.55063	1.47099	2.81201	-0.914114	-1.27457	-1.09384	0.416723	-1.12329	-1.06598	-0.888101	-1.07638	0.11781	-0.133698	0.31479	0.410877	
-1.64816	-0.981334	-0.767921	-1.0774	-0.700215	-1.21538	-1.06538	-1.24365	-0.600662	1.21401	0.48299	-0.0774088	1.68529	1.29315	1.35466	2.57359	-1.19106	-1.72287	-1.73478	-0.70376	-1.43086	-1.4351	-1.36737	-1.62824	0.1503	-0.345693	0.197256	0.0474836	
-1.97832	-0.988611	-0.987805	-1.32623	-0.780044	-1.5515	-1.25305	-1.59721	-1.18238	0.950906	0.413017	-0.289485	1.60527	1.01967	1.45688	2.47358	-1.45298	-2.07411	-2.25603	-1.57455	-1.69511	-1.76984	-1.71222	-2.02633	0.16951	-0.578374	0.217957	-0.162071	
-2.1832	-0.939568	-1.1946	-1.55295	-0.791647	-1.69539	-1.2031	-1.60137	-1.2569	1.05106	0.313856	-0.551809	1.48449	0.814238	1.85253	2.6228	-1.67915	-2.2642	-2.53068	-1.91878	-1.87528	-1.99977	-1.80986	-2.16107	0.15562	-0.770181	0.38996	-0.122596	
-2.2733	-0.913956	-1.4116	-1.74708	-0.761777	-1.62504	-0.915106	-1.23673	-0.697315	1.56225	0.174053	-0.849674	1.36099	0.732287	2.52613	3.05308	-1.89003	-2.29071	-2.51012	-1.60993	-1.97871	-2.10331	-1.62869	-2.01343	0.0651066	-0.889854	0.658095	0.178496	
-2.31768	-1.01024	-1.68412	-1.94168	-0.747267	-1.40588	-0.464522	-0.619334	0.437748	2.37207	-0.0208869	-1.1822	1.25045	0.767885	3.38714	3.67581	-2.13956	-2.21328	-2.24257	-0.724849	-2.06463	-2.1278	-1.22825	-1.6737	-0.142046	-0.962191	0.922513	0.648969	
-2.39471	-1.27284	-2.03697	-2.17363	-0.801981	-1.14456	0.0306338	0.0582815	1.9209	3.26706	-0.278426	-1.54228	1.17196	0.875399	4.30064	4.33265	-2.46879	-2.11236	-1.84013	0.502877	-2.19627	-2.14111	-0.729592	-1.28633	-0.469803	-1.02759	1.0883	1.13844	
-2.56634	-1.68559	-2.46048	-2.47868	-0.951926	-0.96216	0.45347	0.581342	3.45898	3.99876	-0.591974	-1.92793	1.13664	0.970642	5.13853	4.825	-2.89021	-2.06273	-1.44221	1.77202	-2.41384	-2.21884	-0.263741	-1.00707	-0.880422	-1.14971	1.10467	1.47626	
-2.82999	-2.16035	-2.8898	-2.84365	-1.16964	-0.929534	0.737847	0.805317	4.80285	4.39572	-0.918539	-2.30337	1.13766	0.987721	5.82207	5.00531	-3.35748	-2.0898	-1.14635	2.8406	-2.70153	-2.38869	0.0875129	-0.925549	-1.2888	-1.35304	0.99339	1.54943	
-3.13104	-2.57246	-3.23209	-3.21397	-1.39307	-1.05665	0.874843	0.691927	5.7858	4.3959	-1.20713	-2.62443	1.17063	0.890331	6.31075	4.8107	-3.78616	-2.17343	-0.995092	3.56803	-2.99146	-2.62902	0.298032	-1.05014	-1.60069	-1.61895	0.823697	1.32767	
-3.37902	-2.81785	-3.40419	-3.50578	-1.54257	-1.28738	0.913006	0.317622	6.36089	4.06064	-1.41063	-2.82053	1.20943	0.692056	6.59146	4.27595	-4.08002	-2.25607	-0.955155	3.95101	-3.19101	-2.87221	0.403476	-1.30364	-1.74379	-1.88311	0.686889	0.87339	
-3.47693	-2.83401	-3.35748	-3.62299	-1.554	-1.51513	0.92688	-0.151338	6.56154	3.5417	-1.49214	-2.83583	1.20865	0.458644	6.64547	3.52413	-4.15762	-2.26521	-0.938197	4.08043	-3.21295	-3.02115	0.469704	-1.55156	-1.69514	-2.04335	0.652375	0.325883	
-3.35879	-2.61985	-3.0983	-3.4985	-1.39127	-1.62521	0.999649	-0.51825	6.48655	3.02097	-1.43707	-2.6399	1.12736	0.274911	6.46215	2.71476	-3.98386	-2.13641	-0.831739	4.09636	-3.00683	-2.98852	0.574136	-1.65128	-1.48253	-2.01472	0.752683	-0.148015	
-3.00187	-2.22249	-2.68084	-3.10358	-1.06064	-1.52205	1.18311	-0.619063	6.2161	2.63647	-1.26244	-2.23033	0.941249	0.222516	6.01242	1.99959	-3.56988	-1.83174	-0.538549	4.10373	-2.57593	-2.71277	0.764984	-1.49205	-1.1705	-1.73433	0.967415	-0.4013	
-2.45671	-1.7345	-2.20517	-2.49078	-0.623937	-1.18749	1.46487	-0.394547	5.77134	2.41604	-1.01327	-1.68129	0.662817	0.322672	5.25611	1.45159	-2.98982	-1.3687	-0.0358512	4.1102	-1.99012	-2.20774	1.0287	-1.06038	-0.856319	-1.23668	1.22145	-0.376299	
-1.80938	-1.24717	-1.76505	-1.75807	-0.156407	-0.663144	1.79944	0.119375	5.15443	2.30678	-0.736731	-1.09404	0.343821	0.549202	4.20557	1.07869	-2.34001	-0.797775	0.636831	4.06569	-1.3492	-1.53758	1.32071	-0.413493	-0.607526	-0.613362	1.43601	-0.0971043	
-1.15648	-0.818806	-1.41942	-1.02611	0.267856	-0.0347706	2.12014	0.813177	4.37022	2.21467	-0.472715	-0.588414	0.0758698	0.829535	2.93484	0.839596	-1.71332	-0.186352	1.38784	3.89606	-0.749238	-0.800506	1.58182	0.341857	-0.459214	0.00956273	1.55173	0.348115	
-0.574536	-0.476533	-1.17997	-0.403385	0.605993	0.604177	2.37542	1.55509	3.48462	2.07025	-0.248372	-0.246124	-0.0319828	1.0863	1.60023	0.684219	-1.17533	0.404277	2.11428	3.57733	-0.251751	-0.0958936	1.77653	1.09327	-0.39591	0.519358	1.56064	0.85139	
-0.101055	-0.205144	-1.01411	0.0543286	0.840809	1.18137	2.53284	2.23226	2.6114	1.8626	-0.0744615	-0.0890683	0.0774418	1.26874	0.390375	0.587677	-0.749076	0.927078	2.72651	3.14992	0.121735	0.503295	1.89486	1.75604	-0.371615	0.864318	1.4872	1.3261	
0.23861	-0.00568813	-0.891381	0.32028	0.959267	1.63772	2.5726	2.76165	1.88568	1.63408	0.0383167	-0.101015	0.388577	1.35056	-0.52601	0.54296	-0.447788	1.33707	3.15496	2.70794	0.368967	0.937707	1.93853	2.26461	-0.358092	1.03156	1.35753	1.71	
0.452068	0.130116	-0.782505	0.428044	0.959393	1.95492	2.48724	3.11326	1.3931	1.45132	0.0774321	-0.203682	0.783076	1.35857	-1.06375	0.571041	-0.255171	1.60804	3.37067	2.34552	0.507929	1.19603	1.91326	2.59855	-0.342793	1.07473	1.18531	1.98932	
0.552871	0.214182	-0.685636	0.442405	0.83117	2.13451	2.26375	3.28659	1.11552	1.35758	0.034597	-0.303011	1.08259	1.34125	-1.26524	0.686079	-0.149093	1.72213	3.37006	2.10085	0.553811	1.29307	1.80412	2.75496	-0.353673	1.06808	0.948721	2.17416	
0.560006	0.246926	-0.616216	0.438871	0.573455	2.18985	1.8904	3.29209	0.92856	1.33195	-0.0871246	-0.312783	1.10608	1.35443	-1.27864	0.866574	-0.101692	1.67846	3.1693	1.92418	0.515422	1.26616	1.58251	2.74029	-0.427468	1.08049	0.609425	2.27981	
0.507289	0.264532	-0.580047	0.494842	0.211225	2.14782	1.37176	3.14707	0.648877	1.30041	-0.26154	-0.172522	0.749702	1.43761	-1.30739	1.06065	-0.0702392	1.50604	2.80458	1.70283	0.411414	1.17448	1.22734	2.57649	-0.5821	1.15365	0.144051	2.31803	
0.415517	0.286841	-0.584448	0.642284	-0.217194	2.0157	0.714942	2.83785	0.0678854	1.11903	-0.446844	0.123747	0.0441661	1.584	-1.55835	1.15591	-0.0274641	1.23983	2.29787	1.26946	0.254123	1.05863	0.716437	2.26518	-0.815932	1.27523	-0.451848	2.26279	
0.312475	0.357544	-0.607519	0.882834	-0.643972	1.80355	-0.0387242	2.35314	-0.926325	0.661217	-0.585056	0.542623	-0.857405	1.75745	-2.14801	1.03224	0.0524372	0.932985	1.67831	0.506847	0.069507	0.951936	0.0697873	1.82232	-1.07899	1.40783	-1.12887	2.07866	
0.212944	0.493818	-0.61923	1.17165	-0.993803	1.5198	-0.814384	1.69439	-2.27982	-0.125868	-0.621105	1.014	-1.70799	1.89222	-3.056	0.598251	0.167656	0.636834	0.98186	-0.580932	-0.109236	0.861281	-0.645853	1.27585	-1.30085	1.50018	-1.79503	1.73322	
0.13958	0.69969	-0.576795	1.45265	-1.1932	1.19464	-1.51697	0.898204	-3.78196	-1.19192	-0.515266	1.47908	-2.2456	1.94379	-4.12734	-0.171342	0.310244	0.403803	0.261626	-1.86368	-0.238586	0.788216	-1.32262	0.68162	-1.40223	1.52833	-2.33275	1.2333	
0.105845	0.971502	-0.450651	1.67699	-1.204	0.868816	-2.05517	0.0340421	-5.11703	-2.38349	-0.263461	1.90307	-2.30428	1.89131	-5.12676	-1.22077	0.459032	0.261007	-0.420802	-3.10297	-0.283947	0.724927	-1.84516	0.109202	-1.32451	1.50851	-2.64713	0.626602	
0.0886102	1.241	-0.266815	1.78385	-1.06539	0.556998	-2.39753	-0.842473	-6.0137	-3.53772	0.0812431	2.24412	-1.89252	1.72061	-5.84017	-2.46781	0.560395	0.185645	-1.03193	-4.08349	-0.260778	0.631196	-2.15555	-0.407176	-1.08978	1.45122	-2.72648	-0.0375646	
0.0693722	1.46425	-0.0693762	1.75256	-0.854056	0.273718	-2.55305	-1.66255	-6.30451	-4.49611	0.432087	2.47595	-1.19252	1.44411	-6.12218	-3.78189	0.578775	0.142286	-1.54402	-4.65124	-0.195984	0.484191	-2.24207	-0.839859	-0.766096	1.37227	-2.62067	-0.693565	
0.0288406	1.60728	0.0827547	1.59843	-0.67418	0.00945087	-2.57994	-2.38469	-6.01517	-5.18373	0.690434	2.58056	-0.496389	1.06864	-5.96041	-5.03748	0.500851	0.080215	-1.95984	-4.7935	-0.129154	0.27338	-2.16329	-1.19643	-0.459873	1.27201	-2.44306	-1.29969	
-0.0307124	1.66563	0.153727	1.37382	-0.604834	-0.252966	-2.55651	-2.9907	-5.33807	-5.61109	0.784054	2.54375	-0.0896135	0.609729	-5.45758	-6.13655	0.357607	-0.0301517	-2.29224	-4.6342	-0.0893995	0.0164205	-2.01064	-1.50024	-0.260113	1.12999	-2.31069	-1.83764	
-0.0786727	1.66694	0.155727	1.16121	-0.663031	-0.521973	-2.53135	-3.46462	-4.52744	-5.83503	0.696882	2.36093	-0.153159	0.0765974	-4.77584	-6.99815	0.221276	-0.180229	-2.54642	-4.34434	-0.0671877	-0.23162	-1.85926	-1.76205	-0.200962	0.925807	-2.28939	-2.30503	
-0.0628332	1.65564	0.144948	1.03794	-0.797511	-0.790003	-2.51475	-3.79547	-3.82803	-5.93335	0.478333	2.04138	-0.676566	-0.515351	-4.08163	-7.5742	0.180349	-0.322952	-2.71689	-4.09718	-0.0210675	-0.400919	-1.74707	-1.97682	-0.256435	0.642416	-2.37181	-2.70958	
0.0609542	1.67609	0.197303	1.0569	-0.908794	-1.02989	-2.46689	-3.96127	-3.35045	-5.93373	0.219047	1.62237	-1.4919	-1.12902	-3.48096	-7.83145	0.301062	-0.399277	-2.78112	-3.95689	0.102375	-0.428584	-1.65414	-2.11471	-0.347326	0.304791	-2.47802	-3.04573	
0.293054	1.7269	0.363749	1.21136	-0.899298	-1.20582	-2.33117	-3.94498	-3.07793	-5.81849	0.0160385	1.16309	-2.308	-1.71012	-3.02105	-7.75881	0.581626	-0.373352	-2.72073	-3.88594	0.329889	-0.297977	-1.53429	-2.14574	-0.387198	-0.0352	-2.50261	-3.29616	
0.607439	1.79054	0.667428	1.46014	-0.694276	-1.26287	-2.04871	-3.71964	-2.86758	-5.51124	-0.0474439	0.750876	-2.83451	-2.16732	-2.66644	-7.35094	0.972658	-0.228464	-2.51067	-3.74828	0.66203	-0.0237283	-1.31999	-2.02887	-0.297954	-0.290427	-2.33945	-3.40775	
0.920449	1.81526	1.05918	1.72023	-0.305238	-1.17714	-1.61621	-3.30109	-2.55331	-4.94826	0.0570956	0.475956	-2.89703	-2.41257	-2.36458	-6.6441	1.36042	-0.0159443	-2.17005	-3.39746	1.03435	0.318331	-0.991236	-1.77057	-0.0659316	-0.375736	-1.9602	-3.33668	
1.11626	1.74342	1.43094	1.88787	0.171817	-0.970869	-1.10686	-2.76178	-2.06797	-4.14443	0.286431	0.396315	-2.49676	-2.3904	-2.08994	-5.73564	1.60458	0.166221	-1.76436	-2.79411	1.32748	0.60796	-0.601069	-1.43545	0.25391	-0.264975	-1.43135	-3.076	
1.07118	1.52146	1.6392	1.86313	0.575373	-0.722448	-0.659602	-2.22697	-1.47035	-3.21259	0.533011	0.503271	-1.82964	-2.1057	-1.87222	-4.76989	1.57309	0.194317	-1.4084	-2.02229	1.39992	0.708829	-0.269874	-1.14194	0.545722	-0.00629925	-0.904649	-2.67546	
0.70513	1.1341	1.56179	1.58427	0.742315	-0.546837	-0.43217	-1.84876	-0.946623	-2.35167	0.668543	0.730034	-1.17259	-1.63636	-1.78839	-3.91342	1.1946	-0.0342686	-1.23537	-1.29282	1.14408	0.512915	-0.146845	-1.03229	0.681396	0.278515	-0.563312	-2.24182	
0.0188768	0.603743	1.15048	1.05653	0.572249	-0.553353	-0.53713	-1.75213	-0.709336	-1.7656	0.595897	0.975207	-0.796253	-1.09625	-1.90377	-3.30635	0.495762	-0.553811	-1.34106	-0.842509	0.530685	-0.0121268	-0.341248	-1.21082	0.578562	0.443459	-0.542329	-1.89599	
-0.915621	-0.0119836	0.434138	0.333974	0.0559138	-0.813019	-1.00456	-1.99801	-0.904649	-1.60048	0.274051	1.12418	-0.834323	-0.621986	-2.24989	-3.02248	-0.426927	-1.32426	-1.76118	-0.845783	-0.382687	-0.823449	-0.883569	-1.71644	0.217097	0.361516	-0.887313	-1.74528	
-1.93497	-0.623635	-0.454445	-0.472268	-0.694638	-1.30395	-1.73384	-2.52367	-1.50649	-1.85239	-0.246518	1.09615	-1.26895	-0.320305	-2.75221	-3.02257	-1.40262	-2.20413	-2.41742	-1.31198	-1.43509	-1.77937	-1.67203	-2.46328	-0.331135	-0.0135867	-1.50756	-1.82045	
-2.87926	-1.17779	-1.36633	-1.25966	-1.51955	-1.94485	-2.5604	-3.19314	-2.33644	-2.3831	-0.858453	0.862887	-1.93469	-0.230713	-3.27508	-3.17982	-2.28153	-3.03845	-3.17804	-2.0896	-2.44975	-2.71964	-2.53936	-3.3059	-0.959187	-0.634765	-2.24141	-2.07946	
-3.60826	-1.61616	-2.15143	-1.93153	-2.23965	-2.59013	-3.28048	-3.80587	-3.11286	-2.94994	-1.43033	0.478055	-2.58588	-0.322223	-3.64476	-3.30783	-2.95085	-3.67845	-3.86765	-2.90947	-3.26145	-3.48164	-3.28202	-4.05187	-1.5394	-1.36403	-2.889	-2.4036	
-4.03242	-1.90774	-2.70118	-2.41854	-2.71223	-3.0658	-3.71346	-4.15019	-3.54044	-3.27442	-1.8351	0.0454184	-3.01531	-0.490459	-3.7047	-3.20538	-3.35389	-4.01687	-4.31273	-3.46337	-3.75798	-3.93917	-3.71932	-4.50874	-1.96557	-2.00707	-3.27498	-2.62289	
-4.14036	-2.02947	-2.98284	-2.695	-2.87878	-3.24225	-3.76591	-4.09023	-3.43676	-3.16444	-1.99994	-0.314038	-3.10591	-0.622275	-3.37972	-2.74386	-3.50434	-4.03117	-4.41035	-3.54244	-3.91489	-4.04522	-3.76402	-4.56665	-2.19038	-2.39121	-3.31282	-2.59613	
-3.98331	-1.98289	-3.02579	-2.7684	-2.76591	-3.0684	-3.45199	-3.60098	-2.80699	-2.57333	-1.92119	-0.503201	-2.88744	-0.620584	-2.70401	-1.90521	-3.4556	-3.77126	-4.1459	-3.10862	-3.78816	-3.83184	-3.44125	-4.21674	-2.22247	-2.43034	-3.01944	-2.25314	
-3.67718	-1.79947	-2.92631	-2.69201	-2.48002	-2.60677	-2.89368	-2.79301	-1.84345	-1.63017	-1.68558	-0.502282	-2.49419	-0.466908	-1.83074	-0.798218	-3.30404	-3.35819	-3.61464	-2.30915	-3.50003	-3.41706	-2.88753	-3.57488	-2.13189	-2.15998	-2.51191	-1.64311	
-3.3357	-1.52822	-2.78005	-2.52859	-2.14621	-1.99935	-2.25409	-1.85817	-0.824557	-0.57395	-1.41792	-0.369817	-2.11845	-0.22159	-0.957204	0.377207	-3.12994	-2.92024	-2.9644	-1.39728	-3.17465	-2.94426	-2.27584	-2.81964	-2.0064	-1.7195	-1.94808	-0.911456	
-3.0386	-1.2277	-2.65502	-2.32436	-1.8619	-1.41093	-1.68084	-0.999155	-0.0144013	0.351966	-1.22855	-0.198158	-1.89797	0.0258964	-0.259227	1.4193	-2.97369	-2.5543	-2.34276	-0.624183	-2.89796	-2.53391	-1.7574	-2.12599	-1.91468	-1.2767	-1.46152	-0.23455	
-2.82639	-0.946069	-2.58158	-2.12108	-1.67485	-0.986564	-1.2594	-0.373891	0.455964	0.978417	-1.19656	-0.101767	-1.87163	0.163078	0.173274	2.16214	-2.85279	-2.30903	-1.85362	-0.139166	-2.7079	-2.26388	-1.41035	-1.62247	-1.89379	-0.99219	-1.12674	0.22468	
-2.68376	-0.739842	-2.54143	-1.93641	-1.56864	-0.785611	-0.991109	-0.0298971	0.611139	1.28144	-1.32117	-0.156285	-1.98923	0.133472	0.356712	2.55125	-2.75145	-2.16348	-1.51403	0.0567997	-2.58351	-2.13944	-1.21901	-1.33406	-1.93207	-0.934753	-0.937769	0.395311	
-2.58136	-0.65055	-2.50708	-1.7884	-1.49815	-0.792876	-0.816466	0.0804037	0.609764	1.36511	-1.5471	-0.384416	-2.12607	-0.0649466	0.394629	2.63356	-2.66039	-2.07094	-1.28053	0.0960046	-2.48391	-2.12148	-1.10801	-1.21487	-1.9936	-1.08475	-0.836174	0.301766	
-2.48442	-0.687684	-2.44913	-1.68624	-1.41039	-0.920227	-0.652294	0.078573	0.645253	1.40148	-1.78014	-0.7416	-2.15748	-0.362702	0.419058	2.53028	-2.57519	-1.97322	-1.06919	0.162143	-2.36938	-2.14148	-0.98308	-1.1633	-2.03435	-1.34858	-0.746591	0.0573996	
-2.36015	-0.816495	-2.34562	-1.61798	-1.25878	-1.03612	-0.416423	0.120202	0.862204	1.56344	-1.91563	-1.12151	-2.00405	-0.650702	0.545842	2.4015	-2.48973	-1.81698	-0.787664	0.413449	-2.20429	-2.11623	-0.765811	-1.05723	-2.00618	-1.58019	-0.594494	-0.174179	
-2.20248	-0.995648	-2.2008	-1.58727	-1.03099	-1.04062	-0.0724822	0.312429	1.30032	1.93375	-1.88557	-1.44122	-1.67995	-0.838531	0.824544	2.36092	-2.41172	-1.58362	-0.383419	0.906747	-1.98629	-2.00054	-0.430904	-0.822043	-1.88888	-1.68404	-0.35008	-0.261543	
-2.01015	-1.15745	-2.02226	-1.57514	-0.732901	-0.878547	0.367231	0.695834	1.86026	2.48526	-1.66325	-1.61213	-1.25249	-0.861949	1.21779	2.46526	-2.33238	-1.27418	0.147058	1.57154	-1.72385	-1.77624	-0.00827838	-0.434131	-1.67322	-1.60998	-0.0189676	-0.133317	
-1.81493	-1.25556	-1.8444	-1.58708	-0.403935	-0.588366	0.840389	1.20684	2.37515	3.07762	-1.30741	-1.63074	-0.833246	-0.751937	1.62022	2.66788	-2.26304	-0.930252	0.739023	2.25047	-1.4513	-1.48673	0.425717	0.0443233	-1.39414	-1.41418	0.346321	0.16535	
-1.63704	-1.26407	-1.6855	-1.61964	-0.0829083	-0.256496	1.2714	1.73051	2.67501	3.53377	-0.90706	-1.5439	-0.524766	-0.587509	1.90141	2.87304	-2.19949	-0.59315	1.30674	2.76585	-1.19279	-1.19256	0.793209	0.523115	-1.09655	-1.19614	0.682528	0.518266	
-1.47904	-1.16128	-1.54762	-1.65962	0.208334	0.0212567	1.61281	2.15275	2.69288	3.72753	-0.554538	-1.42025	-0.361804	-0.469866	1.98432	2.98196	-2.12596	-0.289402	1.77819	3.01929	-0.951965	-0.942747	1.05618	0.920779	-0.822198	-1.05336	0.95033	0.790356	
-1.32521	-0.943117	-1.41774	-1.69023	0.461417	0.180467	1.8479	2.39512	2.47405	3.62303	-0.319306	-1.33775	-0.324414	-0.477472	1.85729	2.92793	-2.02407	-0.0243512	2.11598	3.01145	-0.719429	-0.761234	1.22082	1.19419	-0.607954	-1.03879	1.13455	0.880737	
-1.1351	-0.612535	-1.26158	-1.67354	0.692077	0.22642	2.00348	2.45673	2.15525	3.29906	-0.205886	-1.31204	-0.329632	-0.618194	1.6009	2.71866	-1.86263	0.223886	2.33316	2.83958	-0.46656	-0.621953	1.33617	1.36132	-0.453191	-1.11581	1.26096	0.776213	
-0.88556	-0.206958	-1.06568	-1.59316	0.905027	0.201496	2.11417	2.38091	1.89193	2.8886	-0.185587	-1.34853	-0.305066	-0.849648	1.33182	2.40743	-1.63307	0.470358	2.46096	2.6345	-0.183691	-0.48845	1.45076	1.4631	-0.354647	-1.21261	1.35762	0.529958	
-0.554193	0.243669	-0.815486	-1.42669	1.10723	0.186744	2.2157	2.25098	1.77963	2.53336	-0.190331	-1.39756	-0.195667	-1.07358	1.15917	2.08767	-1.32309	0.733446	2.54229	2.49749	0.134811	-0.303649	1.59729	1.56212	-0.282884	-1.22732	1.45292	0.256149	
-0.146969	0.689554	-0.517776	-1.16885	1.29436	0.246744	2.32037	2.13562	1.80037	2.30379	-0.153113	-1.40531	-0.00191394	-1.19756	1.14872	1.83934	-0.93692	1.01092	2.59386	2.4378	0.477866	-0.0298652	1.76505	1.69595	-0.206191	-1.09004	1.55827	0.0623781	
0.306113	1.05288	-0.190465	-0.836452	1.45483	0.400783	2.41718	2.06489	1.86241	2.19946	-0.0311261	-1.34763	0.226919	-1.16312	1.29774	1.7067	-0.490894	1.28275	2.61064	2.40395	0.82077	0.332086	1.91515	1.86576	-0.0971652	-0.802021	1.66583	0.0133336	
0.757741	1.27026	0.142047	-0.467326	1.58336	0.617263	2.48406	2.02779	1.8517	2.15351	0.182019	-1.22208	0.442794	-0.967718	1.55432	1.68884	-0.0144148	1.52186	2.57141	2.31135	1.13626	0.744082	2.0038	2.03881	0.0689817	-0.431722	1.76327	0.109765	
1.14169	1.29455	0.439368	-0.119994	1.66028	0.811488	2.47972	1.96374	1.66729	2.0557	0.432817	-1.07258	0.589029	-0.679162	1.81058	1.72655	0.438929	1.68876	2.43777	2.07657	1.38905	1.12663	1.98447	2.14885	0.272145	-0.097192	1.81599	0.274202	
1.407	1.12611	0.67196	0.15067	1.675	0.896878	2.38262	1.81677	1.31503	1.83649	0.649174	-0.950083	0.649674	-0.392338	1.97858	1.75278	0.816379	1.75605	2.19591	1.70004	1.55699	1.39995	1.85125	2.1405	0.478278	0.0920251	1.80231	0.40659	
1.52431	0.832931	0.817448	0.306924	1.62284	0.818802	2.19491	1.5598	0.879543	1.48548	0.767255	-0.897592	0.644504	-0.194348	1.99948	1.71461	1.07302	1.7153	1.86278	1.24986	1.63191	1.51109	1.6322	1.99266	0.638091	0.0833572	1.71403	0.423319	
1.5104	0.538244	0.880285	0.352968	1.51623	0.594959	1.95241	1.2225	0.517811	1.0774	0.758344	-0.912757	0.619718	-0.118672	1.87552	1.5998	1.19806	1.59255	1.5016	0.863521	1.62985	1.46512	1.39459	1.7391	0.714558	-0.0862444	1.56779	0.307322	
1.4253	0.396398	0.892591	0.34025	1.3851	0.314141	1.712	0.886757	0.362036	0.727907	0.657219	-0.937949	0.636845	-0.131925	1.66615	1.44914	1.22568	1.44147	1.19659	0.663428	1.59165	1.33114	1.21177	1.46097	0.707482	-0.291274	1.40698	0.116279	
1.33721	0.508815	0.888671	0.33564	1.25668	0.0863359	1.52725	0.640863	0.46852	0.541972	0.526395	-0.905577	0.738978	-0.165465	1.44833	1.31521	1.20937	1.31309	1.01806	0.71605	1.55477	1.19968	1.13008	1.24103	0.635185	-0.393979	1.27292	-0.058074	
1.31224	0.903998	0.907358	0.402754	1.1611	0.0106469	1.4342	0.554632	0.781669	0.56109	0.444997	-0.758247	0.92196	-0.137928	1.28959	1.24957	1.21587	1.25162	1.00074	0.984341	1.55452	1.16235	1.15821	1.14335	0.54789	-0.291225	1.20071	-0.120673	
1.39123	1.51913	0.979957	0.584492	1.12024	0.13001	1.44078	0.644888	1.13428	0.740831	0.475633	-0.478694	1.15276	-0.00339294	1.21715	1.27084	1.30341	1.27797	1.1243	1.33262	1.6178	1.27708	1.2581	1.18705	0.500192	0.0458993	1.20448	-0.0270362	
1.575	2.18623	1.11843	0.872751	1.14377	0.412835	1.53236	0.867977	1.36786	0.98464	0.636643	-0.109403	1.37933	0.228836	1.23711	1.35782	1.49325	1.38361	1.33129	1.61571	1.74592	1.53716	1.37842	1.33887	0.536321	0.54254	1.28229	0.20355	
1.82266	2.71775	1.30885	1.21407	1.22165	0.767477	1.66951	1.13756	1.36352	1.17296	0.902543	0.262723	1.5678	0.500792	1.31591	1.45957	1.76139	1.5335	1.53739	1.71139	1.91805	1.87999	1.46283	1.531	0.671123	1.06032	1.40988	0.493604	
2.06061	2.94674	1.50847	1.52082	1.31985	1.07255	1.79774	1.3465	1.10983	1.20978	1.19345	0.531021	1.69685	0.724617	1.41211	1.50725	2.03583	1.67315	1.65963	1.57954	2.08676	2.19798	1.47234	1.67789	0.874429	1.43784	1.54533	0.735785	
2.21531	2.80911	1.66377	1.71485	1.38449	1.23089	1.85791	1.41603	0.686609	1.06358	1.42058	0.623158	1.75515	0.834095	1.48156	1.4573	2.23355	1.74876	1.63947	1.26401	2.19893	2.38951	1.38911	1.71308	1.07876	1.56951	1.63774	0.848382	
2.23411	2.36849	1.72322	1.75345	1.36102	1.20032	1.80839	1.31682	0.230152	0.773376	1.51136	0.515657	1.77031	0.801557	1.48881	1.30063	2.28593	1.71934	1.45676	0.870975	2.21088	2.39292	1.21816	1.60682	1.20601	1.44203	1.64248	0.801694	
2.12047	1.79547	1.67119	1.66549	1.22065	1.02784	1.63603	1.09021	-0.120134	0.436888	1.44586	0.275388	1.76069	0.682603	1.42571	1.08547	2.18372	1.58533	1.1441	0.522533	2.11268	2.22345	0.990343	1.3886	1.20469	1.14982	1.54167	0.653771	
1.92469	1.30541	1.52779	1.53735	0.96491	0.815545	1.35403	0.822186	-0.300939	0.165788	1.26262	0.0215501	1.75265	0.580696	1.29607	0.896107	1.97961	1.37878	0.759229	0.296364	1.93282	1.96352	0.735923	1.12329	1.06869	0.862243	1.34449	0.515011	
1.71334	1.05408	1.33114	1.46359	0.622784	0.667695	0.993767	0.592614	-0.330165	0.0276275	1.02379	-0.121169	1.74647	0.597803	1.11317	0.803816	1.75382	1.14256	0.363481	0.196054	1.70839	1.71197	0.476547	0.871661	0.830999	0.730789	1.07578	0.491412	
1.55148	1.10504	1.13405	1.52218	0.240475	0.651711	0.587123	0.448183	-0.334698	0.0138408	0.805592	-0.0694168	1.71162	0.793557	0.866565	0.837704	1.59586	0.919044	-0.00759882	0.13343	1.4875	1.55868	0.20822	0.672099	0.548551	0.842782	0.759844	0.637138	
1.4726	1.39719	0.982472	1.72643	-0.125939	0.767204	0.172041	0.384641	-0.445292	0.0591007	0.657281	0.179699	1.61106	1.14933	0.555073	0.97633	1.55958	0.735537	-0.340327	0.00261094	1.3058	1.54047	-0.0745058	0.527063	0.287895	1.17842	0.424837	0.928328	
1.47023	1.77346	0.897915	2.0181	-0.433448	0.945765	-0.217634	0.34803	-0.744399	0.0646624	0.590042	0.554875	1.40123	1.56754	0.183019	1.13783	1.64271	0.598214	-0.638739	-0.277351	1.17086	1.62691	-0.37232	0.404844	0.0897877	1.61432	0.0895846	1.25988	
1.49331	2.05769	0.864157	2.27905	-0.665361	1.0767	-0.558315	0.260687	-1.22301	-0.0567805	0.577308	0.922999	1.07988	1.89772	-0.236895	1.21428	1.77816	0.484635	-0.918007	-0.719033	1.05919	1.73288	-0.677362	0.253965	-0.0366469	1.9769	-0.237406	1.48557	
1.47269	2.12766	0.835735	2.37933	-0.832483	1.05752	-0.838648	0.0523716	-1.77844	-0.352997	0.565521	1.16062	0.662147	2.00113	-0.66684	1.10747	1.86164	0.360903	-1.1843	-1.26597	0.922034	1.74964	-0.967399	0.0301826	-0.121023	2.09519	-0.553519	1.47254	
1.34413	1.95257	0.754466	2.22559	-0.970695	0.827203	-1.06342	-0.308809	-2.28936	-0.819123	0.506527	1.17729	0.194771	1.79176	-1.07151	0.765925	1.79217	0.191147	-1.44119	-1.82939	0.711595	1.59148	-1.22719	-0.289564	-0.21281	1.87945	-0.859155	1.15148	
