0.117218	0.0707733	0.0962672	-0.00845479	-0.0569623	0.0734775	-0.468681	0.27563	-0.79803	0.079416	-0.45743	-0.579302	-0.133452	-0.453773	-0.602292	0.269933	0.227997	0.00583551	0.0832396	-0.365389	0.108292	0.0123914	0.415484	0.277781	-0.0233897	-0.248468	-0.258797	0.307196	
0.00618822	-0.04419	-0.0669158	-0.0572597	-0.243002	0.100572	-0.492168	0.443165	-0.667679	0.427349	-0.606772	-0.579094	-0.215445	-0.0911055	-0.702567	0.378947	0.134967	-0.0547523	0.0819401	-0.189996	-0.024481	-0.0551369	0.253059	0.36243	-0.272043	-0.182388	-0.464566	0.479503	
-0.0025052	-0.120227	-0.092586	0.000265879	-0.288257	0.16868	-0.448319	0.56701	-0.480242	0.702621	-0.598405	-0.411381	-0.318424	0.269962	-0.786657	0.3774	0.117879	0.0559093	0.0852042	-0.00844326	-0.0172646	-0.0188065	0.106074	0.44989	-0.40541	-0.0413692	-0.574012	0.49973	
0.0726352	-0.124815	-0.00369586	0.147905	-0.210049	0.273761	-0.353086	0.629382	-0.282598	0.839035	-0.438752	-0.111249	-0.420405	0.525137	-0.842339	0.264408	0.170867	0.284221	0.0979513	0.130767	0.0923927	0.111176	0.000760523	0.524878	-0.39377	0.143557	-0.56239	0.379095	
0.175543	-0.0629503	0.124942	0.33141	-0.0774166	0.397326	-0.229674	0.627634	-0.103888	0.817754	-0.195417	0.233633	-0.497606	0.628328	-0.853738	0.0675399	0.255115	0.522914	0.121613	0.20473	0.219829	0.284815	-0.0584584	0.569228	-0.269118	0.3266	-0.450829	0.177395	
0.24416	0.0250585	0.206876	0.488178	0.0289278	0.516209	-0.100517	0.57742	0.0458432	0.675381	0.0301904	0.509713	-0.530149	0.572036	-0.801733	-0.146401	0.318849	0.665489	0.163162	0.226934	0.274244	0.438453	-0.0781841	0.576224	-0.103532	0.461895	-0.294459	-0.0228293	
0.237588	0.0841929	0.176514	0.56856	0.0475885	0.612164	0.0229324	0.510812	0.177298	0.484182	0.143113	0.627175	-0.515341	0.409796	-0.676514	-0.319326	0.322346	0.657252	0.229468	0.231444	0.203149	0.519387	-0.0690466	0.554691	0.0132613	0.520986	-0.150534	-0.151103	
0.149918	0.0694442	0.0187604	0.556941	-0.0325716	0.674779	0.133472	0.456629	0.303616	0.31457	0.0901038	0.562924	-0.452226	0.230734	-0.496237	-0.401376	0.249879	0.510032	0.317868	0.252752	0.0104145	0.504385	-0.0385654	0.520421	0.0194699	0.505101	-0.0600903	-0.165477	
0.0136162	-0.0273876	-0.221641	0.473616	-0.176208	0.699563	0.228352	0.432207	0.428265	0.212289	-0.113372	0.363783	-0.367462	0.112667	-0.292336	-0.380212	0.121825	0.292501	0.409611	0.306288	-0.242273	0.407703	0.00667386	0.48526	-0.0922297	0.438956	-0.0339147	-0.0699879	
-0.122252	-0.17528	-0.464059	0.354119	-0.322399	0.681903	0.298862	0.425925	0.536442	0.167217	-0.392749	0.128924	-0.268638	0.11433	-0.10412	-0.271273	-0.0193669	0.0853499	0.464214	0.366197	-0.467787	0.267591	0.0572281	0.442446	-0.283414	0.357635	-0.0537132	0.0958904	
-0.207688	-0.314679	-0.616472	0.241623	-0.406222	0.615413	0.336272	0.406101	0.598605	0.13931	-0.63718	-0.0337838	-0.171142	0.221404	0.0335129	-0.113349	-0.121475	-0.0511818	0.439053	0.39297	-0.58503	0.132062	0.100355	0.372277	-0.467016	0.291604	-0.0763404	0.270244	
-0.218933	-0.379569	-0.621969	0.160521	-0.401481	0.488502	0.332424	0.326716	0.591309	0.0704329	-0.742004	-0.0511697	-0.100707	0.386417	0.111084	0.0405512	-0.148614	-0.114993	0.294279	0.342224	-0.558543	0.0337192	0.11002	0.240537	-0.562054	0.253179	-0.0684698	0.39754	
-0.167094	-0.331279	-0.479775	0.110896	-0.327524	0.292416	0.282012	0.146918	0.503901	-0.0787272	-0.653123	0.0825564	-0.0635794	0.525736	0.144238	0.151566	-0.0944012	-0.159289	0.0170584	0.191447	-0.414464	-0.0188807	0.0611536	0.0199927	-0.517432	0.233445	-0.0191872	0.448094	
-0.086323	-0.17644	-0.240685	0.0769601	-0.236123	0.0302969	0.202126	-0.137634	0.368905	-0.294947	-0.372559	0.302301	-0.0669557	0.550126	0.175087	0.210886	0.0189563	-0.251717	-0.361556	-0.0289487	-0.219862	-0.0393625	-0.0635151	-0.287111	-0.333278	0.205257	0.0609153	0.415003	
-0.0285557	0.0287759	5.99617e-05	0.02691	-0.195074	-0.278248	0.11262	-0.497168	0.231021	-0.526898	0.0238193	0.501554	-0.0889854	0.425531	0.241285	0.230857	0.138797	-0.452918	-0.775973	-0.26007	-0.0662747	-0.0602504	-0.261591	-0.647871	-0.0672167	0.137803	0.142117	0.327599	
-0.0311071	0.200075	0.159805	-0.0589502	-0.24224	-0.590762	0.0543712	-0.855582	0.161882	-0.676809	0.430493	0.576967	-0.10193	0.166222	0.382614	0.250872	0.210079	-0.755234	-1.12888	-0.401882	-0.0189562	-0.108596	-0.501629	-0.990839	0.201346	0.0155454	0.194761	0.220979	
-0.106238	0.253527	0.185642	-0.187623	-0.372991	-0.853916	0.0685991	-1.12295	0.223322	-0.660809	0.74138	0.465784	-0.0723469	-0.154026	0.608397	0.312036	0.191183	-1.08943	-1.32853	-0.373944	-0.0950069	-0.197696	-0.728638	-1.23218	0.389726	-0.16094	0.211601	0.124843	
-0.237774	0.138039	0.0819663	-0.349927	-0.531256	-1.01713	0.182209	-1.21817	0.439127	-0.426889	0.88287	0.175874	0.0407661	-0.446617	0.895608	0.441445	0.0704512	-1.34416	-1.31164	-0.131156	-0.25888	-0.320724	-0.87604	-1.30018	0.456291	-0.369225	0.212691	0.0552603	
-0.387412	-0.139048	-0.0973619	-0.522006	-0.639375	-1.05207	0.395861	-1.10463	0.788425	0.0020847	0.848794	-0.221128	0.250581	-0.619047	1.19488	0.633564	-0.130031	-1.41571	-1.07862	0.300719	-0.438194	-0.455626	-0.898475	-1.16937	0.409524	-0.573557	0.234321	0.00996561	
-0.513673	-0.518522	-0.275397	-0.682417	-0.631432	-0.964503	0.667776	-0.811888	1.18603	0.525197	0.68368	-0.621295	0.558158	-0.630166	1.44167	0.844061	-0.361498	-1.26429	-0.697735	0.815421	-0.559436	-0.574293	-0.782493	-0.876104	0.298048	-0.739449	0.310779	-0.0209813	
-0.579604	-0.907289	-0.373993	-0.805116	-0.475258	-0.789854	0.942751	-0.420312	1.53612	1.00833	0.472145	-0.922974	0.921138	-0.498504	1.58694	1.01246	-0.560993	-0.919035	-0.276567	1.28205	-0.567675	-0.649473	-0.555968	-0.501267	0.19498	-0.840105	0.460184	-0.0546144	
-0.570131	-1.20616	-0.356	-0.875161	-0.198624	-0.583308	1.14726	-0.0425665	1.73526	1.31141	0.29563	-1.06637	1.26805	-0.266523	1.59971	1.07595	-0.676954	-0.484256	0.0622216	1.56384	-0.455086	-0.668161	-0.282999	-0.151209	0.159594	-0.864751	0.6626	-0.0920171	
-0.483911	-1.34152	-0.218941	-0.875963	0.131083	-0.394974	1.22776	0.222496	1.72707	1.35525	0.211827	-1.03865	1.51792	-0.00937035	1.48917	0.995059	-0.673512	-0.0800349	0.232239	1.58603	-0.248884	-0.621878	-0.0382711	0.0872942	0.219059	-0.812375	0.862819	-0.129978	
-0.333556	-1.2882	-0.00602133	-0.795681	0.425435	-0.254946	1.15905	0.319378	1.50758	1.1297	0.237186	-0.879894	1.60139	0.208102	1.28471	0.78246	-0.546759	0.198153	0.205815	1.34334	0.000759334	-0.512673	0.118009	0.174677	0.3563	-0.693339	0.995561	-0.157048	
-0.139278	-1.07354	0.223382	-0.631382	0.612673	-0.159509	0.951155	0.260381	1.1232	0.708621	0.336328	-0.653862	1.48247	0.368412	1.02723	0.496497	-0.32187	0.319739	0.0282856	0.911437	0.242027	-0.346811	0.163507	0.132928	0.518606	-0.519278	1.00166	-0.153572	
0.0799404	-0.756948	0.418564	-0.384618	0.665883	-0.0783582	0.650916	0.111724	0.657464	0.214142	0.455639	-0.418867	1.16778	0.488993	0.756591	0.213486	-0.042077	0.334054	-0.204266	0.412832	0.445263	-0.133295	0.118672	0.0328122	0.645571	-0.299385	0.864729	-0.110131	
0.305152	-0.411627	0.54805	-0.0767753	0.60545	0.026516	0.315799	-0.0348388	0.191617	-0.236293	0.538856	-0.213118	0.721724	0.599447	0.492158	0.0146569	0.242874	0.330985	-0.38587	-0.0363195	0.602456	0.112984	0.0381833	-0.0406117	0.69458	-0.0476457	0.611493	-0.0277204	
0.519114	-0.104846	0.610557	0.256229	0.490513	0.182632	0.010063	-0.0980129	-0.204789	-0.554618	0.547638	-0.0453693	0.239789	0.720401	0.244635	-0.0613755	0.491418	0.40496	-0.432029	-0.351085	0.725599	0.372752	-0.0102454	-0.0181914	0.64815	0.218365	0.31282	0.0760946	
0.698976	0.128895	0.621367	0.56642	0.385898	0.386005	-0.228096	-0.0442191	-0.507254	-0.72812	0.477366	0.0895613	-0.164837	0.853275	0.00793102	-0.024631	0.674183	0.596784	-0.319022	-0.519281	0.823519	0.614295	0.0224586	0.117858	0.526522	0.472623	0.0545537	0.180203	
0.824552	0.279208	0.60566	0.803618	0.340145	0.599189	-0.380795	0.0989345	-0.719627	-0.80344	0.35232	0.199056	-0.395607	0.959348	-0.213773	0.0585509	0.78313	0.87651	-0.0870503	-0.587516	0.897957	0.805759	0.151252	0.327817	0.370406	0.682189	-0.0889456	0.256311	
0.877116	0.355747	0.577504	0.929431	0.367183	0.761016	-0.44788	0.254529	-0.861258	-0.856864	0.213088	0.277796	-0.407248	0.974994	-0.399665	0.0913033	0.822934	1.15583	0.180281	-0.629657	0.937442	0.916191	0.353088	0.53477	0.225043	0.810888	-0.075325	0.279689	
0.85011	0.377415	0.537961	0.928287	0.444642	0.811653	-0.436708	0.335738	-0.938614	-0.954059	0.0954021	0.306035	-0.211311	0.862193	-0.51181	-0.00611078	0.807827	1.32706	0.39093	-0.701778	0.922507	0.927094	0.576601	0.656226	0.122862	0.829442	0.0847623	0.237087	
0.758281	0.365998	0.486388	0.821637	0.532662	0.715689	-0.351452	0.278265	-0.939577	-1.10895	0.0275795	0.263558	0.117731	0.607365	-0.50336	-0.273586	0.760709	1.32406	0.481529	-0.812897	0.847019	0.846213	0.764671	0.639869	0.0707898	0.727668	0.343358	0.12313	
0.633109	0.344414	0.419062	0.65655	0.590045	0.476166	-0.199763	0.0643342	-0.844364	-1.29599	0.0181703	0.144987	0.475153	0.248944	-0.342808	-0.67892	0.705597	1.1415	0.43154	-0.928632	0.72222	0.702604	0.87209	0.4777	0.0641986	0.518065	0.626707	-0.0537732	
0.516472	0.328509	0.344139	0.488414	0.592017	0.136262	0.0190851	-0.267709	-0.62277	-1.44081	0.0545127	-0.0302224	0.737209	-0.130665	-0.0201845	-1.13481	0.66457	0.843762	0.271224	-0.972771	0.580903	0.542658	0.879521	0.209751	0.0765121	0.234286	0.866389	-0.274573	
0.442869	0.33899	0.278464	0.365325	0.534883	-0.241445	0.287531	-0.649522	-0.279201	-1.47601	0.11942	-0.221578	0.818667	-0.444311	0.422892	-1.53442	0.653883	0.52617	0.0532271	-0.884678	0.463121	0.409994	0.790208	-0.103825	0.0887158	-0.0783298	1.01573	-0.511904	
0.432033	0.395581	0.24499	0.308281	0.432451	-0.592782	0.572583	-1.00794	0.147825	-1.36905	0.199257	-0.372512	0.696536	-0.640565	0.912194	-1.77468	0.685747	0.271411	-0.174001	-0.645087	0.402829	0.334187	0.622197	-0.409864	0.0923229	-0.373553	1.059	-0.736335	
0.474882	0.508804	0.256366	0.309166	0.298474	-0.872769	0.82338	-1.29319	0.583089	-1.13444	0.283865	-0.437275	0.40994	-0.712366	1.34698	-1.80865	0.759659	0.111038	-0.385605	-0.294772	0.407854	0.320578	0.394911	-0.678598	0.0821101	-0.614446	1.00602	-0.91597	
0.535605	0.674358	0.304698	0.333732	0.138432	-1.06514	0.978805	-1.49465	0.930041	-0.844052	0.366609	-0.401277	0.0704286	-0.69965	1.63372	-1.64955	0.862176	0.00587225	-0.589973	0.0696665	0.451201	0.344046	0.120518	-0.91554	0.0618185	-0.780614	0.881701	-1.02178	
0.56774	0.865669	0.367416	0.340917	-0.0512633	-1.17646	0.992554	-1.6286	1.11058	-0.577392	0.440839	-0.285913	-0.195296	-0.675952	1.71121	-1.35596	0.967773	-0.120582	-0.809318	0.343275	0.484694	0.366193	-0.192553	-1.14169	0.0285481	-0.866385	0.71179	-1.03276	
0.525802	1.03728	0.403938	0.297427	-0.274498	-1.22459	0.849912	-1.72269	1.08815	-0.400279	0.493502	-0.143056	-0.272781	-0.693473	1.57705	-1.01704	1.039	-0.34393	-1.06169	0.449431	0.454609	0.345145	-0.532459	-1.3733	-0.0197201	-0.876943	0.520182	-0.941939	
0.38892	1.13344	0.37549	0.188099	-0.525365	-1.22015	0.586171	-1.78151	0.899679	-0.318949	0.502861	-0.0319478	-0.116918	-0.771157	1.28323	-0.695658	1.03786	-0.686869	-1.33002	0.388155	0.326305	0.255491	-0.870524	-1.59475	-0.0960652	-0.824426	0.321448	-0.753893	
0.166962	1.11114	0.263642	0.0290443	-0.77902	-1.16201	0.270251	-1.78204	0.626972	-0.29057	0.448172	-0.00253111	0.242993	-0.859112	0.915071	-0.41918	0.936252	-1.09698	-1.56271	0.223139	0.101375	0.0979719	-1.15873	-1.75898	-0.211141	-0.721426	0.12881	-0.490255	
-0.101733	0.957456	0.0790233	-0.15101	-0.990479	-1.04081	-0.00964628	-1.68539	0.3741	-0.249778	0.316779	-0.0667728	0.702723	-0.877634	0.574707	-0.171715	0.730374	-1.46635	-1.68948	0.058068	-0.179864	-0.102532	-1.33982	-1.80635	-0.356515	-0.58186	-0.0378126	-0.183066	
-0.363861	0.694471	-0.141077	-0.32043	-1.11321	-0.854395	-0.171684	-1.45667	0.239135	-0.13591	0.111823	-0.20246	1.11266	-0.747474	0.343475	0.0804295	0.443244	-1.67568	-1.64946	-0.00571947	-0.454187	-0.305722	-1.36592	-1.68862	-0.515954	-0.425735	-0.157636	0.129261	
-0.56752	0.38278	-0.342118	-0.455823	-1.11693	-0.62087	-0.169928	-1.0984	0.269161	0.061572	-0.138788	-0.365427	1.32858	-0.446031	0.269106	0.356167	0.126725	-1.6506	-1.42624	0.0786729	-0.656516	-0.472209	-1.22115	-1.40466	-0.653943	-0.279468	-0.203568	0.402598	
-0.676993	0.0953404	-0.475703	-0.555416	-1.00394	-0.383449	-0.0138262	-0.662551	0.448345	0.29235	-0.388792	-0.511506	1.26734	-0.0322853	0.345562	0.653119	-0.152582	-1.40035	-1.06113	0.281699	-0.744245	-0.575821	-0.932225	-1.00941	-0.734417	-0.175574	-0.167103	0.603291	
-0.681697	-0.0981268	-0.508165	-0.622603	-0.813688	-0.199859	0.244597	-0.246862	0.713298	0.461224	-0.584988	-0.613121	0.938517	0.390856	0.536177	0.912387	-0.329889	-1.01393	-0.648419	0.511952	-0.708973	-0.606958	-0.570404	-0.601805	-0.734395	-0.140879	-0.0521719	0.704198	
-0.598266	-0.170071	-0.448322	-0.680547	-0.613577	-0.129019	0.5249	0.0326623	0.976932	0.464453	-0.686774	-0.680021	0.447899	0.664633	0.780259	1.05926	-0.366882	-0.638038	-0.307409	0.648367	-0.581145	-0.579438	-0.231956	-0.298349	-0.648799	-0.197012	0.115313	0.700197	
-0.455651	-0.131525	-0.325437	-0.739076	-0.470407	-0.198787	0.75282	0.091682	1.16892	0.248406	-0.67479	-0.744259	-0.0432964	0.683388	1.02627	1.02681	-0.260042	-0.397684	-0.133206	0.607778	-0.406317	-0.514078	-0.002287	-0.180576	-0.501292	-0.341417	0.29186	0.597757	
-0.2889	-0.0291645	-0.189176	-0.801025	-0.427672	-0.392144	0.885793	-0.0892667	1.26035	-0.161382	-0.56307	-0.84151	-0.368087	0.419348	1.24238	0.792206	-0.0498502	-0.350567	-0.163612	0.381828	-0.234508	-0.433079	0.0698824	-0.267594	-0.331299	-0.547823	0.437656	0.423028	
-0.126208	0.0714993	-0.0888268	-0.859603	-0.48274	-0.646433	0.922954	-0.446663	1.27259	-0.653813	-0.389647	-0.991764	-0.419083	-0.0458388	1.41458	0.402241	0.194104	-0.458793	-0.3594	0.0480579	-0.0988616	-0.351775	-0.00299739	-0.500175	-0.187789	-0.770525	0.515922	0.218253	
0.017562	0.121994	-0.0503773	-0.894369	-0.591486	-0.870366	0.901946	-0.855708	1.25616	-1.07439	-0.209903	-1.18191	-0.177246	-0.547144	1.54935	-0.0459992	0.396305	-0.602567	-0.622479	-0.26139	-0.00769398	-0.274065	-0.15429	-0.767468	-0.10819	-0.954462	0.524795	0.0211945	
0.131354	0.097072	-0.082253	-0.902345	-0.680716	-0.984899	0.872695	-1.17956	1.25993	-1.28094	-0.0742215	-1.37509	0.279831	-0.91263	1.6576	-0.425981	0.493746	-0.648855	-0.836348	-0.420278	0.0456891	-0.203469	-0.288495	-0.952945	-0.0993732	-1.05978	0.483502	-0.130866	
0.213759	0.0175034	-0.154655	-0.878711	-0.680453	-0.946259	0.88436	-1.3149	1.31927	-1.18924	-0.00725621	-1.50695	0.80431	-1.00547	1.7481	-0.644884	0.466532	-0.497668	-0.908429	-0.346765	0.0813741	-0.138073	-0.318517	-0.973029	-0.147016	-1.06731	0.433127	-0.224071	
0.260446	-0.0768837	-0.236887	-0.839655	-0.558098	-0.775098	0.959175	-1.23876	1.43398	-0.810989	-0.0091363	-1.53039	1.23797	-0.818125	1.82431	-0.660463	0.332716	-0.148854	-0.813344	-0.0513193	0.108838	-0.0874706	-0.203489	-0.821727	-0.212376	-0.995053	0.416119	-0.263984	
0.271914	-0.139098	-0.289158	-0.803619	-0.325555	-0.544786	1.09119	-1.01166	1.58026	-0.238367	-0.0490896	-1.42551	1.45397	-0.447296	1.88352	-0.501644	0.149769	0.307955	-0.591801	0.382359	0.133998	-0.0619713	0.0397414	-0.561603	-0.251146	-0.885087	0.454747	-0.281123	
0.246849	-0.143482	-0.295004	-0.791755	-0.0472757	-0.358846	1.26104	-0.754084	1.74043	0.39462	-0.0920109	-1.21801	1.42952	-0.0704026	1.93609	-0.254505	-0.018642	0.720678	-0.33667	0.835981	0.145726	-0.0755211	0.335943	-0.303924	-0.237446	-0.796805	0.552112	-0.319599	
0.186731	-0.1039	-0.261787	-0.824874	0.191751	-0.313556	1.4554	-0.593937	1.93	0.981269	-0.106563	-0.978351	1.1965	0.11979	2.00387	-0.0171348	-0.124242	0.937599	-0.144925	1.22196	0.13084	-0.141795	0.584	-0.158663	-0.168916	-0.784175	0.677014	-0.416726	
0.0944172	-0.0660248	-0.222632	-0.914378	0.307788	-0.461076	1.68423	-0.611018	2.2105	1.48154	-0.0912364	-0.791754	0.879051	-0.00510348	2.12689	0.145828	-0.158983	0.875763	-0.0756757	1.53084	0.0759474	-0.267513	0.695839	-0.191201	-0.0787121	-0.881444	0.79367	-0.598185	
-0.0321353	-0.0928641	-0.237099	-1.07151	0.248406	-0.789404	1.97886	-0.804036	2.67216	1.94143	-0.0766626	-0.739349	0.591891	-0.442273	2.35115	0.228679	-0.164815	0.544124	-0.125486	1.839	-0.0324859	-0.454304	0.626995	-0.39829	-0.0218798	-1.09292	0.859384	-0.851065	
-0.193747	-0.232738	-0.35554	-1.29625	0.0153299	-1.22303	2.38351	-1.08215	3.40234	2.46837	-0.111645	-0.858301	0.42079	-1.06288	2.70525	0.291681	-0.210165	0.0524899	-0.221956	2.28477	-0.197984	-0.690924	0.397773	-0.703447	-0.0649078	-1.39005	0.854554	-1.13039	
-0.399256	-0.507074	-0.620714	-1.58615	-0.346245	-1.6552	2.92785	-1.30668	4.43531	3.16032	-0.259002	-1.14735	0.403617	-1.66706	3.19477	0.426705	-0.371624	-0.449673	-0.262433	2.9886	-0.424528	-0.965768	0.0816891	-0.996919	-0.255997	-1.72922	0.788118	-1.37148	
-0.65685	-0.891008	-1.03816	-1.93269	-0.75518	-1.98026	3.59491	-1.34233	5.70277	4.04773	-0.555504	-1.5554	0.477199	-2.05268	3.76929	0.714637	-0.693599	-0.830023	-0.153213	3.98477	-0.710192	-1.26078	-0.220385	-1.17414	-0.602553	-2.05695	0.691854	-1.50158	
-0.968561	-1.32514	-1.57518	-2.31133	-1.12422	-2.12556	4.31136	-1.10278	7.03099	5.0561	-1.00175	-2.00637	0.573913	-2.09168	4.34552	1.18184	-1.16901	-1.01378	0.150363	5.18139	-1.04782	-1.55313	-0.415063	-1.16989	-1.07327	-2.32905	0.615797	-1.46973	
-1.31913	-1.73523	-2.15557	-2.67912	-1.37903	-2.06638	4.94444	-0.582544	8.15537	6.00582	-1.54596	-2.4201	0.588109	-1.75656	4.79467	1.78117	-1.72944	-1.0109	0.622818	6.35741	-1.41397	-1.81624	-0.447523	-0.97693	-1.59257	-2.50842	0.597449	-1.25293	
-1.66959	-2.05722	-2.67446	-2.98089	-1.46997	-1.82939	5.33403	0.143689	8.78419	6.65621	-2.09568	-2.73202	0.491612	-1.16515	4.98768	2.41256	-2.26209	-0.886487	1.18207	7.2192	-1.7657	-2.01763	-0.309917	-0.639333	-2.05536	-2.57636	0.66248	-0.875747	
-1.96113	-2.25724	-3.02833	-3.15833	-1.38486	-1.46743	5.33089	0.952677	8.67131	6.78038	-2.54084	-2.91497	0.299373	-0.478657	4.82333	2.93508	-2.64561	-0.725013	1.71482	7.48348	-2.0406	-2.1223	-0.0408475	-0.226499	-2.35735	-2.52678	0.802618	-0.389557	
-2.11818	-2.32751	-3.12212	-3.16062	-1.13239	-1.03643	4.84594	1.72022	7.6934	6.25272	-2.77418	-2.95935	0.0701637	0.130652	4.25151	3.22925	-2.7757	-0.571624	2.12393	6.98225	-2.16059	-2.09355	0.299162	0.200929	-2.42088	-2.35765	0.983794	0.138134	
-2.07502	-2.28727	-2.90665	-2.96372	-0.746154	-0.580822	3.87799	2.35597	5.88916	5.08536	-2.73634	-2.88152	-0.0970996	0.543109	3.29789	3.23542	-2.60491	-0.416605	2.35674	5.70989	-2.05686	-1.90942	0.650651	0.609525	-2.21574	-2.07934	1.15636	0.642826	
-1.79588	-2.15101	-2.39537	-2.58552	-0.276903	-0.124912	2.51254	2.81416	3.44762	3.41945	-2.42092	-2.7003	-0.150273	0.744523	2.03878	2.95764	-2.15039	-0.214199	2.4075	3.82127	-1.6967	-1.56885	0.969269	0.987955	-1.76705	-1.7059	1.26506	1.08974	
-1.286	-1.92419	-1.6565	-2.07643	0.218377	0.318948	0.910115	3.08988	0.673491	1.49201	-1.88236	-2.43662	-0.039773	0.791422	0.611241	2.45282	-1.48239	0.100629	2.31293	1.59577	-1.09529	-1.0949	1.23531	1.34106	-1.15246	-1.26568	1.27088	1.46202	
-0.597744	-1.59181	-0.796961	-1.50522	0.673872	0.740582	-0.73444	3.19849	-2.08409	-0.438835	-1.21986	-2.10336	0.194543	0.792072	-0.837053	1.8064	-0.70041	0.556418	2.12202	-0.650185	-0.321401	-0.533245	1.44486	1.669	-0.484133	-0.793997	1.15054	1.7661	
0.186045	-1.1248	0.0681351	-0.938156	1.03366	1.11813	-2.23871	3.14549	-4.5157	-2.16826	-0.543824	-1.70529	0.483877	0.824682	-2.16855	1.09997	0.105849	1.12518	1.86865	-2.64821	0.51852	0.0598611	1.59751	1.94659	0.131718	-0.330952	0.90929	2.00123	
0.971212	-0.505768	0.835882	-0.416239	1.24962	1.42209	-3.47309	2.91794	-6.4157	-3.58857	0.0479437	-1.25516	0.72845	0.935119	-3.27736	0.374524	0.870795	1.7189	1.55567	-4.24268	1.30735	0.632076	1.68608	2.12902	0.607236	0.0875129	0.566659	2.16274	
1.68529	0.26019	1.45907	0.0624685	1.31113	1.62636	-4.37377	2.49902	-7.69974	-4.68279	0.503931	-0.76166	0.848104	1.10558	-4.11565	-0.353674	1.57454	2.23356	1.16587	-5.38981	1.95835	1.15295	1.69585	2.16954	0.908804	0.444458	0.157469	2.22448	
2.28789	1.12067	1.94081	0.529212	1.24088	1.71716	-4.94551	1.88233	-8.40602	-5.50467	0.819376	-0.246453	0.811881	1.26483	-4.6759	-1.07898	2.22546	2.5844	0.67998	-6.14686	2.43392	1.61354	1.61159	2.04165	1.05803	0.737423	-0.277097	2.14946	
2.7748	1.98907	2.32103	1.02277	1.09558	1.70789	-5.23742	1.10059	-8.65378	-6.13337	1.03049	0.260866	0.610422	1.34752	-4.988	-1.79664	2.83852	2.74236	0.10392	-6.61606	2.74961	2.02421	1.43283	1.75819	1.11856	0.984294	-0.692693	1.91415	
3.16829	2.75653	2.66052	1.56894	0.955383	1.63787	-5.32384	0.232603	-8.60098	-6.62543	1.19833	0.733892	0.302121	1.32222	-5.10457	-2.48751	3.41908	2.74772	-0.522639	-6.89443	2.96366	2.40261	1.17709	1.37563	1.1743	1.21311	-1.04708	1.5188	
3.49089	3.32423	2.9994	2.15237	0.890443	1.55973	-5.27341	-0.604308	-8.38891	-6.99357	1.37441	1.14802	-0.0617216	1.2027	-5.08189	-3.10421	3.93971	2.68312	-1.12483	-7.04012	3.13979	2.754	0.885825	0.981805	1.29134	1.44588	-1.309	1.01168	
3.75095	3.63443	3.34247	2.71419	0.945022	1.51777	-5.142	-1.28914	-8.12612	-7.2244	1.58475	1.48093	-0.416964	1.04016	-4.97481	-3.59474	4.35096	2.63062	-1.61987	-7.07602	3.31778	3.06297	0.608022	0.660042	1.50492	1.6895	-1.45224	0.4744	
3.93247	3.68289	3.64386	3.16589	1.10783	1.53066	-4.96878	-1.74456	-7.87105	-7.30114	1.81657	1.71548	-0.706602	0.897189	-4.82659	-3.9432	4.59236	2.62503	-1.95269	-7.00967	3.49363	3.29325	0.385776	0.460059	1.79117	1.92659	-1.47791	0.00877048	
4.00673	3.52027	3.83824	3.42692	1.33093	1.58748	-4.76981	-1.94763	-7.63307	-7.21356	2.02398	1.84663	-0.903992	0.812974	-4.66803	-4.15727	4.62429	2.65104	-2.10594	-6.83817	3.63002	3.40588	0.243446	0.387681	2.09103	2.12461	-1.3972	-0.301307	
3.94779	3.23947	3.86631	3.45873	1.53497	1.64869	-4.55711	-1.95566	-7.39777	-6.98824	2.15284	1.87899	-0.995236	0.778584	-4.52161	-4.29032	4.45106	2.63777	-2.12437	-6.58515	3.67396	3.37554	0.169969	0.396043	2.32216	2.24903	-1.24565	-0.418856	
3.75412	2.94691	3.69918	3.28366	1.64086	1.6651	-4.33771	-1.87856	-7.14031	-6.68181	2.15678	1.82568	-0.984403	0.741049	-4.39398	-4.41168	4.12446	2.50426	-2.09106	-6.29138	3.58736	3.20711	0.13224	0.408292	2.41326	2.27584	-1.07014	-0.366665	
3.46435	2.73282	3.37179	2.99342	1.60609	1.60352	-4.11657	-1.84045	-6.83685	-6.35066	2.02757	1.71678	-0.881415	0.640145	-4.29211	-4.5876	3.74122	2.20677	-2.10166	-5.99719	3.37897	2.949	0.0822958	0.351497	2.33463	2.21115	-0.917993	-0.226037	
3.14924	2.6508	2.96814	2.71665	1.43342	1.46021	-3.88742	-1.9316	-6.45813	-6.02109	1.79461	1.59529	-0.706445	0.421997	-4.20077	-4.83164	3.41024	1.77125	-2.22224	-5.71468	3.10457	2.67828	-0.0178934	0.185947	2.10517	2.08463	-0.829296	-0.109857	
2.89157	2.70349	2.6	2.57235	1.1754	1.25919	-3.63636	-2.17893	-5.98859	-5.68523	1.51948	1.49952	-0.505043	0.0834576	-4.09244	-5.10797	3.21811	1.28466	-2.46727	-5.42598	2.84706	2.47716	-0.181931	-0.0848983	1.79178	1.94438	-0.814046	-0.12444	
2.75437	2.85915	2.36425	2.63139	0.905458	1.04464	-3.34458	-2.54257	-5.41203	-5.29371	1.27642	1.46718	-0.316152	-0.33151	-3.94146	-5.34154	3.20301	0.862036	-2.79653	-5.08048	2.68451	2.40329	-0.398435	-0.419356	1.47114	1.84054	-0.868304	-0.329856	
2.74739	3.05001	2.29367	2.87683	0.685859	0.852698	-2.99418	-2.93075	-4.7246	-4.78391	1.1207	1.5081	-0.179432	-0.740312	-3.71846	-5.42412	3.33038	0.590035	-3.13039	-4.61961	2.64402	2.45926	-0.633629	-0.760327	1.21779	1.79806	-0.961496	-0.714349	
2.82063	3.2096	2.35229	3.21397	0.541301	0.696568	-2.57786	-3.24442	-3.93542	-4.11413	1.07399	1.60704	-0.12937	-1.05968	-3.41062	-5.27846	3.51106	0.480611	-3.38337	-4.00848	2.68728	2.59106	-0.852916	-1.06162	1.05974	1.81256	-1.05612	-1.19903	
2.87307	3.28466	2.43255	3.49432	0.443191	0.552937	-2.10664	-3.41159	-3.07062	-3.29278	1.10851	1.72349	-0.176619	-1.23973	-3.0189	-4.87373	3.62414	0.455068	-3.49581	-3.26048	2.71292	2.69738	-1.03123	-1.30915	0.974766	1.84361	-1.1225	-1.66284	
2.78771	3.23929	2.39686	3.57004	0.330222	0.381781	-1.61075	-3.4089	-2.17731	-2.38191	1.15965	1.80288	-0.330463	-1.25938	-2.57486	-4.245	3.55588	0.37207	-3.4515	-2.43751	2.59543	2.66832	-1.16376	-1.51731	0.901621	1.84099	-1.14313	-1.97703	
2.4719	3.07229	2.12846	3.34948	0.13189	0.14137	-1.12982	-3.25734	-1.30709	-1.47404	1.14521	1.80253	-0.56644	-1.16998	-2.11805	-3.47083	3.23928	0.0901085	-3.2727	-1.62598	2.2316	2.42171	-1.26485	-1.71555	0.762401	1.75815	-1.12237	-2.0537	
1.89141	2.80219	1.57317	2.82231	-0.200127	-0.190027	-0.711054	-3.015	-0.522752	-0.680585	0.997277	1.69356	-0.844481	-1.03024	-1.69822	-2.66072	2.66743	-0.481795	-3.01588	-0.92346	1.57978	1.93185	-1.35707	-1.9327	0.500422	1.57414	-1.07991	-1.86673	
1.0928	2.47325	0.773401	2.07632	-0.658125	-0.585649	-0.384599	-2.7338	0.13226	-0.0698057	0.687085	1.49389	-1.1314	-0.905355	-1.35706	-1.90866	1.90713	-1.31608	-2.73121	-0.38129	0.694985	1.25019	-1.45546	-2.16414	0.0997445	1.30848	-1.04376	-1.45968	
0.187719	2.12825	-0.153648	1.2579	-1.18426	-0.984229	-0.162205	-2.44551	0.630101	0.336345	0.235603	1.24684	-1.39537	-0.822971	-1.11647	-1.2714	1.06748	-2.27986	-2.45396	-0.0075976	-0.29361	0.48426	-1.55547	-2.37402	-0.40016	1.0095	-1.03281	-0.927128	
-0.67453	1.80906	-1.03817	0.531708	-1.68065	-1.29939	-0.0335832	-2.14902	0.965398	0.575146	-0.289949	1.02118	-1.61944	-0.780951	-0.971416	-0.763272	0.276309	-3.16488	-2.18828	0.241518	-1.21245	-0.228567	-1.6352	-2.50098	-0.919423	0.743719	-1.05442	-0.386339	
-1.35444	1.5528	-1.71591	0.0270211	-2.04843	-1.46099	0.0280959	-1.82233	1.1567	0.719338	-0.796192	0.878084	-1.79359	-0.761041	-0.903198	-0.363667	-0.354716	-3.76491	-1.91929	0.433342	-1.90136	-0.767872	-1.66209	-2.48688	-1.36393	0.563751	-1.10067	0.0584051	
-1.76198	1.37722	-2.08739	-0.202166	-2.22834	-1.43456	0.0442667	-1.45116	1.22228	0.832703	-1.19341	0.842816	-1.91737	-0.724783	-0.888402	-0.0399776	-0.761726	-3.95547	-1.63518	0.61475	-2.26532	-1.06428	-1.61102	-2.30476	-1.65588	0.496315	-1.15879	0.351048	
-1.87853	1.28717	-2.139	-0.182631	-2.21454	-1.24289	0.0314644	-1.04483	1.18616	0.952191	-1.42343	0.906056	-1.97698	-0.680489	-0.905918	0.233032	-0.934623	-3.73069	-1.3395	0.797873	-2.29831	-1.11626	-1.4782	-1.9748	-1.76027	0.524373	-1.20951	0.480968	
-1.75616	1.26969	-1.94361	-0.0133739	-2.06224	-0.962694	-0.0143235	-0.65651	1.05815	1.0548	-1.4704	1.01075	-1.9588	-0.64228	-0.95504	0.445783	-0.916057	-3.21808	-1.0687	0.932183	-2.07963	-0.986398	-1.28473	-1.57107	-1.699	0.598868	-1.24155	0.48318	
-1.49461	1.29646	-1.62988	0.182345	-1.85563	-0.68807	-0.1032	-0.35616	0.850486	1.09425	-1.36861	1.08348	-1.85391	-0.641713	-1.03612	0.590265	-0.78157	-2.61349	-0.870914	0.951554	-1.7379	-0.772422	-1.07494	-1.18967	-1.52872	0.660824	-1.25562	0.418838	
-1.20484	1.3353	-1.33487	0.29761	-1.67762	-0.504621	-0.241953	-0.213325	0.579491	1.01445	-1.18191	1.0519	-1.65952	-0.710019	-1.16098	0.649045	-0.615862	-2.11655	-0.795591	0.793015	-1.40549	-0.574439	-0.895427	-0.921383	-1.32643	0.659806	-1.25195	0.34863	
-0.981024	1.35172	-1.16085	0.266094	-1.57955	-0.456837	-0.423645	-0.267823	0.274292	0.787743	-0.980561	0.88324	-1.39428	-0.839628	-1.31799	0.619623	-0.493083	-1.86239	-0.868489	0.437494	-1.18051	-0.465151	-0.781977	-0.822385	-1.15317	0.574336	-1.23858	0.315829	
-0.877776	1.31635	-1.14574	0.0806107	-1.55838	-0.53619	-0.610813	-0.502364	-0.00777553	0.446484	-0.822468	0.589336	-1.10998	-0.987573	-1.47782	0.540044	-0.462402	-1.87599	-1.07264	-0.0588268	-1.10036	-0.474486	-0.743748	-0.890031	-1.04193	0.415333	-1.21185	0.338668	
-0.905807	1.20674	-1.26596	-0.221526	-1.57332	-0.689131	-0.748648	-0.846562	-0.201473	0.0731806	-0.731281	0.221932	-0.868729	-1.08141	-1.58332	0.460621	-0.543334	-2.08117	-1.35056	-0.584088	-1.14624	-0.590148	-0.758618	-1.07001	-0.991048	0.220865	-1.1617	0.410143	
-1.04606	1.00805	-1.45929	-0.580652	-1.56302	-0.842742	-0.773669	-1.1939	-0.236142	-0.212086	-0.704271	-0.140479	-0.730008	-1.05692	-1.56542	0.453272	-0.73267	-2.34496	-1.61929	-0.990245	-1.26889	-0.776539	-0.789742	-1.27795	-0.972801	0.0355249	-1.07314	0.508711	
-1.25993	0.724407	-1.64715	-0.939988	-1.47862	-0.938733	-0.635246	-1.43943	-0.0612588	-0.300252	-0.709524	-0.430501	-0.727942	-0.894961	-1.3687	0.560568	-1.00563	-2.5352	-1.79702	-1.1485	-1.41	-0.992105	-0.792463	-1.43078	-0.955677	-0.110755	-0.930785	0.602781	
-1.51356	0.367468	-1.78159	-1.26917	-1.31489	-0.956127	-0.324366	-1.51858	0.327421	-0.137109	-0.710682	-0.617026	-0.858456	-0.625037	-0.965403	0.797591	-1.33138	-2.58392	-1.83454	-0.999363	-1.53671	-1.21074	-0.742956	-1.48129	-0.918358	-0.214249	-0.738574	0.672209	
-1.77627	-0.0351614	-1.84909	-1.56133	-1.10475	-0.915727	0.121143	-1.42461	0.878647	0.252542	-0.682094	-0.716503	-1.06724	-0.349668	-0.391896	1.12589	-1.67474	-2.49854	-1.72764	-0.574264	-1.64021	-1.42247	-0.640587	-1.42639	-0.867656	-0.297771	-0.509184	0.70391	
-2.02868	-0.454443	-1.87208	-1.83594	-0.911926	-0.871153	0.621806	-1.20907	1.4944	0.77142	-0.614804	-0.781985	-1.26317	-0.19742	0.273226	1.46073	-2.0026	-2.35694	-1.51185	0.0117018	-1.7353	-1.63261	-0.505533	-1.30813	-0.825324	-0.402748	-0.273765	0.691356	
-2.25666	-0.85893	-1.89141	-2.11199	-0.797283	-0.878152	1.07922	-0.950963	2.0567	1.28606	-0.525798	-0.887453	-1.36064	-0.270876	0.916283	1.72468	-2.28876	-2.25708	-1.24252	0.606921	-1.84031	-1.84943	-0.371805	-1.18364	-0.820302	-0.565317	-0.0713253	0.641008	
-2.44122	-1.20858	-1.93665	-2.39097	-0.794745	-0.967141	1.40536	-0.723552	2.45656	1.66751	-0.4393	-1.09288	-1.28305	-0.617709	1.42311	1.84043	-2.50868	-2.26331	-0.969252	1.06742	-1.95752	-2.06685	-0.263115	-1.09767	-0.868829	-0.802753	0.0677899	0.560508	
-2.56497	-1.47168	-2.01798	-2.65939	-0.894843	-1.1321	1.54179	-0.570851	2.61721	1.82649	-0.381766	-1.41388	-1.02324	-1.18586	1.70703	1.77727	-2.64682	-2.38636	-0.720505	1.29464	-2.07178	-2.2663	-0.187964	-1.06856	-0.96274	-1.10144	0.124522	0.463762	
-2.60685	-1.62593	-2.11115	-2.8828	-1.03983	-1.32678	1.48477	-0.482143	2.52519	1.74921	-0.36957	-1.81601	-0.623439	-1.84318	1.73639	1.56034	-2.69479	-2.55893	-0.488289	1.27377	-2.14585	-2.41265	-0.131321	-1.06931	-1.07261	-1.41988	0.107707	0.364172	
-2.5514	-1.66352	-2.17152	-3.01733	-1.15201	-1.48411	1.27828	-0.406506	2.22473	1.49246	-0.401245	-2.21981	-0.177166	-2.40972	1.54704	1.25233	-2.65111	-2.67088	-0.241377	1.06178	-2.1371	-2.4679	-0.0634693	-1.04532	-1.14823	-1.70047	0.0421462	0.27326	
-2.39074	-1.58578	-2.14665	-3.02088	-1.15342	-1.53888	0.996155	-0.275431	1.79986	1.15573	-0.458292	-2.52637	0.19158	-2.7238	1.20877	0.943495	-2.51967	-2.60506	0.0552826	0.762936	-2.01084	-2.40101	0.0453126	-0.934748	-1.14091	-1.88417	-0.035862	0.199621	
-2.13071	-1.41089	-2.00215	-2.87471	-0.996993	-1.4574	0.72042	-0.044776	1.34821	0.841778	-0.513377	-2.65554	0.379878	-2.70169	0.821509	0.70632	-2.30958	-2.29506	0.413989	0.478681	-1.75836	-2.20249	0.213616	-0.702577	-1.01745	-1.93559	-0.0884379	0.143373	
-1.79257	-1.16733	-1.733	-2.58529	-0.682344	-1.25351	0.509571	0.277636	0.946159	0.61363	-0.533673	-2.57078	0.343	-2.36217	0.475164	0.579882	-2.03389	-1.74834	0.806998	0.272001	-1.3969	-1.89059	0.432692	-0.360417	-0.77268	-1.85204	-0.0899863	0.093852	
-1.40572	-0.889894	-1.36741	-2.18806	-0.258014	-0.976868	0.387299	0.630828	0.63469	0.481132	-0.498859	-2.29757	0.102741	-1.81494	0.227892	0.562749	-1.7095	-1.04681	1.16935	0.149084	-0.968737	-1.50405	0.669085	0.0326922	-0.437586	-1.66155	-0.0326749	0.0409213	
-1.00327	-0.615453	-0.950988	-1.735	0.208559	-0.701575	0.352211	0.915642	0.423885	0.411942	-0.399444	-1.90707	-0.253315	-1.23697	0.108296	0.598743	-1.354	-0.315451	1.42442	0.0781752	-0.522718	-1.09485	0.882655	0.387937	-0.0507511	-1.41812	0.0815908	-0.0423408	
-0.619184	-0.380202	-0.541003	-1.28707	0.646208	-0.496058	0.383835	1.03529	0.304796	0.353641	-0.241927	-1.50125	-0.594619	-0.794382	0.114352	0.625802	-0.990382	0.319194	1.50948	0.0124508	-0.107309	-0.715421	1.03503	0.617913	0.332995	-1.18257	0.239008	-0.174331	
-0.280379	-0.207843	-0.186179	-0.89573	0.998926	-0.402268	0.462814	0.929379	0.267122	0.263066	-0.0480081	-1.1751	-0.787241	-0.592151	0.240246	0.576881	-0.643323	0.768473	1.39997	-0.0829034	0.243644	-0.405542	1.10892	0.666394	0.669272	-1.0078	0.422556	-0.364972	
-0.00575857	-0.110146	0.08487	-0.598294	1.24442	-0.42519	0.575773	0.598719	0.305075	0.121624	0.159119	-0.98784	-0.736792	-0.657566	0.46541	0.410619	-0.336409	1.00756	1.12391	-0.211355	0.514231	-0.18714	1.11264	0.528665	0.925841	-0.92627	0.614251	-0.613645	
0.195695	-0.0911589	0.259792	-0.415896	1.38778	-0.534286	0.718525	0.108316	0.417693	-0.0563687	0.34646	-0.954162	-0.423403	-0.922929	0.770678	0.132069	-0.0916945	1.06655	0.749573	-0.351726	0.701051	-0.0614964	1.07511	0.252926	1.08437	-0.942489	0.800541	-0.895401	
0.330461	-0.136494	0.352123	-0.339905	1.45614	-0.677031	0.895158	-0.429875	0.61196	-0.227333	0.49369	-1.03298	0.109505	-1.274	1.13293	-0.225619	0.0817531	1.02732	0.369225	-0.454015	0.820615	-0.00997311	1.03472	-0.0698316	1.14966	-1.03719	0.968875	-1.18185	
0.417326	-0.220352	0.385772	-0.344171	1.4776	-0.7922	1.09283	-0.892883	0.870382	-0.350654	0.582881	-1.15619	0.72628	-1.57136	1.50896	-0.583541	0.18786	0.978853	0.0637817	-0.482149	0.893316	0.0005652	1.01913	-0.340066	1.12741	-1.16521	1.09528	-1.42684	
0.486751	-0.309204	0.395401	-0.384718	1.48071	-0.834114	1.2889	-1.18695	1.15355	-0.400558	0.610029	-1.24926	1.27192	-1.72493	1.84193	-0.875181	0.248982	0.993774	-0.119179	-0.422499	0.947537	0.0108612	1.04121	-0.478929	1.04438	-1.27597	1.16602	-1.59723	
0.567902	-0.378446	0.408973	-0.419643	1.48073	-0.779985	1.43909	-1.2732	1.39306	-0.384661	0.581838	-1.25821	1.61344	-1.69483	2.06083	-1.04405	0.294777	1.10354	-0.180197	-0.299926	1.00655	0.0552135	1.08653	-0.454587	0.923598	-1.32328	1.16781	-1.66892	
0.682855	-0.409328	0.449202	-0.409566	1.47809	-0.630756	1.49867	-1.16853	1.51757	-0.330027	0.509574	-1.16326	1.6658	-1.48739	2.11094	-1.06532	0.35363	1.29745	-0.157685	-0.15908	1.088	0.15653	1.12371	-0.285004	0.795097	-1.27262	1.0966	-1.63148	
0.834401	-0.402284	0.527186	-0.335622	1.47113	-0.404508	1.44161	-0.927766	1.48068	-0.262439	0.411963	-0.980913	1.42519	-1.15844	1.96841	-0.945937	0.441416	1.53611	-0.101622	-0.0378884	1.19627	0.316626	1.12042	-0.0244204	0.690809	-1.11492	0.964758	-1.49644	
0.999209	-0.376331	0.637093	-0.201704	1.4587	-0.1312	1.27307	-0.617957	1.27698	-0.19631	0.302718	-0.757396	0.967283	-0.757087	1.66415	-0.721945	0.551089	1.7637	-0.052149	0.0448854	1.31647	0.515155	1.05543	0.255701	0.633413	-0.863367	0.803778	-1.28301	
1.13195	-0.363922	0.755023	-0.037915	1.43506	0.154649	1.03963	-0.290862	0.965955	-0.11303	0.192702	-0.542881	0.433906	-0.328983	1.28179	-0.440508	0.65034	1.9269	-0.0204388	0.111698	1.41668	0.709293	0.92786	0.492824	0.634234	-0.554962	0.655569	-1.01744	
1.1777	-0.404003	0.842083	0.104783	1.39819	0.42104	0.809938	0.0286472	0.643355	0.0153211	0.0806399	-0.381758	-0.034498	0.105017	0.934817	-0.13929	0.690255	1.98776	0.013504	0.203918	1.45201	0.84543	0.758581	0.651846	0.67752	-0.240406	0.556389	-0.722584	
1.09313	-0.518867	0.858186	0.174907	1.34721	0.639267	0.658812	0.341311	0.415668	0.22235	-0.0364526	-0.296434	-0.326499	0.521151	0.728811	0.147642	0.626436	1.93225	0.0898986	0.368287	1.38247	0.87565	0.587326	0.731691	0.739219	0.0281885	0.53788	-0.422147	
0.863136	-0.714483	0.768806	0.132801	1.28192	0.789781	0.637647	0.66089	0.365711	0.523017	-0.166948	-0.283514	-0.389726	0.905924	0.724358	0.41333	0.432088	1.77239	0.24589	0.632952	1.18485	0.772302	0.45361	0.758431	0.780832	0.209427	0.606498	-0.133817	
0.515455	-0.963649	0.56793	-0.025844	1.20547	0.86065	0.758236	0.993614	0.520858	0.895898	-0.311932	-0.320252	-0.231532	1.23682	0.929005	0.654528	0.117718	1.54705	0.498125	0.989184	0.87134	0.54428	0.387163	0.770406	0.769969	0.286074	0.744885	0.119544	
0.115506	-1.22479	0.282036	-0.271494	1.12429	0.855801	0.98707	1.32694	0.842041	1.29058	-0.465329	-0.376924	0.0862119	1.47653	1.27694	0.886794	-0.266911	1.30934	0.829621	1.38857	0.489591	0.236337	0.398478	0.801654	0.690061	0.265802	0.923371	0.318057	
-0.245976	-1.44737	-0.0244104	-0.534698	1.05724	0.792838	1.26325	1.62965	1.24629	1.6395	-0.609304	-0.42289	0.487832	1.61466	1.66749	1.10338	-0.639229	1.13185	1.19746	1.7671	0.118717	-0.0745036	0.477335	0.873375	0.554157	0.180405	1.10505	0.434889	
-0.484781	-1.59028	-0.267323	-0.732494	1.02347	0.700982	1.52336	1.85981	1.63905	1.89028	-0.716361	-0.43794	0.902375	1.65407	2.00193	1.2934	-0.912445	1.0765	1.54419	2.06837	-0.154812	-0.306637	0.597113	0.985373	0.407559	0.0749272	1.26516	0.447417	
-0.544475	-1.63938	-0.363881	-0.78688	1.04249	0.618095	1.72355	1.9905	1.95056	2.02398	-0.761423	-0.415729	1.27875	1.63246	2.21817	1.44656	-1.0175	1.19111	1.82332	2.27014	-0.2604	-0.391157	0.725551	1.12814	0.303095	-0.00610696	1.38724	0.345866	
-0.414715	-1.60544	-0.256353	-0.649375	1.12576	0.577517	1.85675	2.02224	2.1577	2.06714	-0.72788	-0.362688	1.60749	1.60156	2.32127	1.5392	-0.920917	1.49302	2.01413	2.39176	-0.163515	-0.293717	0.836803	1.28626	0.290028	-0.0313569	1.47381	0.130864	
-0.135848	-1.524	0.0573949	-0.323161	1.26497	0.59946	1.94365	1.98167	2.28358	2.07351	-0.62335	-0.290913	1.88199	1.61882	2.3526	1.56658	-0.643185	1.94801	2.11933	2.4785	0.115038	-0.0303328	0.912709	1.44271	0.387849	0.00961302	1.53317	-0.165763	
0.220975	-1.42588	0.525148	0.138989	1.43165	0.67844	2.01052	1.90834	2.36519	2.08493	-0.471178	-0.214667	2.09706	1.70705	2.3777	1.52637	-0.242679	2.47808	2.15698	2.56483	0.511592	0.34138	0.94664	1.58136	0.576825	0.102333	1.56727	-0.498392	
0.576142	-1.33214	1.04778	0.646342	1.58349	0.794005	2.07091	1.83971	2.42453	2.11728	-0.315011	-0.144575	2.20323	1.85056	2.43486	1.4388	0.199553	2.97282	2.14462	2.65321	0.93511	0.739052	0.942388	1.68691	0.800774	0.220979	1.57433	-0.800712	
0.870081	-1.22335	1.50598	1.10635	1.67071	0.910409	2.10137	1.79061	2.4402	2.13473	-0.203013	-0.0794412	2.12626	1.99581	2.50569	1.32091	0.609563	3.31548	2.08618	2.69796	1.29429	1.08326	0.904368	1.74094	0.978489	0.339734	1.53005	-1.00785	
1.07412	-1.05891	1.79662	1.44218	1.65693	0.989543	2.05464	1.74137	2.35282	2.06083	-0.171416	-0.0146458	1.79899	2.06658	2.52878	1.17956	0.937085	3.40887	1.96303	2.61481	1.52299	1.31666	0.83615	1.71692	1.03734	0.440498	1.41616	-1.07418	
1.19445	-0.785255	1.86027	1.62219	1.52066	1.00891	1.86468	1.64937	2.07752	1.80781	-0.237242	0.06264	1.18155	2.00374	2.40527	1.02555	1.1663	3.2054	1.7469	2.31252	1.59226	1.42029	0.735367	1.59136	0.92864	0.525331	1.21435	-0.974177	
1.26027	-0.357458	1.70421	1.66646	1.27258	0.965056	1.48577	1.46766	1.55395	1.32015	-0.386714	0.169222	0.322645	1.78941	2.05904	0.835518	1.31717	2.72623	1.41658	1.7404	1.51905	1.41433	0.597467	1.35033	0.650849	0.608736	0.921785	-0.726362	
