-0.564891	-1.04893	-0.805218	-1.21649	0.125609	0.653323	0.441601	0.952008	0.235317	1.42025	-0.221884	-0.670687	0.513286	-0.0807638	-0.352146	0.77329	-0.669561	0.203996	1.21796	1.00464	-0.567625	-0.595042	1.66841	1.18379	-0.0549833	-0.396059	0.583409	0.612731	
-0.289457	-0.788226	-0.507724	-0.930003	0.40992	0.757522	0.675774	0.788106	0.40986	1.14356	-0.132545	-0.505304	0.665119	0.0308647	-0.071995	0.621471	-0.378575	0.295234	1.21666	0.946012	-0.394711	-0.399504	1.78249	1.22214	0.144174	-0.218078	0.904999	0.625241	
0.0273499	-0.355978	-0.0864414	-0.527131	0.690625	0.799193	0.780268	0.535325	0.41473	0.642237	0.0263603	-0.225782	0.810629	0.160356	0.286674	0.429493	-0.00161612	0.350768	1.09224	0.659074	-0.120195	-0.187181	1.7457	1.11646	0.35818	0.0229518	1.15459	0.575082	
0.320309	0.156333	0.369776	-0.0842682	0.916319	0.755622	0.756616	0.241658	0.266211	0.00274333	0.237775	0.10126	0.930499	0.257759	0.67508	0.221421	0.381129	0.378296	0.894568	0.193078	0.192768	0.015639	1.60524	0.884181	0.550155	0.261871	1.3081	0.455164	
0.52809	0.628797	0.753534	0.303014	1.04132	0.628395	0.655154	-0.0312745	0.0471936	-0.63172	0.444135	0.389499	0.975226	0.266476	1.03616	0.0251568	0.68172	0.380792	0.686336	-0.334065	0.44331	0.170698	1.41895	0.573979	0.679339	0.431327	1.36644	0.276808	
0.603135	0.939131	0.966058	0.545019	1.03157	0.430614	0.546204	-0.224095	-0.120289	-1.10008	0.585955	0.554892	0.913485	0.163395	1.30544	-0.121555	0.826538	0.363883	0.528409	-0.761695	0.543286	0.241395	1.23439	0.251474	0.707788	0.470405	1.33234	0.0662858	
0.540824	1.02938	0.965324	0.60003	0.899122	0.193516	0.488181	-0.2982	-0.139051	-1.28634	0.624909	0.553561	0.738599	-0.0450893	1.42377	-0.198179	0.791616	0.33474	0.456784	-0.957122	0.458385	0.210879	1.07919	-0.018941	0.638293	0.356461	1.21492	-0.142648	
0.383135	0.915859	0.777861	0.484575	0.692742	-0.040352	0.511029	-0.244898	0.0339546	-1.15417	0.567958	0.402359	0.484303	-0.30778	1.36459	-0.190505	0.609989	0.310383	0.481193	-0.855486	0.231651	0.0960654	0.963112	-0.185339	0.5024	0.118381	1.0339	-0.311942	
0.20498	0.678214	0.497427	0.266283	0.492121	-0.235474	0.599164	-0.0906652	0.35917	-0.764375	0.472223	0.162881	0.220651	-0.551339	1.13565	-0.108351	0.362656	0.315541	0.584041	-0.49045	-0.0223715	-0.0551655	0.882804	-0.228489	0.363261	-0.179487	0.809475	-0.413945	
0.0874134	0.437836	0.245021	0.038015	0.37113	-0.363137	0.7016	0.103504	0.725144	-0.25808	0.398985	-0.0750593	0.0149271	-0.714563	0.788024	0.00401385	0.146525	0.361166	0.719995	0.01049	-0.184016	-0.186882	0.822225	-0.171403	0.276507	-0.445014	0.569159	-0.444119	
0.0802218	0.291724	0.121745	-0.11994	0.372122	-0.424552	0.754712	0.264648	0.998689	0.197936	0.401618	-0.236786	-0.0855215	-0.759229	0.39395	0.0942792	0.0327229	0.446612	0.835248	0.478936	-0.164358	-0.253507	0.76322	-0.0721897	0.276666	-0.607126	0.337859	-0.423299	
0.181383	0.284348	0.167007	-0.163536	0.48976	-0.430593	0.714871	0.334383	1.07485	0.474161	0.490791	-0.276749	-0.0816176	-0.694439	0.0418676	0.108952	0.0391364	0.541407	0.882578	0.765978	0.033062	-0.247164	0.690132	-0.00369689	0.356288	-0.622509	0.145731	-0.383456	
0.334478	0.381338	0.338418	-0.100077	0.669199	-0.397651	0.580403	0.291632	0.928596	0.519853	0.628325	-0.199326	-0.00966948	-0.554161	-0.188008	0.0296952	0.12059	0.607464	0.843626	0.796674	0.32064	-0.188682	0.59941	-0.0120064	0.466507	-0.494319	0.0171159	-0.350667	
0.448979	0.492082	0.52952	0.0219379	0.833506	-0.336861	0.391163	0.16695	0.617723	0.383426	0.74055	-0.0504411	0.053289	-0.38827	-0.253384	-0.122217	0.186915	0.608631	0.731532	0.601894	0.557803	-0.122446	0.496844	-0.104118	0.548104	-0.266137	-0.0371988	-0.329382	
0.43299	0.519146	0.608323	0.133879	0.895819	-0.239366	0.210814	0.023711	0.259576	0.179642	0.744896	0.108037	0.053179	-0.24929	-0.148806	-0.291141	0.138038	0.51593	0.579478	0.289168	0.588071	-0.10305	0.387888	-0.246681	0.540613	0.00479903	-0.0179497	-0.301694	
0.223103	0.392064	0.468694	0.169445	0.79207	-0.0981487	0.100387	-0.0640432	-0.00673438	0.0424632	0.593435	0.219503	-0.0398016	-0.164979	0.0858902	-0.395084	-0.101078	0.324891	0.428296	0.00962043	0.31964	-0.172845	0.270112	-0.383433	0.413605	0.252488	0.0466751	-0.234678	
-0.179837	0.120303	0.0817616	0.0965798	0.50205	0.09562	0.0839758	-0.0450341	-0.0926975	0.0640129	0.289078	0.264522	-0.20959	-0.132367	0.380102	-0.373026	-0.535705	0.0567021	0.305628	-0.121286	-0.243916	-0.345195	0.132631	-0.462194	0.169993	0.438472	0.113335	-0.0978839	
-0.702994	-0.224747	-0.485202	-0.0742052	0.0637964	0.327792	0.151738	0.0899137	0.0322955	0.257102	-0.0917531	0.254306	-0.395851	-0.11586	0.655123	-0.193014	-1.0969	-0.230245	0.224702	-0.0507479	-0.968091	-0.581954	-0.0313723	-0.442716	-0.136206	0.541972	0.135367	0.117759	
-1.21705	-0.5276	-1.0806	-0.292379	-0.434919	0.565018	0.252321	0.303197	0.307489	0.559007	-0.433657	0.230481	-0.523304	-0.0710513	0.839991	0.127239	-1.65026	-0.460724	0.177477	0.186065	-1.63881	-0.812058	-0.219747	-0.320987	-0.422454	0.572857	0.0792271	0.394152	
-1.57648	-0.673472	-1.52231	-0.489595	-0.889289	0.758144	0.319624	0.51396	0.616072	0.855252	-0.626619	0.232359	-0.538452	0.0293294	0.895661	0.515035	-2.04218	-0.567726	0.138208	0.479465	-2.04111	-0.954488	-0.417616	-0.128248	-0.615132	0.556732	-0.0646482	0.677763	
-1.67654	-0.608951	-1.66943	-0.611942	-1.20278	0.845305	0.298526	0.63369	0.829873	1.02982	-0.616024	0.268901	-0.448455	0.183328	0.804354	0.866703	-2.15885	-0.511644	0.0756879	0.706107	-2.02613	-0.948738	-0.598977	0.0749198	-0.673602	0.508509	-0.282058	0.891628	
-1.48406	-0.357304	-1.47014	-0.632043	-1.31467	0.791731	0.158902	0.599355	0.837661	1.01115	-0.421029	0.324901	-0.310209	0.350612	0.576796	1.07779	-1.96216	-0.301709	-0.0316919	0.751936	-1.58415	-0.78242	-0.730032	0.225983	-0.597615	0.442093	-0.529199	0.967191	
-1.05628	-0.0264884	-0.993128	-0.561261	-1.20744	0.594328	-0.0739161	0.410864	0.616891	0.803979	-0.129041	0.357062	-0.206671	0.479389	0.250726	1.09718	-1.51324	0.021178	-0.170805	0.587034	-0.825458	-0.48301	-0.76856	0.301087	-0.434623	0.353175	-0.748656	0.873157	
-0.513216	0.245276	-0.396125	-0.435244	-0.90651	0.309336	-0.344973	0.142149	0.206544	0.484512	0.135191	0.323783	-0.209658	0.527586	-0.128339	0.937803	-0.940705	0.399398	-0.293015	0.251288	0.0481978	-0.110059	-0.675357	0.320588	-0.2532	0.246077	-0.882253	0.640194	
-0.0089629	0.331129	0.119014	-0.313305	-0.475919	0.0218885	-0.560629	-0.0926583	-0.261497	0.170756	0.256574	0.185752	-0.337558	0.466181	-0.493109	0.669675	-0.415587	0.762241	-0.32623	-0.131978	0.808762	0.260874	-0.42926	0.343444	-0.123017	0.119396	-0.883548	0.342688	
0.31542	0.161828	0.379096	-0.256433	-0.00376924	-0.180133	-0.643889	-0.176528	-0.645612	-0.0312518	0.162881	-0.0663098	-0.555886	0.296096	-0.779309	0.395316	-0.089514	1.04623	-0.205274	-0.429663	1.27498	0.549303	-0.0419614	0.428943	-0.0935059	-0.0260988	-0.736411	0.0788028	
0.383867	-0.238168	0.302682	-0.30637	0.418823	-0.23355	-0.548758	-0.0408842	-0.826597	-0.0679188	-0.138754	-0.408258	-0.793823	0.0417689	-0.920933	0.198798	-0.0452683	1.20871	0.103288	-0.545681	1.36102	0.695663	0.441797	0.611887	-0.182235	-0.182391	-0.455294	-0.0665193	
0.205145	-0.768349	-0.0733892	-0.472921	0.726441	-0.137158	-0.266871	0.312216	-0.726939	0.0386698	-0.567005	-0.797054	-0.956197	-0.244778	-0.873543	0.121574	-0.26892	1.24731	0.588	-0.431319	1.12522	0.687355	0.962096	0.892396	-0.370754	-0.349204	-0.0889474	-0.0576731	
-0.12555	-1.28228	-0.601613	-0.727382	0.889898	0.059286	0.157775	0.802037	-0.358574	0.215303	-0.998973	-1.17795	-0.972726	-0.516863	-0.629289	0.146536	-0.654345	1.18685	1.18011	-0.119704	0.718446	0.550921	1.44995	1.22355	-0.599338	-0.521944	0.298678	0.0849074	
-0.465654	-1.63834	-1.0844	-1.01497	0.918439	0.258808	0.658135	1.29115	0.212139	0.366172	-1.31962	-1.51457	-0.833685	-0.737886	-0.219263	0.208598	-1.04509	1.07376	1.76877	0.312952	0.339557	0.350475	1.84653	1.5342	-0.810998	-0.704486	0.640969	0.28772	
-0.673045	-1.74614	-1.34366	-1.26394	0.848407	0.363426	1.13193	1.63298	0.841658	0.402273	-1.45961	-1.78696	-0.59695	-0.892437	0.268689	0.216657	-1.28311	0.960709	2.22107	0.74467	0.15696	0.159757	2.10819	1.74185	-0.958916	-0.895692	0.871416	0.450873	
-0.655055	-1.58581	-1.28775	-1.41092	0.73159	0.305766	1.48991	1.71221	1.38501	0.27666	-1.42599	-1.99874	-0.369732	-0.987588	0.717086	0.0897807	-1.26938	0.885883	2.4214	1.06864	0.25223	0.0505792	2.21368	1.79168	-1.02075	-1.08887	0.94655	0.481961	
-0.396457	-1.21411	-0.940574	-1.40303	0.622723	0.0791395	1.65659	1.49937	1.70732	-0.00484736	-1.27923	-2.15065	-0.246266	-1.0269	0.996377	-0.190759	-0.983859	0.877389	2.31242	1.20715	0.618082	0.080627	2.17233	1.68453	-1.00645	-1.2639	0.847872	0.341365	
0.0469225	-0.72597	-0.425078	-1.21541	0.559007	-0.246244	1.5987	1.05287	1.7316	-0.381691	-1.10855	-2.23336	-0.271962	-1.01962	1.01877	-0.579507	-0.490565	0.947009	1.9163	1.13757	1.15385	0.28119	2.01559	1.47706	-0.945745	-1.37904	0.594781	0.0579373	
0.560579	-0.229018	0.0771424	-0.865055	0.553728	-0.563912	1.34417	0.494155	1.47641	-0.772008	-0.991794	-2.23509	-0.424322	-0.960374	0.772453	-0.978775	0.0854428	1.08642	1.33185	0.906513	1.72063	0.64862	1.79127	1.26243	-0.87583	-1.39419	0.243362	-0.288375	
1.00726	0.185197	0.397189	-0.410243	0.583838	-0.765264	0.944197	-0.0444849	1.0014	-1.09401	-0.972904	-2.13708	-0.623473	-0.855453	0.322545	-1.28124	0.596106	1.24842	0.687849	0.574103	2.15779	1.12052	1.531	1.10966	-0.826793	-1.28102	-0.132464	-0.599177	
1.27707	0.471397	0.441417	0.0671129	0.608368	-0.780946	0.485836	-0.462252	0.422783	-1.29495	-1.04086	-1.92409	-0.766882	-0.709292	-0.19159	-1.40923	0.925379	1.37556	0.112712	0.218573	2.35321	1.60595	1.25532	1.05216	-0.806245	-1.03479	-0.445	-0.792736	
1.32052	0.621331	0.221575	0.489671	0.588297	-0.60452	0.0580818	-0.710728	-0.131324	-1.36331	-1.12362	-1.59104	-0.74908	-0.518573	-0.610684	-1.33987	1.02716	1.41667	-0.303775	-0.0911951	2.27888	2.00627	0.975998	1.07271	-0.79978	-0.680378	-0.62916	-0.831534	
1.15582	0.654647	-0.154065	0.789871	0.498881	-0.293915	-0.258347	-0.81062	-0.54355	-1.30744	-1.14743	-1.16665	-0.534539	-0.289652	-0.804058	-1.11122	0.922438	1.33398	-0.539016	-0.298231	1.97805	2.23773	0.691499	1.11017	-0.77298	-0.270032	-0.649532	-0.73243	
0.8526	0.58869	-0.529961	0.932434	0.345879	0.0451592	-0.419799	-0.823557	-0.745669	-1.15731	-1.04453	-0.708019	-0.150542	-0.0253699	-0.721917	-0.797677	0.688908	1.12018	-0.639564	-0.373996	1.56044	2.25724	0.399208	1.08953	-0.692491	0.12549	-0.518002	-0.551129	
0.509899	0.441194	-0.753179	0.919533	0.158228	0.310336	-0.440756	-0.827081	-0.755641	-0.954851	-0.791235	-0.284921	0.320318	0.25745	-0.409124	-0.493132	0.426371	0.798385	-0.70179	-0.342346	1.1432	2.06611	0.0949912	0.942481	-0.536145	0.446074	-0.287537	-0.359243	
0.218321	0.224485	-0.739324	0.784809	-0.0172972	0.432492	-0.363543	-0.872481	-0.628254	-0.740082	-0.417501	0.0313586	0.772385	0.549448	0.0136176	-0.26546	0.221527	0.426423	-0.821941	-0.237672	0.832774	1.72284	-0.212203	0.653854	-0.309036	0.653579	-0.0322102	-0.214678	
0.0311726	-0.0566491	-0.495444	0.585822	-0.131413	0.397949	-0.258389	-0.960649	-0.455807	-0.546067	0.00333048	0.194657	1.12192	0.835597	0.388826	-0.134407	0.118449	0.0751957	-1.05307	-0.118589	0.688936	1.31746	-0.500703	0.265099	-0.0441476	0.738021	0.166762	-0.138139	
-0.041824	-0.383835	-0.116243	0.377523	-0.15852	0.250213	-0.183396	-1.05178	-0.317535	-0.391243	0.377349	0.19017	1.32281	1.08638	0.597182	-0.0722927	0.108825	-0.180369	-1.37541	-0.0299019	0.712195	0.952111	-0.736841	-0.129337	0.200573	0.717138	0.258266	-0.112496	
-0.0323896	-0.731255	0.247051	0.201235	-0.101212	0.0619459	-0.168341	-1.08261	-0.251306	-0.286367	0.624691	0.0355746	1.38498	1.27425	0.593296	-0.0225371	0.142819	-0.285571	-1.70043	0.00913535	0.859835	0.711445	-0.882594	-0.412732	0.360577	0.621135	0.222282	-0.0961793	
0.0061176	-1.05273	0.453499	0.0714129	0.00165364	-0.0890683	-0.210809	-1.00963	-0.259862	-0.224948	0.688821	-0.228395	1.34152	1.35509	0.428065	0.0619579	0.153369	-0.235663	-1.91156	-0.00448894	1.04119	0.6245	-0.921056	-0.50363	0.383568	0.484489	0.0854395	-0.0507853	
0.022998	-1.29701	0.412549	-0.0186844	0.0944368	-0.153108	-0.263358	-0.824696	-0.280364	-0.187498	0.560708	-0.542361	1.23322	1.30181	0.227409	0.203881	0.0881715	-0.0620739	-1.90284	-0.0270396	1.17085	0.677101	-0.851304	-0.366649	0.245083	0.330062	-0.103144	0.036974	
-0.00375178	-1.42178	0.122809	-0.0811573	0.128465	-0.115626	-0.271522	-0.563907	-0.243427	-0.158843	0.285828	-0.844934	1.10892	1.11061	0.134803	0.377306	-0.0669997	0.178256	-1.62615	-0.0168751	1.19587	0.818031	-0.692903	-0.0324879	-0.0259195	0.170266	-0.286885	0.15157	
-0.0655422	-1.40724	-0.346554	-0.132119	0.0699196	0.00277452	-0.18228	-0.293688	-0.0714892	-0.11025	-0.0629156	-1.09386	0.984429	0.818875	0.248485	0.536228	-0.288888	0.426865	-1.11332	0.091691	1.11253	0.991845	-0.487164	0.427182	-0.380579	0.00988812	-0.430327	0.257079	
-0.134903	-1.27927	-0.880305	-0.178962	-0.0764116	0.156878	0.027435	-0.0835866	0.279644	-0.0249563	-0.408266	-1.26835	0.857675	0.499434	0.58063	0.633382	-0.529869	0.640078	-0.473808	0.342257	0.971237	1.1561	-0.281082	0.920221	-0.741995	-0.150694	-0.535146	0.316722	
-0.17163	-1.0785	-1.353	-0.222303	-0.281918	0.307486	0.330209	0.0124518	0.778268	0.0961456	-0.674794	-1.36652	0.730884	0.230044	1.06066	0.631479	-0.732974	0.796981	0.135672	0.723219	0.83506	1.28884	-0.12244	1.35062	-1.04421	-0.298191	-0.616496	0.30833	
-0.147923	-0.867587	-1.67964	-0.257897	-0.495582	0.423995	0.667447	-0.0149063	1.35021	0.231869	-0.819863	-1.40309	0.626078	0.0849513	1.55414	0.533521	-0.857627	0.912022	0.57259	1.18456	0.775562	1.40105	-0.0361642	1.66154	-1.23861	-0.41906	-0.702724	0.234139	
-0.0609908	-0.703934	-1.82792	-0.282818	-0.662131	0.491768	0.968309	-0.13136	1.88754	0.349497	-0.833641	-1.40374	0.57522	0.0877797	1.92889	0.37169	-0.89423	1.00888	0.755191	1.63137	0.8273	1.50364	-0.0217929	1.82613	-1.31449	-0.502971	-0.79953	0.118513	
0.0639565	-0.627316	-1.83163	-0.309836	-0.739178	0.498176	1.19154	-0.275532	2.31525	0.427737	-0.738775	-1.39936	0.602046	0.2097	2.1129	0.213599	-0.871356	1.12071	0.699348	1.98699	0.985996	1.61029	-0.0439827	1.86369	-1.30238	-0.559362	-0.88996	-0.00764246	
0.188573	-0.656122	-1.75378	-0.356995	-0.696408	0.428723	1.32686	-0.383001	2.58754	0.460218	-0.580665	-1.42648	0.72885	0.368735	2.10955	0.124426	-0.834217	1.26735	0.502982	2.19055	1.21662	1.71677	-0.0448436	1.81189	-1.23753	-0.620583	-0.930931	-0.117022	
0.280176	-0.768099	-1.65853	-0.441008	-0.533483	0.270219	1.40657	-0.414649	2.71398	0.476403	-0.41611	-1.51716	0.928902	0.452486	1.99993	0.145308	-0.822273	1.43976	0.304426	2.23485	1.45294	1.79642	0.0264162	1.70689	-1.16445	-0.726559	-0.865374	-0.2044	
0.31664	-0.929062	-1.59305	-0.571959	-0.271901	0.00506792	1.5004	-0.365	2.77865	0.53357	-0.30964	-1.69395	1.13257	0.363005	1.89992	0.292358	-0.859888	1.61153	0.232953	2.18433	1.6398	1.81627	0.204307	1.57547	-1.11033	-0.926211	-0.668908	-0.288601	
0.302612	-1.08947	-1.56988	-0.747	0.0512512	-0.366828	1.67208	-0.262995	2.87527	0.692766	-0.300695	-1.9634	1.24953	0.052548	1.91425	0.543873	-0.943298	1.74283	0.354967	2.12461	1.74104	1.74584	0.484314	1.42173	-1.08441	-1.24613	-0.349335	-0.397027	
0.257337	-1.22458	-1.58292	-0.954096	0.38147	-0.828124	1.96049	-0.148655	3.10705	1.00791	-0.402474	-2.31894	1.21376	-0.443692	2.078	0.881229	-1.05184	1.80777	0.653722	2.16831	1.769	1.58817	0.820217	1.25414	-1.07459	-1.68387	0.0199587	-0.543631	
0.202025	-1.33113	-1.61741	-1.17273	0.658084	-1.32847	2.36269	-0.0469305	3.54072	1.50826	-0.60782	-2.73214	0.9967	-1.01351	2.358	1.30171	-1.15961	1.79186	1.04121	2.40602	1.75665	1.36769	1.13464	1.07916	-1.07379	-2.19371	0.331805	-0.704032	
0.147396	-1.42396	-1.66904	-1.39246	0.8154	-1.79166	2.83695	0.0388565	4.18755	2.17336	-0.88508	-3.15834	0.630977	-1.51194	2.69008	1.81884	-1.2543	1.69654	1.39329	2.86656	1.731	1.12401	1.33947	0.91061	-1.0821	-2.69375	0.488755	-0.822597	
0.0773133	-1.54092	-1.75882	-1.617	0.795848	-2.14134	3.30783	0.138193	4.99345	2.93459	-1.19828	-3.54855	0.215764	-1.80388	2.99235	2.45887	-1.35059	1.53594	1.60599	3.50955	1.69911	0.89076	1.36319	0.76764	-1.11724	-3.09886	0.425522	-0.822172	
-0.0408256	-1.70699	-1.92034	-1.85783	0.566436	-2.31629	3.69431	0.293132	5.8412	3.68339	-1.51628	-3.85039	-0.143076	-1.81529	3.2276	3.22923	-1.48161	1.32405	1.62988	4.21845	1.62713	0.675032	1.17312	0.66698	-1.21485	-3.33597	0.15746	-0.636354	
-0.247093	-1.93686	-2.19002	-2.12652	0.137211	-2.29845	3.93996	0.543802	6.60355	4.30165	-1.81254	-4.01764	-0.348591	-1.54825	3.40506	4.11514	-1.68902	1.08223	1.49566	4.85932	1.47409	0.471461	0.796631	0.628539	-1.40764	-3.37481	-0.240029	-0.233795	
-0.556635	-2.20749	-2.56928	-2.41443	-0.412974	-2.10845	4.02435	0.898195	7.14796	4.68158	-2.06675	-4.0171	-0.353518	-1.07602	3.58087	5.03918	-1.98775	0.829718	1.29142	5.29224	1.20734	0.26199	0.31823	0.656962	-1.69905	-3.22612	-0.627635	0.359233	
-0.940036	-2.46298	-3.00648	-2.68004	-0.957189	-1.79817	3.95922	1.31469	7.36847	4.74612	-2.2647	-3.83545	-0.17197	-0.525413	3.80732	5.85855	-2.34635	0.588086	1.11664	5.41493	0.838474	0.0443197	-0.147484	0.74436	-2.04095	-2.92995	-0.861488	1.0497	
-1.3236	-2.61887	-3.4092	-2.84888	-1.34103	-1.43041	3.76778	1.71402	7.19364	4.4594	-2.39123	-3.47851	0.121959	-0.0193416	4.07989	6.39479	-2.6886	0.38865	1.04672	5.18338	0.43724	-0.155248	-0.482362	0.869442	-2.35222	-2.54161	-0.847435	1.70309	
-1.59861	-2.58423	-3.65896	-2.8388	-1.42064	-1.05317	3.47282	1.99161	6.59726	3.82628	-2.42267	-2.97433	0.424169	0.355077	4.33135	6.4691	-2.90847	0.272665	1.09576	4.60033	0.11956	-0.275491	-0.598288	1.00797	-2.526	-2.10606	-0.565332	2.17586	
-1.66039	-2.30878	-3.65943	-2.58567	-1.11047	-0.693424	3.08224	2.06693	5.61368	2.89798	-2.32668	-2.37001	0.665197	0.589141	4.40433	5.97461	-2.90723	0.295501	1.2277	3.74167	0.032363	-0.227318	-0.456503	1.15463	-2.46339	-1.65212	-0.0937238	2.36937	
-1.44163	-1.78654	-3.3595	-2.07218	-0.418306	-0.343331	2.59052	1.91	4.31911	1.773	-2.0777	-1.71737	0.816424	0.738022	4.12649	4.9132	-2.62562	0.499704	1.37483	2.71598	0.273158	0.0594747	-0.0765292	1.31402	-2.1116	-1.18063	0.436409	2.2628	
-0.948047	-1.07834	-2.79165	-1.34948	0.543031	0.0228888	1.99197	1.56407	2.83392	0.584903	-1.67018	-1.07131	0.904536	0.890948	3.36696	3.41901	-2.0799	0.900795	1.48482	1.65653	0.853998	0.607901	0.47297	1.5103	-1.48941	-0.678773	0.879451	1.92434	
-0.271202	-0.297029	-2.07225	-0.537659	1.57457	0.425308	1.29905	1.1383	1.31044	-0.513434	-1.1351	-0.482208	0.977405	1.13405	2.09974	1.72523	-1.36955	1.46451	1.54631	0.699857	1.6651	1.35134	1.09091	1.76282	-0.707154	-0.144903	1.12514	1.48714	
0.436079	0.417288	-1.36494	0.207637	2.44309	0.86473	0.540121	0.77254	-0.108736	-1.36604	-0.548921	0.0176158	1.07135	1.51275	0.419517	0.119292	-0.6499	2.11008	1.59359	-0.0424445	2.50036	2.14739	1.66919	2.07855	0.073938	0.406637	1.1251	1.11056	
1.00192	0.933867	-0.839555	0.746167	2.9513	1.3091	-0.236265	0.600944	-1.30589	-1.8583	-0.00353763	0.420902	1.19506	2.0258	-1.48184	-1.13368	-0.0874325	2.73267	1.69488	-0.492071	3.13512	2.8196	2.12213	2.4492	0.67935	0.93496	0.898446	0.931938	
1.29489	1.17083	-0.606516	0.995412	2.99819	1.70983	-0.971138	0.696069	-2.21337	-1.93605	0.415772	0.748811	1.32606	2.62182	-3.3505	-1.86273	0.198002	3.22166	1.90249	-0.635658	3.38287	3.20996	2.39386	2.83547	0.979506	1.39428	0.520391	1.02034	
1.2699	1.12177	-0.682188	0.966025	2.61098	2.01267	-1.61827	1.04344	-2.8316	-1.63681	0.656074	1.03865	1.41755	3.22596	-4.96904	-2.03452	0.176624	3.50179	2.21841	-0.5157	3.18931	3.24452	2.46597	3.18426	0.941448	1.74851	0.0830367	1.35505	
0.985299	0.866333	-0.975687	0.756378	1.92828	2.18387	-2.16217	1.53701	-3.23351	-1.0844	0.722656	1.33629	1.41944	3.75965	-6.19613	-1.76149	-0.0809049	3.54578	2.56858	-0.24419	2.62964	2.9513	2.3467	3.42246	0.630968	1.98893	-0.333541	1.83057	
0.584928	0.541099	-1.32059	0.520739	1.1622	2.22017	-2.61955	2.00772	-3.53371	-0.466106	0.687473	1.6763	1.32651	4.16577	-6.99901	-1.25174	-0.4247	3.38796	2.82183	0.0282356	1.90165	2.46345	2.06672	3.48788	0.210556	2.14152	-0.683965	2.29319	
0.246874	0.295153	-1.53191	0.416454	0.525836	2.14457	-3.01843	2.28165	-3.83023	0.0123287	0.66638	2.07376	1.18612	4.42612	-7.43891	-0.751804	-0.677148	3.11081	2.83549	0.165044	1.26122	1.97047	1.66904	3.34677	-0.130761	2.25043	-0.96329	2.58975	
0.126381	0.247248	-1.45563	0.553092	0.17821	2.00757	-3.39389	2.23335	-4.20428	0.197184	0.783878	2.525	1.09647	4.55664	-7.62279	-0.452848	-0.688172	2.81182	2.50996	0.0604903	0.917921	1.65055	1.20391	2.99979	-0.211758	2.37589	-1.17391	2.62345	
0.299751	0.45118	-1.02998	0.955656	0.17463	1.86049	-3.75531	1.83098	-4.66665	0.0185073	1.12754	2.99986	1.15666	4.59329	-7.64986	-0.44759	-0.388596	2.57539	1.84057	-0.307246	0.979532	1.61068	0.727007	2.49553	0.062572	2.55809	-1.32126	2.38005	
0.737039	0.879017	-0.299876	1.55018	0.462813	1.74178	-4.07765	1.14272	-5.16129	-0.475116	1.70995	3.45402	1.43533	4.57129	-7.56105	-0.713313	0.184877	2.43287	0.9195	-0.879617	1.38928	1.83337	0.28316	1.90019	0.672594	2.805	-1.38952	1.92607	
1.32009	1.43869	0.603848	2.19737	0.915137	1.65958	-4.31162	0.310567	-5.58789	-1.14672	2.45744	3.84166	1.93343	4.51827	-7.35535	-1.13286	0.91307	2.3685	-0.0908209	-1.52707	1.98116	2.20097	-0.0908971	1.29122	1.51116	3.08471	-1.35593	1.38121	
1.88451	1.99749	1.50595	2.74268	1.37965	1.59586	-4.40032	-0.493521	-5.83492	-1.81377	3.23743	4.13131	2.56736	4.45053	-7.00257	-1.54977	1.63379	2.33116	-1.01371	-2.0927	2.53908	2.54162	-0.375143	0.735943	2.39589	3.33558	-1.20582	0.876234	
2.28788	2.43664	2.25377	3.07209	1.73594	1.52364	-4.30833	-1.12531	-5.82742	-2.31163	3.90192	4.31095	3.2121	4.37185	-6.48652	-1.81967	2.2066	2.26545	-1.72017	-2.45193	2.88599	2.70729	-0.56864	0.283111	3.1533	3.49925	-0.942919	0.51363	
2.46181	2.68112	2.76327	3.14778	1.92392	1.41531	-4.04885	-1.51297	-5.55643	-2.56032	4.33844	4.38476	3.73578	4.28192	-5.85152	-1.87421	2.55989	2.14633	-2.17379	-2.55247	2.96699	2.63878	-0.690668	-0.0412844	3.66369	3.53417	-0.622023	0.331552	
2.43677	2.72906	3.04797	3.01713	1.95563	1.26685	-3.68905	-1.67492	-5.10558	-2.57184	4.50596	4.36909	4.0348	4.16712	-5.19284	-1.73603	2.7137	1.98285	-2.44159	-2.4488	2.83782	2.37957	-0.77804	-0.247301	3.89244	3.44298	-0.313709	0.298478	
2.32738	2.64196	3.20017	2.79308	1.88539	1.089	-3.3273	-1.7031	-4.59871	-2.45335	4.44724	4.27748	4.07446	4.00336	-4.64614	-1.50456	2.76643	1.82962	-2.65221	-2.26257	2.6585	2.07095	-0.867643	-0.358104	3.89523	3.25641	-0.113508	0.324957	
2.28274	2.51357	3.3509	2.61314	1.79129	0.903574	-3.06348	-1.71498	-4.17418	-2.35278	4.26952	4.12161	3.89396	3.76056	-4.33525	-1.31699	2.851	1.76188	-2.93331	-2.14962	2.61553	1.88695	-0.983465	-0.403213	3.78269	3.02503	-0.0908406	0.304513	
2.43595	2.44221	3.61925	2.59695	1.73447	0.736589	-2.95654	-1.8029	-3.92342	-2.39063	4.09803	3.90741	3.58549	3.41213	-4.32749	-1.27955	3.08831	1.84889	-3.34832	-2.22233	2.85056	1.97898	-1.12084	-0.396002	3.67819	2.80112	-0.26421	0.158355	
2.84152	2.48215	4.05759	2.80749	1.7413	0.603556	-3.00641	-1.99265	-3.86645	-2.61313	4.02528	3.63819	3.23774	2.94836	-4.60485	-1.43085	3.5327	2.12133	-3.86245	-2.50371	3.40287	2.40941	-1.24597	-0.333331	3.6625	2.61445	-0.59989	-0.136959	
3.45382	2.64071	4.63775	3.22833	1.79631	0.506526	-3.14291	-2.24092	-3.93991	-2.96209	4.0686	3.3129	2.90537	2.35991	-5.05421	-1.73662	4.15181	2.54282	-4.35637	-2.91411	4.17065	3.1113	-1.31134	-0.214894	3.75067	2.46684	-1.00129	-0.547724	
4.14031	2.87355	5.25663	3.77747	1.85861	0.425271	-3.26191	-2.45821	-4.02814	-3.31631	4.17472	2.94346	2.61021	1.67149	-5.51919	-2.1093	4.83769	3.02336	-4.67339	-3.30223	4.97065	3.92011	-1.27154	-0.047027	3.90028	2.33241	-1.35949	-1.00201	
4.72307	3.10385	5.77226	4.33509	1.89075	0.336849	-3.25967	-2.54511	-4.0126	-3.53336	4.24254	2.5584	2.32881	0.937381	-5.8454	-2.44177	5.44089	3.43757	-4.68969	-3.50689	5.59085	4.62252	-1.10441	0.144343	4.01529	2.18014	-1.57251	-1.41194	
5.04236	3.2514	6.0534	4.77981	1.86649	0.223138	-3.06489	-2.43441	-3.79272	-3.49269	4.17119	2.19327	2.0263	0.238774	-5.93642	-2.62896	5.81923	3.671	-4.3588	-3.39289	5.87625	5.04267	-0.82389	0.330536	4.00601	1.9893	-1.59301	-1.70028	
5.0048	3.25678	6.02782	5.0233	1.79012	0.0794156	-2.68289	-2.11946	-3.35796	-3.16504	3.90959	1.88862	1.70003	-0.331484	-5.78431	-2.62928	5.88624	3.65312	-3.73474	-2.93829	5.77898	5.08764	-0.478048	0.474347	3.83026	1.7643	-1.43449	-1.82615	
4.62224	3.1113	5.70288	5.03002	1.6733	-0.0748602	-2.1809	-1.66766	-2.76753	-2.60844	3.47766	1.67203	1.37992	-0.708404	-5.45527	-2.46598	5.63752	3.37219	-2.96605	-2.22518	5.35107	4.77742	-0.1465	0.541097	3.49407	1.54028	-1.15963	-1.79242	
3.99588	2.8499	5.15707	4.82834	1.5322	-0.209965	-1.67889	-1.18611	-2.14598	-1.96074	2.95939	1.55891	1.11228	-0.857988	-5.07219	-2.2132	5.14685	2.8866	-2.23506	-1.42272	4.73325	4.23242	0.0874315	0.517787	3.05695	1.36565	-0.872726	-1.63604	
3.28704	2.53846	4.51579	4.49316	1.37834	-0.292993	-1.30861	-0.790346	-1.64693	-1.39346	2.47619	1.5403	0.952354	-0.802107	-4.76228	-1.96971	4.54295	2.30375	-1.70176	-0.739295	4.09247	3.62787	0.162702	0.415767	2.61208	1.28315	-0.670877	-1.40951	
2.66849	2.2539	3.90392	4.13003	1.20886	-0.300184	-1.16171	-0.55932	-1.38038	-1.04612	2.14186	1.59817	0.934778	-0.585395	-4.61283	-1.80909	3.96962	1.75546	-1.44484	-0.330709	3.58005	3.14871	0.062556	0.285961	2.23986	1.31637	-0.624277	-1.15195	
2.26981	2.0553	3.41381	3.84249	1.02179	-0.223573	-1.26936	-0.512332	-1.39911	-1.00182	2.01652	1.70717	1.06051	-0.270763	-4.6443	-1.76552	3.54408	1.35268	-1.45824	-0.275328	3.28411	2.92268	-0.179551	0.189018	1.99076	1.45775	-0.752203	-0.884395	
2.1473	1.97573	3.08238	3.69853	0.812048	-0.0723348	-1.578	-0.613028	-1.66006	-1.23453	2.08021	1.83281	1.2583	0.0654156	-4.79874	-1.81217	3.32503	1.15515	-1.66289	-0.528082	3.20441	2.99076	-0.49557	0.178607	1.87144	1.67141	-1.0185	-0.605438	
2.26814	2.01508	2.89044	3.72027	0.591194	0.124935	-1.98869	-0.785254	-2.06917	-1.66288	2.25037	1.95139	1.4379	0.374678	-4.97833	-1.88909	3.30525	1.16084	-1.94634	-0.979973	3.27663	3.2949	-0.798984	0.272579	1.84405	1.90308	-1.35197	-0.308516	
2.54026	2.14569	2.77765	3.87536	0.385735	0.340393	-2.3803	-0.953999	-2.50089	-2.16998	2.41379	2.05371	1.53275	0.64522	-5.06686	-1.91262	3.42003	1.31026	-2.2227	-1.49529	3.40109	3.71719	-1.01658	0.449446	1.85046	2.10634	-1.65878	0.0133506	
2.83061	2.31583	2.66606	4.08973	0.229261	0.544443	-2.64144	-1.05552	-2.82274	-2.62297	2.47161	2.14416	1.50003	0.903388	-4.97299	-1.79383	3.56745	1.5118	-2.44127	-1.93647	3.4835	4.11445	-1.1089	0.66097	1.83413	2.25063	-1.86129	0.361195	
3.00965	2.46381	2.49568	4.268	0.155558	0.715046	-2.70536	-1.06117	-2.94783	-2.92327	2.3747	2.22913	1.35805	1.18898	-4.64532	-1.4778	3.64553	1.66175	-2.60024	-2.22778	3.45474	4.35447	-1.07347	0.83725	1.76834	2.32738	-1.9067	0.720587	
2.98883	2.54458	2.23738	4.32423	0.172104	0.84351	-2.55126	-0.980107	-2.8349	-3.01452	2.13426	2.31456	1.16202	1.53003	-4.07171	-0.95996	3.58008	1.67363	-2.7229	-2.34812	3.27488	4.34987	-0.94548	0.918773	1.64308	2.35227	-1.77217	1.06956	
2.72986	2.52493	1.89238	4.20584	0.257556	0.922786	-2.21724	-0.84503	-2.50749	-2.90379	1.80631	2.39686	0.982256	1.9252	-3.2946	-0.290303	3.3375	1.49997	-2.84406	-2.33478	2.93944	4.06899	-0.784538	0.866219	1.46136	2.34166	-1.48441	1.37579	
2.25266	2.38733	1.48596	3.90079	0.363035	0.952772	-1.77486	-0.695928	-2.03548	-2.62802	1.45918	2.45456	0.860429	2.32478	-2.38309	0.445308	2.92853	1.14038	-2.97336	-2.24793	2.46203	3.54145	-0.651738	0.682578	1.23602	2.30364	-1.0984	1.61389	
1.61457	2.12364	1.04795	3.44068	0.420451	0.927574	-1.30967	-0.560765	-1.50326	-2.26038	1.15283	2.45121	0.796633	2.65859	-1.43242	1.13969	2.39604	0.642337	-3.08462	-2.13765	1.87811	2.83998	-0.590766	0.407063	0.961293	2.2209	-0.702263	1.76347	
0.903185	1.74264	0.607422	2.88335	0.374896	0.846606	-0.894003	-0.45645	-0.99242	-1.88848	0.899022	2.34627	0.752713	2.84084	-0.53339	1.68361	1.80267	0.0814713	-3.14199	-2.0387	1.23154	2.06129	-0.612101	0.0962819	0.628374	2.06303	-0.380662	1.81149	
0.207052	1.26424	0.178249	2.28812	0.193411	0.710665	-0.566975	-0.38187	-0.550439	-1.56901	0.663945	2.0961	0.645517	2.7916	0.239287	2.00465	1.20599	-0.453677	-3.10169	-1.93725	0.567766	1.30124	-0.700532	-0.188812	0.226485	1.79315	-0.201527	1.75415	
-0.40324	0.709421	-0.23855	1.69666	-0.116392	0.525557	-0.339929	-0.326243	-0.198308	-1.34708	0.388632	1.66904	0.394484	2.47404	0.82938	2.07538	0.644808	-0.883258	-2.94168	-1.81203	-0.0634202	0.634848	-0.814548	-0.407221	-0.253389	1.38057	-0.204272	1.5927	
-0.878086	0.117441	-0.649653	1.12747	-0.506378	0.313669	-0.192747	-0.273907	0.073141	-1.23031	0.0181423	1.07382	-0.0234766	1.91155	1.22284	1.93105	0.136607	-1.15252	-2.65972	-1.64133	-0.616325	0.112886	-0.89998	-0.531459	-0.797253	0.833308	-0.371996	1.34632	
-1.20927	-0.483038	-1.07052	0.574177	-0.909822	0.0945376	-0.078911	-0.200157	0.31673	-1.18342	-0.468492	0.351734	-0.582936	1.18959	1.43402	1.66114	-0.329324	-1.23787	-2.27278	-1.39002	-1.04637	-0.246481	-0.909503	-0.551479	-1.37398	0.184356	-0.659618	1.04625	
-1.41561	-1.05633	-1.50821	0.0270606	-1.25254	-0.102531	0.0602278	-0.0711687	0.597119	-1.12618	-1.05545	-0.418187	-1.21877	0.429234	1.51569	1.39334	-0.770553	-1.15567	-1.79709	-1.03309	-1.33342	-0.454644	-0.808831	-0.462398	-1.93691	-0.494288	-0.985911	0.746693	
-1.53214	-1.56804	-1.9546	-0.507228	-1.48101	-0.253271	0.274529	0.146919	0.973704	-0.969348	-1.685	-1.14298	-1.83515	-0.233978	1.53712	1.25825	-1.19836	-0.947788	-1.23647	-0.552838	-1.46885	-0.535635	-0.586688	-0.255428	-2.44087	-1.11655	-1.26816	0.510434	
-1.59784	-1.9837	-2.38895	-0.996863	-1.57079	-0.344186	0.587144	0.469659	1.47013	-0.65238	-2.29065	-1.73047	-2.35102	-0.697082	1.56512	1.33157	-1.60672	-0.676787	-0.600603	0.0410993	-1.4716	-0.525973	-0.260534	0.0652203	-2.85859	-1.60255	-1.44308	0.3879	
-1.64502	-2.27746	-2.78807	-1.39067	-1.5393	-0.375299	0.995889	0.891903	2.08409	-0.136196	-2.81803	-2.11693	-2.72139	-0.916262	1.65205	1.6382	-1.97238	-0.407205	0.102448	0.739543	-1.3802	-0.457247	0.124141	0.487995	-3.18233	-1.89888	-1.48666	0.407967	
-1.69244	-2.44714	-3.12059	-1.63461	-1.42249	-0.366506	1.46277	1.37863	2.76829	0.53355	-3.22878	-2.29034	-2.94371	-0.903947	1.81024	2.12111	-2.25867	-0.185278	0.849201	1.49862	-1.22586	-0.35303	0.51437	0.980704	-3.42073	-2.00415	-1.42396	0.557929	
-1.73475	-2.49085	-3.35763	-1.69215	-1.26414	-0.336908	1.9286	1.86329	3.44146	1.25568	-3.52295	-2.27988	-3.04668	-0.731125	2.02435	2.66773	-2.42367	-0.0355701	1.58876	2.24506	-1.0427	-0.228504	0.86036	1.48972	-3.59318	-1.94816	-1.30309	0.790711	
-1.75594	-2.43616	-3.48293	-1.57594	-1.10519	-0.314184	2.32528	2.26206	4.01054	1.88988	-3.72225	-2.16724	-3.07043	-0.505898	2.24702	3.1375	-2.4465	0.0482973	2.2518	2.89252	-0.845899	-0.0905398	1.12564	1.94846	-3.70706	-1.80031	-1.18655	1.0255	
-1.73856	-2.31873	-3.49836	-1.34826	-0.967475	-0.314143	2.59936	2.49909	4.39574	2.30703	-3.85347	-2.04752	-3.04053	-0.336101	2.43277	3.40708	-2.33713	0.090031	2.76659	3.35416	-0.653537	0.0430012	1.29752	2.28685	-3.76415	-1.63705	-1.11425	1.18097	
-1.67205	-2.18026	-3.42146	-1.10659	-0.851645	-0.340892	2.72974	2.53814	4.56012	2.42996	-3.93027	-2.00382	-2.94821	-0.290849	2.55099	3.4247	-2.13861	0.125628	3.09348	3.57181	-0.469875	0.159282	1.39403	2.4687	-3.74865	-1.52294	-1.08848	1.20418	
-1.56924	-2.06784	-3.28963	-0.953948	-0.743847	-0.393605	2.7377	2.39994	4.52723	2.26432	-3.94844	-2.07999	-2.77614	-0.381473	2.59657	3.2065	-1.92111	0.187188	3.24177	3.54778	-0.294792	0.237934	1.45544	2.49908	-3.64303	-1.50101	-1.0799	1.08677	
-1.46099	-2.01618	-3.15285	-0.961262	-0.630354	-0.459138	2.69075	2.16495	4.39239	1.92699	-3.89894	-2.26718	-2.50597	-0.568144	2.60209	2.85164	-1.76288	0.287369	3.27815	3.36796	-0.138139	0.261837	1.5256	2.4315	-3.44403	-1.57338	-1.03571	0.876318	
-1.38241	-2.04115	-3.0508	-1.13597	-0.49648	-0.524263	2.65885	1.94761	4.25793	1.57226	-3.75912	-2.51422	-2.12825	-0.766387	2.60739	2.49276	-1.7188	0.425386	3.30726	3.15078	0.00334683	0.232248	1.64503	2.35452	-3.17147	-1.71407	-0.908644	0.65492	
-1.36153	-2.12503	-3.00787	-1.42065	-0.341326	-0.57411	2.70687	1.84711	4.22293	1.36321	-3.52882	-2.74327	-1.6705	-0.898085	2.65842	2.23727	-1.80685	0.572653	3.42169	3.03202	0.116645	0.156869	1.82526	2.3427	-2.86935	-1.87267	-0.675132	0.503434	
-1.40434	-2.22861	-3.02145	-1.71464	-0.178076	-0.603221	2.8577	1.91613	4.33314	1.40486	-3.22446	-2.88177	-1.19399	-0.91378	2.77099	2.14138	-2.00013	0.693529	3.67154	3.10571	0.200209	0.0655675	2.04496	2.4384	-2.58139	-1.99552	-0.354921	0.470295	
-1.48898	-2.30192	-3.06196	-1.90512	-0.016548	-0.611001	3.08594	2.13753	4.56476	1.70377	-2.87078	-2.87902	-0.763239	-0.805621	2.92994	2.1818	-2.23195	0.760428	4.03693	3.38865	0.263366	-0.00679324	2.26278	2.62438	-2.34345	-2.04212	-0.00491308	0.553054	
-1.56126	-2.28514	-3.07148	-1.9052	0.138526	-0.594639	3.3183	2.42607	4.8175	2.16142	-2.497	-2.72062	-0.429087	-0.614262	3.09008	2.27906	-2.41268	0.765407	4.43195	3.79254	0.325147	-0.0161631	2.4291	2.83622	-2.16431	-1.98458	0.306844	0.701841	
-1.559	-2.14013	-2.9927	-1.68397	0.284937	-0.553664	3.45541	2.66235	4.94729	2.60998	-2.12283	-2.43066	-0.215159	-0.406498	3.18446	2.3221	-2.45808	0.727997	4.7353	4.1623	0.413573	0.0709461	2.50708	2.98692	-2.02144	-1.82176	0.51554	0.838132	
-1.42973	-1.85703	-2.78262	-1.28159	0.430156	-0.48088	3.42373	2.73768	4.8369	2.88582	-1.76119	-2.061	-0.100182	-0.262742	3.17096	2.21861	-2.32118	0.677623	4.83594	4.33583	0.538065	0.257501	2.48107	2.99279	-1.86135	-1.56908	0.599722	0.889327	
-1.15078	-1.45363	-2.43362	-0.782276	0.57911	-0.369625	3.18258	2.60424	4.41849	2.87519	-1.40399	-1.66843	-0.037031	-0.221567	3.02222	1.94596	-1.9997	0.657366	4.68218	4.1924	0.707703	0.530887	2.36873	2.82755	-1.64736	-1.25754	0.570548	0.826529	
-0.748831	-0.989129	-1.98543	-0.291675	0.73057	-0.221062	2.75584	2.28861	3.72153	2.56248	-1.05382	-1.30461	0.022416	-0.281602	2.75367	1.54327	-1.54551	0.693941	4.29575	3.71411	0.910876	0.84827	2.2073	2.52043	-1.36018	-0.932035	0.468837	0.668457	
-0.288102	-0.537883	-1.50501	0.100594	0.869917	-0.0482604	2.22616	1.88592	2.87205	2.03831	-0.720388	-1.00297	0.114919	-0.3966	2.41467	1.11648	-1.04432	0.792204	3.77356	2.9995	1.12876	1.16152	2.0399	2.15998	-1.01727	-0.636424	0.349972	0.481378	
0.143197	-0.182157	-1.07727	0.346861	0.978622	0.121532	1.71507	1.52403	2.06437	1.45913	-0.420868	-0.782646	0.264576	-0.492571	2.08093	0.78774	-0.589821	0.932302	3.25003	2.24117	1.33765	1.41899	1.90375	1.8527	-0.676494	-0.415939	0.257794	0.345897	
0.467789	0.0249398	-0.762726	0.438265	1.03783	0.257054	1.34281	1.30319	1.48902	0.995056	-0.185896	-0.655627	0.465376	-0.517125	1.83146	0.649656	-0.258778	1.07078	2.83898	1.64551	1.50496	1.57885	1.81038	1.6757	-0.397134	-0.300168	0.225662	0.321976	
0.635323	0.0601627	-0.590534	0.39693	1.03193	0.318735	1.18089	1.25961	1.26607	0.766604	-0.0457214	-0.628886	0.680073	-0.440323	1.71003	0.730989	-0.0916069	1.16269	2.59744	1.36695	1.61223	1.61822	1.7452	1.65173	-0.224901	-0.30826	0.250135	0.417045	
0.642232	-0.0645325	-0.540691	0.254344	0.96865	0.279512	1.23956	1.35177	1.40894	0.80511	-0.00683394	-0.699739	0.880222	-0.281011	1.7362	0.987618	-0.0863283	1.17112	2.50703	1.44167	1.64646	1.52615	1.67784	1.72641	-0.158791	-0.438817	0.320982	0.583419	
0.533305	-0.296438	-0.549645	0.0474372	0.874843	0.131579	1.46276	1.48022	1.82342	1.05231	-0.0368272	-0.846079	1.05673	-0.0828908	1.8799	1.32363	-0.196689	1.09341	2.49659	1.79272	1.62201	1.32639	1.58206	1.81052	-0.15789	-0.663087	0.417913	0.739818	
0.385066	-0.566356	-0.536442	-0.189879	0.800871	-0.105384	1.75222	1.53681	2.33401	1.40001	-0.0740342	-1.03052	1.22457	0.101621	2.08522	1.63056	-0.348766	0.961534	2.47505	2.26069	1.56997	1.06142	1.45436	1.81238	-0.139129	-0.93321	0.534045	0.804809	
0.284484	-0.801566	-0.424077	-0.433814	0.797188	-0.383832	2.00401	1.44312	2.74749	1.72957	-0.0448421	-1.20213	1.41564	0.227504	2.28616	1.82537	-0.466761	0.827843	2.37322	2.66234	1.52764	0.788964	1.31334	1.67718	-0.00901159	-1.18246	0.686506	0.733946	
0.290361	-0.95254	-0.185317	-0.656644	0.895246	-0.646808	2.13263	1.18977	2.91302	1.94788	0.111004	-1.30726	1.65252	0.287654	2.41762	1.87538	-0.496272	0.747771	2.17388	2.85985	1.53493	0.56828	1.19251	1.4152	0.273339	-1.35265	0.879899	0.534169	
0.417364	-0.998768	0.156129	-0.82696	1.09293	-0.837523	2.10348	0.832803	2.77271	2.02028	0.410698	-1.30218	1.94143	0.299445	2.44462	1.80182	-0.419054	0.751286	1.91058	2.80144	1.60978	0.444087	1.12288	1.09029	0.689319	-1.40011	1.11513	0.265674	
0.630069	-0.962813	0.527282	-0.914346	1.35155	-0.924854	1.93592	0.472821	2.37717	1.96466	0.817553	-1.17529	2.26239	0.314201	2.35896	1.66817	-0.256389	0.840205	1.65684	2.5429	1.75802	0.44398	1.122	0.807557	1.16139	-1.31538	1.36818	0.0153244	
0.858347	-0.895475	0.835134	-0.898566	1.60774	-0.905444	1.69725	0.216172	1.86673	1.83349	1.255	-0.956214	2.57839	0.374362	2.19666	1.55331	-0.0581349	0.975215	1.49102	2.20672	1.95643	0.556294	1.18441	0.655733	1.57422	-1.1283	1.59979	-0.135146	
1.02233	-0.860703	0.998278	-0.790168	1.78834	-0.79979	1.47452	0.125678	1.41811	1.68713	1.6198	-0.712599	2.84143	0.493103	2.01421	1.51014	0.110885	1.09294	1.4613	1.93366	2.15706	0.738081	1.27724	0.677725	1.82017	-0.889042	1.76397	-0.138651	
1.0574	-0.914454	0.970867	-0.628645	1.83966	-0.651714	1.33201	0.205076	1.16044	1.56138	1.82607	-0.529441	2.99517	0.651136	1.86998	1.5553	0.192931	1.13237	1.567	1.80838	2.30441	0.921689	1.35931	0.853386	1.83349	-0.667872	1.82285	-0.0030833	
0.935265	-1.08653	0.76465	-0.486191	1.73951	-0.507517	1.3034	0.396598	1.15181	1.46039	1.83082	-0.476016	3.00626	0.798968	1.81567	1.66009	0.151668	1.0462	1.76458	1.8371	2.34169	1.02727	1.3923	1.10038	1.62031	-0.522527	1.77273	0.218136	
