-0.667536	-0.759107	-0.576847	-0.475853	-0.28752	-0.0202894	0.175677	0.907631	0.00563961	2.01975	-0.713347	-0.414671	-0.679931	-0.41405	-1.27091	0.871471	-0.209778	0.282852	1.3853	1.55237	0.206645	-0.145105	0.474154	0.789687	-0.779633	-0.469124	-1.01449	0.227013	
-0.365771	-0.394539	-0.32789	-0.114851	-0.150224	0.161852	0.0890743	0.70351	-0.579452	0.961145	-0.615543	-0.362729	-0.97372	-0.0823889	-1.67681	0.49473	0.368397	0.56512	1.27787	0.893797	0.73439	0.220135	0.667308	0.914569	-0.723542	-0.361116	-1.46749	0.144171	
-0.0950646	-0.0406917	-0.0895094	0.164677	0.0383978	0.271982	0.0842499	0.429432	-0.888093	-0.15113	-0.470836	-0.439179	-1.11019	0.0493087	-1.78355	0.0183077	0.914034	0.826668	1.12725	0.21574	1.26117	0.514648	0.862855	0.970566	-0.599619	-0.316097	-1.74551	-0.0198238	
0.0751341	0.218351	0.0874818	0.307012	0.21317	0.260547	0.150796	0.0958627	-0.688121	-0.998817	-0.332759	-0.634704	-1.08276	-0.0322864	-1.54453	-0.47034	1.33183	0.989498	0.923966	-0.240198	1.66807	0.674248	0.988389	0.910167	-0.457818	-0.35251	-1.80509	-0.254582	
0.126301	0.348458	0.18232	0.318658	0.311888	0.120155	0.246336	-0.281581	0.0615772	-1.38518	-0.2443	-0.880365	-0.937033	-0.273135	-1.02	-0.888026	1.5852	1.00519	0.656019	-0.319126	1.88232	0.68834	0.988632	0.71648	-0.345415	-0.444359	-1.68987	-0.52948	
0.092807	0.368335	0.201915	0.258119	0.297193	-0.10629	0.313398	-0.675036	1.17753	-1.27812	-0.223515	-1.07972	-0.749012	-0.560207	-0.35127	-1.18084	1.6805	0.869133	0.319291	-0.0134307	1.88514	0.595549	0.840118	0.412752	-0.290316	-0.532548	-1.47666	-0.794812	
0.0410064	0.343311	0.176982	0.203836	0.17473	-0.341103	0.303615	-1.04306	2.30729	-0.822001	-0.25834	-1.13283	-0.582592	-0.766203	0.29821	-1.33225	1.6436	0.617503	-0.0685385	0.534937	1.70249	0.464123	0.559665	0.0531706	-0.28747	-0.549886	-1.24242	-0.997759	
0.0278504	0.349786	0.137906	0.224595	-0.0191571	-0.503195	0.194835	-1.34023	3.06223	-0.260178	-0.309313	-0.984374	-0.471451	-0.800114	0.783432	-1.35532	1.52984	0.314161	-0.473214	1.10068	1.41151	0.363133	0.200767	-0.286191	-0.311979	-0.446109	-1.04643	-1.09345	
0.0822973	0.441246	0.110974	0.342818	-0.221079	-0.532751	0.00578348	-1.51825	3.16293	0.163498	-0.331978	-0.635419	-0.406533	-0.61637	1.03606	-1.28697	1.35788	0.0244585	-0.840037	1.44682	1.07689	0.331753	-0.169336	-0.543537	-0.323117	-0.215757	-0.885483	-1.05677	
0.189027	0.628239	0.10644	0.534451	-0.371714	-0.41817	-0.216833	-1.54802	2.54459	0.297832	-0.288006	-0.142861	-0.351381	-0.257056	1.06228	-1.1601	1.14423	-0.205063	-1.11731	1.42655	0.759193	0.368334	-0.485433	-0.681926	-0.288941	0.102126	-0.740377	-0.890097	
0.298005	0.852669	0.121924	0.732081	-0.430013	-0.199411	-0.405919	-1.42542	1.39879	0.116921	-0.167516	0.399297	-0.257097	0.175034	0.94852	-1.00671	0.873903	-0.360103	-1.26436	1.02496	0.4772	0.43139	-0.7082	-0.708348	-0.189833	0.429542	-0.534814	-0.622477	
0.345554	1.02004	0.142467	0.854945	-0.391575	0.046685	-0.507278	-1.17584	0.0874508	-0.263574	0.00812514	0.887711	-0.100203	0.569948	0.797392	-0.833216	0.540503	-0.454058	-1.26823	0.372091	0.2292	0.462201	-0.82676	-0.661169	-0.0355106	0.678754	-0.226163	-0.299467	
0.280937	1.0409	0.141632	0.840923	-0.290913	0.234915	-0.494821	-0.848132	-0.98168	-0.646008	0.192457	1.23726	0.101966	0.811274	0.691504	-0.627085	0.167036	-0.515338	-1.14577	-0.304107	0.0114722	0.412676	-0.854553	-0.58775	0.134285	0.784563	0.18025	0.032138	
0.0974715	0.868369	0.100573	0.670594	-0.176571	0.3054	-0.377238	-0.499048	-1.5142	-0.838737	0.327154	1.40632	0.306164	0.845469	0.676047	-0.373223	-0.221094	-0.571206	-0.93296	-0.780984	-0.194135	0.263875	-0.821409	-0.532781	0.274458	0.723813	0.638001	0.329904	
-0.173355	0.53125	0.00350042	0.378818	-0.102322	0.240308	-0.196275	-0.185177	-1.43256	-0.741478	0.368369	1.39359	0.452311	0.698693	0.732571	-0.0628457	-0.549911	-0.628853	-0.678797	-0.90855	-0.369642	0.040356	-0.750602	-0.509508	0.339203	0.526714	1.02041	0.563822	
-0.474519	0.115867	-0.159075	0.031704	-0.100131	0.0670369	0.0012247	0.0585965	-0.849866	-0.361409	0.288236	1.23124	0.493877	0.450329	0.824606	0.284717	-0.768004	-0.677866	-0.420077	-0.654924	-0.50356	-0.207041	-0.6572	-0.507743	0.299081	0.252551	1.22778	0.714598	
-0.746998	-0.250746	-0.388826	-0.289305	-0.17533	-0.154892	0.170633	0.219934	-0.0364717	0.205273	0.0899095	0.961524	0.410731	0.201072	0.895257	0.638844	-0.8285	-0.69255	-0.178512	-0.102995	-0.570195	-0.416663	-0.538205	-0.491681	0.144255	-0.0225881	1.17073	0.776331	
-0.953366	-0.465225	-0.677483	-0.516816	-0.301668	-0.357251	0.295309	0.306914	0.725035	0.775005	-0.197726	0.634104	0.230656	0.0180796	0.914776	0.944357	-0.719425	-0.645943	0.0440959	0.573878	-0.55027	-0.539639	-0.382372	-0.422482	-0.106212	-0.23446	0.856633	0.751537	
-1.09042	-0.482168	-1.00784	-0.619454	-0.439509	-0.487768	0.37677	0.346773	1.24119	1.20669	-0.534505	0.285744	0.000755665	-0.0269616	0.873274	1.16061	-0.476916	-0.529024	0.256282	1.20137	-0.449781	-0.562965	-0.185075	-0.280037	-0.41886	-0.353153	0.341575	0.65345	
-1.17595	-0.326366	-1.35303	-0.605852	-0.551021	-0.524717	0.427912	0.372389	1.44508	1.43367	-0.86973	-0.0513968	-0.222575	0.0524858	0.776988	1.27547	-0.154985	-0.355341	0.466838	1.65998	-0.285256	-0.505686	0.0456145	-0.0677482	-0.749086	-0.380119	-0.285093	0.507567	
-1.23594	-0.0917507	-1.67163	-0.516494	-0.61069	-0.479403	0.461555	0.410885	1.427	1.47506	-1.15966	-0.345562	-0.391262	0.220159	0.652206	1.29861	0.155543	-0.165079	0.673264	1.90707	-0.110297	-0.416048	0.276706	0.173995	-1.04596	-0.345311	-0.894408	0.347495	
-1.2918	0.102077	-1.9192	-0.408108	-0.619062	-0.385702	0.470533	0.475756	1.31297	1.4385	-1.36667	-0.56963	-0.479498	0.442372	0.509339	1.28015	0.377071	-0.0112313	0.853641	1.97907	0.0185744	-0.346828	0.457771	0.388446	-1.26405	-0.284329	-1.37494	0.214836	
-1.3452	0.149912	-2.05806	-0.334657	-0.594564	-0.284989	0.436771	0.564885	1.22877	1.45103	-1.46877	-0.692116	-0.483257	0.687584	0.360198	1.27622	0.444816	0.0554242	0.973317	1.95009	0.0454093	-0.339323	0.533516	0.515486	-1.37034	-0.230186	-1.61836	0.146455	
-1.37884	0.0115126	-2.06119	-0.329516	-0.564089	-0.210008	0.335456	0.659185	1.22845	1.6097	-1.45684	-0.697897	-0.410813	0.955409	0.219329	1.3343	0.32087	0.0025015	0.997124	1.89393	-0.0744535	-0.409445	0.463662	0.509877	-1.34628	-0.199252	-1.56666	0.164036	
-1.36267	-0.283515	-1.92382	-0.396218	-0.545115	-0.174541	0.155607	0.726444	1.27892	1.90128	-1.3304	-0.580272	-0.265369	1.23582	0.113352	1.45878	0.0181913	-0.166372	0.902734	1.83428	-0.346382	-0.53904	0.241147	0.358892	-1.18811	-0.187642	-1.19782	0.261903	
-1.27759	-0.645555	-1.66604	-0.514414	-0.544075	-0.178144	-0.0910736	0.733852	1.31902	2.24945	-1.10825	-0.360414	-0.0574687	1.54387	0.0810629	1.6179	-0.418301	-0.418526	0.690812	1.76249	-0.745602	-0.6932	-0.104489	0.0792581	-0.919475	-0.18825	-0.554671	0.407893	
-1.11698	-0.951208	-1.32808	-0.640406	-0.552323	-0.208708	-0.366969	0.652001	1.27285	2.51206	-0.81308	-0.0823483	0.201518	1.83075	0.150087	1.75445	-0.885064	-0.695313	0.388733	1.63637	-1.19174	-0.823723	-0.505085	-0.276605	-0.583049	-0.185822	0.25735	0.550398	
-0.896998	-1.10069	-0.958584	-0.722633	-0.548984	-0.251597	-0.610063	0.462463	1.14616	2.52655	-0.482169	0.198047	0.490303	2.01289	0.340474	1.79014	-1.26149	-0.930244	0.0434976	1.41491	-1.58125	-0.891322	-0.87215	-0.643231	-0.234532	-0.17291	1.10216	0.631323	
-0.649035	-1.03996	-0.603919	-0.714455	-0.515738	-0.296377	-0.762377	0.164927	0.995131	2.19131	-0.152306	0.422099	0.769162	2.01159	0.629955	1.67281	-1.42643	-1.06867	-0.289576	1.09191	-1.80275	-0.876145	-1.12177	-0.955576	0.0685788	-0.145819	1.79679	0.606712	
-0.403882	-0.773347	-0.305208	-0.58751	-0.450018	-0.340564	-0.789018	-0.216599	0.915348	1.51916	0.141498	0.54987	0.971817	1.74194	0.943566	1.40058	-1.27352	-1.08177	-0.562977	0.725541	-1.75528	-0.780348	-1.19618	-1.16011	0.272152	-0.1058	2.1372	0.463538	
-0.187621	-0.366853	-0.0824139	-0.349858	-0.364807	-0.388228	-0.689434	-0.632965	0.99485	0.653208	0.365784	0.56877	1.03444	1.21485	1.18888	1.02232	-0.798308	-0.979474	-0.739738	0.420564	-1.42542	-0.6338	-1.08665	-1.23723	0.347089	-0.0637692	1.99196	0.223945	
-0.0130914	0.0759468	0.058858	-0.0412762	-0.286887	-0.441681	-0.49954	-1.02166	1.24522	-0.19072	0.502366	0.49934	0.918674	0.503144	1.27181	0.62721	-0.079766	-0.801948	-0.804556	0.282636	-0.87016	-0.47718	-0.833926	-1.1948	0.294844	-0.0244707	1.35898	-0.0572884	
0.111431	0.444824	0.13064	0.265571	-0.243146	-0.500422	-0.275862	-1.31621	1.58293	-0.774019	0.54616	0.388871	0.634531	-0.21054	1.15217	0.311757	0.693919	-0.612434	-0.761708	0.373515	-0.239564	-0.356928	-0.520464	-1.07449	0.150876	-0.00110783	0.412553	-0.312768	
0.179253	0.650243	0.150269	0.487248	-0.253032	-0.561912	-0.0711846	-1.46613	1.88287	-0.923904	0.508234	0.290613	0.247985	-0.73085	0.866128	0.15046	1.29034	-0.478755	-0.627056	0.689708	0.276113	-0.311568	-0.241977	-0.934365	-0.0276271	-0.00743278	-0.548002	-0.48558	
0.181911	0.639418	0.13787	0.550643	-0.315334	-0.619435	0.0869207	-1.44869	2.02194	-0.592094	0.409881	0.254314	-0.126825	-0.912669	0.532412	0.164498	1.48817	-0.451737	-0.425459	1.14888	0.491326	-0.361071	-0.0820501	-0.835203	-0.177395	-0.0582067	-1.15667	-0.545253	
0.109441	0.40995	0.114455	0.415896	-0.408476	-0.66702	0.201198	-1.27436	1.93857	0.128788	0.279407	0.308155	-0.363963	-0.680458	0.315188	0.316317	1.1379	-0.553066	-0.18295	1.60879	0.277093	-0.506335	-0.0895257	-0.826304	-0.244621	-0.162584	-1.10422	-0.497154	
-0.0440104	0.0126654	0.0889791	0.0998293	-0.504471	-0.700423	0.297392	-0.989536	1.66294	1.02538	0.145506	0.449186	-0.375694	-0.11578	0.349952	0.537653	0.264065	-0.766505	0.0687207	1.92071	-0.355632	-0.72077	-0.260979	-0.920865	-0.211727	-0.314619	-0.269408	-0.372461	
-0.278034	-0.474586	0.0658448	-0.334403	-0.573024	-0.718053	0.412685	-0.658165	1.32026	1.8336	0.0260673	0.647271	-0.135175	0.615891	0.717004	0.740123	-0.984447	-1.04433	0.302642	1.9746	-1.29439	-0.964786	-0.547602	-1.10208	-0.0932154	-0.499822	1.2661	-0.219867	
-0.577157	-0.957992	0.0291842	-0.786005	-0.604924	-0.720939	0.565005	-0.346208	1.09228	2.33695	-0.078305	0.846827	0.286	1.28832	1.37382	0.870785	-2.31742	-1.3202	0.491529	1.76445	-2.31162	-1.19227	-0.86799	-1.31479	0.0519486	-0.683964	3.16103	-0.0782454	
-0.906373	-1.33856	-0.0417981	-1.15067	-0.609625	-0.706564	0.735891	-0.0950265	1.08781	2.45394	-0.177193	0.991037	0.749061	1.72024	2.16318	0.934812	-3.41914	-1.52876	0.612081	1.37315	-3.15926	-1.36159	-1.13943	-1.48597	0.150165	-0.828723	4.93922	0.0382131	
-1.22251	-1.55118	-0.169171	-1.35431	-0.61401	-0.673093	0.876277	0.087514	1.35387	2.25508	-0.294873	1.03672	1.08991	1.84217	2.87244	0.982679	-4.05485	-1.62659	0.654252	0.964223	-3.65447	-1.45003	-1.30183	-1.55252	0.134783	-0.902452	6.13492	0.137145	
-1.48167	-1.57694	-0.367627	-1.37841	-0.647493	-0.618885	0.92482	0.219988	1.81555	1.92603	-0.456002	0.969597	1.1858	1.71337	3.30552	1.08896	-4.14248	-1.60241	0.618216	0.71106	-3.73046	-1.45869	-1.33573	-1.4803	-0.0275755	-0.895615	6.47888	0.242605	
-1.65601	-1.44244	-0.632873	-1.26387	-0.725945	-0.544935	0.82953	0.34102	2.3071	1.7095	-0.673469	0.809344	0.991563	1.50673	3.34965	1.31562	-3.78775	-1.4805	0.518433	0.73996	-3.4678	-1.41057	-1.26497	-1.27987	-0.321445	-0.822191	5.97644	0.379875	
-1.7377	-1.20885	-0.940831	-1.08846	-0.846289	-0.458265	0.57184	0.480302	2.64049	1.79106	-0.941016	0.606565	0.559315	1.40826	3.00929	1.68228	-3.20631	-1.30959	0.373021	1.08161	-3.03072	-1.3375	-1.14219	-1.00048	-0.68879	-0.71748	4.89164	0.558944	
-1.73401	-0.954212	-1.241	-0.936264	-0.980492	-0.37229	0.183189	0.643886	2.68222	2.23354	-1.22647	0.427235	0.0281461	1.53803	2.41763	2.14458	-2.66602	-1.14708	0.201393	1.65384	-2.61964	-1.27142	-1.03082	-0.721934	-1.03943	-0.624864	3.65062	0.761785	
-1.65968	-0.739671	-1.47039	-0.85912	-1.08657	-0.304887	-0.266018	0.802647	2.41187	2.9311	-1.47971	0.336466	-0.43904	1.89212	1.76858	2.60217	-2.35337	-1.03897	0.0159507	2.29681	-2.37374	-1.22815	-0.977934	-0.524011	-1.28411	-0.570913	2.65118	0.947522	
-1.52932	-0.587718	-1.57144	-0.859576	-1.12369	-0.27188	-0.685079	0.899904	1.90482	3.64215	-1.64074	0.370477	-0.699266	2.34181	1.24726	2.93857	-2.31201	-1.00671	-0.182696	2.80655	-2.31721	-1.20397	-1.00072	-0.458228	-1.35594	-0.558045	2.14656	1.06627	
-1.36182	-0.485022	-1.51095	-0.892465	-1.06872	-0.281649	-0.994487	0.878792	1.32737	4.09526	-1.66323	0.52864	-0.684305	2.66878	0.971607	3.06	-2.44471	-1.04346	-0.395371	3.02736	-2.37096	-1.17829	-1.08302	-0.534713	-1.23683	-0.55828	2.15326	1.07735	
-1.17869	-0.397768	-1.30794	-0.898158	-0.934377	-0.336923	-1.14757	0.703605	0.879074	4.09916	-1.53934	0.760966	-0.424626	2.69581	0.955218	2.94078	-2.5537	-1.1232	-0.624392	2.91685	-2.38157	-1.13122	-1.18557	-0.714714	-0.96976	-0.535506	2.46859	0.965122	
-1.00135	-0.282879	-1.02592	-0.828542	-0.761664	-0.426026	-1.15021	0.390545	0.683371	3.64885	-1.29836	0.986224	-0.0348076	2.34751	1.10116	2.64816	-2.44385	-1.20981	-0.860683	2.55505	-2.20927	-1.05091	-1.26346	-0.92428	-0.640795	-0.453279	2.75082	0.75456	
-0.857941	-0.117469	-0.754836	-0.677357	-0.604951	-0.526253	-1.04753	0.00398895	0.761018	2.90293	-1.00344	1.12352	0.344787	1.69536	1.26838	2.3022	-2.02015	-1.2705	-1.07993	2.10353	-1.79935	-0.941611	-1.2812	-1.08535	-0.345557	-0.297616	2.7052	0.500282	
-0.778206	0.0717531	-0.590254	-0.496125	-0.514803	-0.618488	-0.89534	-0.362682	1.07249	2.15072	-0.733525	1.10614	0.596849	0.936182	1.34615	2.0383	-1.35091	-1.29223	-1.24637	1.7682	-1.21944	-0.834937	-1.23051	-1.14605	-0.162976	-0.0971031	2.22134	0.261991	
-0.785703	0.222009	-0.596708	-0.371991	-0.515752	-0.687735	-0.743733	-0.611608	1.49614	1.70525	-0.558218	0.917086	0.660302	0.315261	1.28939	1.96029	-0.63819	-1.28128	-1.32054	1.7145	-0.639678	-0.77228	-1.1274	-1.09532	-0.129164	0.0905376	1.40903	0.0956777	
-0.890866	0.256763	-0.789289	-0.390998	-0.601089	-0.730517	-0.612843	-0.686442	1.91171	1.74583	-0.512432	0.589307	0.552652	0.0274028	1.13722	2.09985	-0.116314	-1.25628	-1.28199	1.99253	-0.240212	-0.789412	-1.00096	-0.959427	-0.228439	0.197332	0.548112	0.0289756	
-1.07409	0.125565	-1.11441	-0.595873	-0.730777	-0.752105	-0.492782	-0.58498	2.22868	2.27056	-0.580139	0.197385	0.354732	0.112719	0.998104	2.40621	0.0271602	-1.23837	-1.13344	2.52033	-0.151813	-0.900487	-0.883575	-0.797373	-0.399776	0.174185	-0.0424442	0.0569901	
-1.29579	-0.173179	-1.47804	-0.964395	-0.85162	-0.768813	-0.348185	-0.369514	2.43301	3.05949	-0.708779	-0.169626	0.167549	0.482001	0.998248	2.76882	-0.243797	-1.2419	-0.91032	3.11455	-0.378276	-1.08947	-0.794193	-0.672346	-0.566211	0.00995172	-0.156148	0.147165	
-1.49969	-0.58288	-1.77516	-1.41396	-0.916106	-0.799387	-0.144987	-0.139109	2.58479	3.78362	-0.826511	-0.441803	0.0697657	0.928439	1.22105	3.07132	-0.803784	-1.27	-0.672146	3.56185	-0.797733	-1.31685	-0.736402	-0.62745	-0.662846	-0.261984	0.213912	0.254247	
-1.6472	-1.00967	-1.92828	-1.8308	-0.902899	-0.855468	0.127241	0.0117927	2.76277	4.14055	-0.878682	-0.587491	0.0958929	1.24361	1.68081	3.24284	-1.42192	-1.31649	-0.484525	3.68809	-1.21764	-1.53265	-0.700116	-0.676087	-0.660469	-0.571665	0.883557	0.345074	
-1.73291	-1.3684	-1.92322	-2.11866	-0.8289	-0.94539	0.448687	0.0238249	3.08199	3.98591	-0.850313	-0.63244	0.221771	1.29182	2.31646	3.29353	-1.85419	-1.37359	-0.402331	3.45235	-1.4499	-1.69929	-0.67409	-0.798131	-0.581779	-0.846607	1.56006	0.403927	
-1.78278	-1.61053	-1.80497	-2.23546	-0.73987	-1.06398	0.76401	-0.0928548	3.59295	3.42173	-0.773219	-0.638839	0.384273	1.09671	3.01167	3.31724	-1.96237	-1.43787	-0.448978	2.94866	-1.4124	-1.80544	-0.657809	-0.957941	-0.483171	-1.03258	1.95893	0.44507	
-1.85273	-1.74348	-1.66252	-2.20377	-0.691278	-1.19379	1.00264	-0.275491	4.26797	2.71306	-0.707432	-0.668884	0.516784	0.815254	3.63803	3.44446	-1.75041	-1.50798	-0.614031	2.35982	-1.14738	-1.8633	-0.658929	-1.11474	-0.430919	-1.10518	1.93087	0.503564	
-1.99434	-1.83086	-1.58396	-2.10534	-0.725565	-1.30937	1.10016	-0.422182	5.01402	2.23792	-0.714445	-0.764037	0.577077	0.654094	4.10257	3.78574	-1.39551	-1.59122	-0.852936	1.90286	-0.830331	-1.90609	-0.702459	-1.24573	-0.471929	-1.08407	1.54003	0.616093	
-2.23675	-1.95577	-1.62293	-2.03471	-0.854248	-1.3848	1.02335	-0.445889	5.68951	2.26974	-0.826557	-0.917996	0.563954	0.792618	4.36992	4.37142	-1.13557	-1.69165	-1.1081	1.72962	-0.672402	-1.96523	-0.811236	-1.34756	-0.610703	-1.01033	1.01773	0.804771	
-2.55393	-2.16926	-1.76694	-2.05033	-1.04734	-1.39621	0.776137	-0.312504	6.12336	2.85533	-1.02085	-1.0733	0.511764	1.26298	4.44212	5.1196	-1.14498	-1.79873	-1.32945	1.85956	-0.809957	-2.04547	-0.989836	-1.42182	-0.805898	-0.921847	0.646982	1.06105	
-2.86379	-2.44904	-1.93328	-2.1426	-1.24095	-1.3277	0.398996	-0.0568953	6.14081	3.76718	-1.21765	-1.14828	0.47863	1.95717	4.34486	5.84624	-1.44973	-1.88339	-1.48846	2.1516	-1.23603	-2.11722	-1.21215	-1.47237	-0.976949	-0.833106	0.619648	1.34466	
-3.04511	-2.69487	-1.99904	-2.23056	-1.3513	-1.17895	-0.0403594	0.217799	5.62293	4.54067	-1.30375	-1.07104	0.519655	2.631	4.10239	6.30937	-1.88951	-1.89808	-1.58305	2.36065	-1.77234	-2.11867	-1.41929	-1.48936	-1.03328	-0.730618	0.955643	1.58928	
-2.97781	-2.76846	-1.84684	-2.20182	-1.30603	-0.966202	-0.470458	0.38482	4.54242	4.71	-1.1846	-0.819483	0.660461	3.01894	3.72069	6.29063	-2.18895	-1.7927	-1.62942	2.24703	-2.14728	-1.98223	-1.53882	-1.45236	-0.906683	-0.589737	1.47817	1.71694	
-2.58912	-2.54323	-1.40675	-1.9499	-1.05838	-0.716484	-0.833854	0.327704	2.93022	3.90737	-0.810155	-0.426021	0.899417	2.9546	3.19119	5.65392	-2.04485	-1.52277	-1.65513	1.62433	-2.07645	-1.65438	-1.49327	-1.3344	-0.568278	-0.382193	1.91258	1.66452	
-1.87781	-1.96596	-0.682401	-1.42696	-0.60328	-0.460629	-1.09769	-0.00806089	0.8879	2.07035	-0.203091	0.020706	1.21031	2.4076	2.50094	4.3981	-1.27415	-1.06937	-1.68092	0.444593	-1.3909	-1.1194	-1.23632	-1.11553	-0.0405894	-0.1045	2.01565	1.40164	
-0.925725	-1.08597	0.244516	-0.669847	0.0217871	-0.232536	-1.25383	-0.605465	-1.38818	-0.559485	0.550602	0.401858	1.5547	1.50476	1.66202	2.65279	0.11772	-0.446721	-1.71522	-1.17078	-0.102329	-0.413781	-0.762378	-0.802305	0.613869	0.214789	1.66082	0.934539	
0.134567	-0.0462593	1.24201	0.215416	0.749183	-0.0523867	-1.31749	-1.38	-3.68984	-3.51948	1.32905	0.625466	1.89218	0.477947	0.710437	0.640455	1.93398	0.300462	-1.7536	-2.99016	1.59933	0.388495	-0.113463	-0.424676	1.30951	0.52878	0.900596	0.309718	
1.15244	0.960084	2.16863	1.08308	1.49434	0.0736204	-1.31645	-2.20315	-5.79763	-6.24732	2.01106	0.645009	2.1869	-0.430232	-0.288759	-1.37629	3.8403	1.10124	-1.78402	-4.72738	3.39816	1.19195	0.626201	-0.0370192	1.96153	0.782828	-0.0742526	-0.394613	
2.00208	1.76789	2.91565	1.80701	2.17669	0.155099	-1.28399	-2.9507	-7.53648	-8.32336	2.52372	0.48153	2.4146	-1.07897	-1.26528	-3.1654	5.51564	1.87937	-1.79951	-6.14204	4.99	1.91081	1.35795	0.304847	2.50599	0.947168	-1.01943	-1.09061	
2.6187	2.29663	3.43247	2.32019	2.72685	0.212107	-1.25242	-3.53425	-8.79148	-9.55267	2.84956	0.213364	2.54565	-1.46117	-2.1686	-4.57138	6.75742	2.5675	-1.80515	-7.08797	6.17273	2.49259	1.98664	0.561737	2.9041	1.02699	-1.76129	-1.69859	
3.00306	2.57447	3.7338	2.6352	3.10066	0.264673	-1.25099	-3.9212	-9.54003	-10.028	3.03247	-0.0552101	2.54754	-1.68122	-2.98772	-5.5299	7.5668	3.12187	-1.82043	-7.54711	6.92583	2.92894	2.45556	0.725589	3.14288	1.06283	-2.29751	-2.16257	
3.21634	2.7123	3.88238	2.82382	3.27872	0.327425	-1.29821	-4.12393	-9.84585	-10.0157	3.14175	-0.235227	2.39206	-1.90755	-3.74145	-6.06035	8.0932	3.52392	-1.86215	-7.60147	7.36927	3.24435	2.74257	0.820826	3.23035	1.10669	-2.75463	-2.45922	
3.33585	2.8405	3.95603	2.97036	3.26451	0.393869	-1.39913	-4.18184	-9.77401	-9.78757	3.22939	-0.291944	2.0586	-2.28841	-4.4507	-6.23926	8.54636	3.7742	-1.93424	-7.34097	7.68285	3.47293	2.86039	0.885318	3.1806	1.18772	-3.34539	-2.60578	
3.43189	3.05345	4.02251	3.14613	3.08165	0.448743	-1.54843	-4.14107	-9.46004	-9.55429	3.32078	-0.239635	1.55283	-2.85636	-5.13527	-6.17439	9.11329	3.89451	-2.02311	-6.88161	8.03483	3.64946	2.85146	0.96393	3.0148	1.30867	-4.22963	-2.64483	
3.54387	3.35274	4.12016	3.36524	2.77218	0.470822	-1.72327	-4.02823	-9.0253	-9.34582	3.39696	-0.133896	0.920042	-3.5304	-5.77228	-5.97919	9.81785	3.91218	-2.09189	-6.30664	8.46659	3.78781	2.75891	1.07737	2.76211	1.42832	-5.38784	-2.62816	
3.66887	3.65771	4.24744	3.58828	2.38507	0.442072	-1.89413	-3.85302	-8.54255	-9.05312	3.41793	-0.0484023	0.234831	-4.16874	-6.31422	-5.75018	10.5533	3.85763	-2.09266	-5.64933	8.9106	3.88169	2.62318	1.22336	2.45169	1.48504	-6.65309	-2.60895	
3.78747	3.84696	4.37917	3.75093	1.96991	0.365125	-2.03039	-3.61375	-8.06743	-8.5275	3.3469	-0.0277668	-0.412995	-4.60748	-6.70397	-5.57052	11.1024	3.76008	-1.983	-4.9412	9.20351	3.91717	2.46645	1.37688	2.12259	1.43154	-7.723	-2.61777	
3.8685	3.82498	4.48081	3.79528	1.57317	0.260019	-2.11071	-3.31291	-7.59715	-7.67978	3.17764	-0.0763061	-0.939483	-4.74269	-6.90359	-5.49879	11.2527	3.64204	-1.74602	-4.21263	9.18051	3.88412	2.29652	1.49887	1.81542	1.25706	-8.32541	-2.66187	
3.89707	3.58256	4.52543	3.7059	1.22746	0.165317	-2.13534	-2.97139	-7.14473	-6.57945	2.95584	-0.154236	-1.28354	-4.57024	-6.92933	-5.56406	10.9003	3.521	-1.40169	-3.53253	8.76383	3.78813	2.11017	1.56182	1.57268	1.00609	-8.29548	-2.72129	
3.87389	3.20003	4.50262	3.5075	0.951384	0.115777	-2.12229	-2.62788	-6.67982	-5.41192	2.75468	-0.201053	-1.42585	-4.17682	-6.84044	-5.76627	10.077	3.40155	-1.00275	-2.96637	7.98329	3.64677	1.89767	1.54955	1.42583	0.755438	-7.65189	-2.76934	
3.81246	2.83329	4.41706	3.26997	0.746221	0.130931	-2.1086	-2.33951	-6.197	-4.45327	2.66167	-0.16228	-1.3937	-3.68886	-6.74242	-6.06555	8.99428	3.28367	-0.629272	-2.58144	7.01348	3.49186	1.66008	1.47434	1.38626	0.593549	-6.62792	-2.77902	
3.73824	2.63375	4.28797	3.06204	0.603154	0.200677	-2.13244	-2.15315	-5.70104	-3.88468	2.73332	-0.0136765	-1.23674	-3.22091	-6.72589	-6.39387	7.89754	3.15369	-0.358794	-2.39003	6.06051	3.34289	1.39696	1.35281	1.44986	0.568492	-5.53011	-2.74028	
3.67129	2.67829	4.14204	2.91969	0.511988	0.282328	-2.21785	-2.09234	-5.17515	-3.72267	2.97332	0.220656	-1.00655	-2.84743	-6.82181	-6.67515	6.98807	2.99015	-0.242569	-2.32711	5.2916	3.19975	1.11185	1.19683	1.5968	0.663896	-4.6354	-2.67423	
3.6268	2.93803	4.00803	2.84313	0.461601	0.318088	-2.36864	-2.15283	-4.64947	-3.82686	3.33531	0.490707	-0.74091	-2.5513	-6.99754	-6.84479	6.35855	2.77491	-0.298427	-2.30828	4.78439	3.04717	0.811194	1.01132	1.80131	0.806855	-4.06256	-2.61549	
3.60839	3.27751	3.91338	2.7856	0.450677	0.250466	-2.55783	-2.2989	-4.13974	-3.9283	3.73466	0.73538	-0.449332	-2.27697	-7.1416	-6.87817	5.94231	2.49658	-0.501301	-2.23147	4.48455	2.85634	0.499784	0.780812	2.03983	0.885065	-3.72616	-2.61125	
3.61272	3.51044	3.87009	2.68561	0.475304	0.0500346	-2.74095	-2.47981	-3.66309	-3.77029	4.08075	0.905778	-0.126001	-1.97811	-7.11478	-6.78422	5.58823	2.15967	-0.799417	-2.02323	4.26539	2.60284	0.184004	0.492503	2.287	0.800571	-3.40112	-2.68961	
3.63811	3.48805	3.88101	2.49661	0.532593	-0.265778	-2.86863	-2.63836	-3.25391	-3.20452	4.30259	0.986223	0.23606	-1.63372	-6.80852	-6.6093	5.11342	1.78602	-1.12314	-1.67984	3.9689	2.2828	-0.12633	0.144811	2.52189	0.516855	-2.8341	-2.84948	
3.67614	3.16885	3.92922	2.21897	0.611968	-0.629955	-2.90555	-2.73082	-2.95468	-2.2977	4.37518	1.00109	0.626654	-1.28333	-6.19844	-6.40781	4.42435	1.41466	-1.40999	-1.27361	3.50285	1.92631	-0.413084	-0.234328	2.72109	0.0879782	-1.89922	-3.04648	
3.71705	2.64659	3.97493	1.89893	0.68852	-0.947187	-2.84518	-2.73776	-2.78316	-1.27819	4.31459	1.0041	1.00454	-0.997901	-5.36828	-6.21802	3.54655	1.08385	-1.6221	-0.913935	2.87106	1.58264	-0.658097	-0.593476	2.85378	-0.35852	-0.658204	-3.20681	
3.74324	2.08988	3.97281	1.60455	0.738471	-1.11927	-2.70331	-2.65322	-2.73906	-0.441993	4.16126	1.04998	1.31913	-0.867214	-4.47052	-6.04994	2.58375	0.821622	-1.74023	-0.707425	2.14006	1.3071	-0.844434	-0.871123	2.8963	-0.665431	0.696105	-3.25076	
3.71805	1.68601	3.8643	1.40502	0.730588	-1.08184	-2.51712	-2.49166	-2.77758	-0.0237674	3.95384	1.17252	1.50653	-0.933204	-3.69992	-5.86385	1.70663	0.637265	-1.77161	-0.701848	1.43562	1.13999	-0.961259	-1.00883	2.81988	-0.701752	1.87103	-3.11269	
3.60947	1.56262	3.61261	1.33538	0.650628	-0.827468	-2.32249	-2.27253	-2.83313	-0.0815663	3.71148	1.38233	1.5311	-1.16909	-3.19923	-5.61421	1.0243	0.515009	-1.73356	-0.866766	0.843178	1.08655	-1.01214	-0.989817	2.61768	-0.418805	2.63777	-2.77896	
3.39305	1.71232	3.20418	1.37593	0.499252	-0.412252	-2.14039	-2.0172	-2.78703	-0.471419	3.42636	1.65316	1.39677	-1.49936	-3.00757	-5.25858	0.552822	0.419748	-1.64746	-1.08098	0.380081	1.11198	-1.01648	-0.84352	2.30092	0.127623	2.91732	-2.28894	
3.0687	2.01302	2.66697	1.46538	0.298422	0.0628143	-1.9708	-1.74648	-2.55382	-0.920794	3.07632	1.94638	1.15362	-1.77703	-3.05169	-4.79522	0.195953	0.311317	-1.53117	-1.2172	-0.0155249	1.15552	-1.00497	-0.641825	1.90775	0.796742	2.83676	-1.72882	
2.66039	2.26672	2.06386	1.52285	0.0828667	0.481966	-1.79406	-1.4767	-2.09383	-1.14592	2.64282	2.22062	0.882477	-1.87008	-3.16821	-4.26281	-0.196059	0.159833	-1.39622	-1.16918	-0.44516	1.15102	-1.0082	-0.473011	1.49345	1.40795	2.66519	-1.20223	
2.21131	2.29476	1.46492	1.47967	-0.118535	0.748688	-1.58588	-1.22751	-1.39234	-0.982683	2.12484	2.44268	0.655765	-1.69674	-3.17365	-3.72629	-0.731777	-0.0445861	-1.25755	-0.895714	-0.97418	1.04964	-1.04695	-0.408134	1.10351	1.8063	2.67615	-0.795369	
1.78168	2.01312	0.946775	1.31084	-0.280424	0.825688	-1.33342	-1.00423	-0.569849	-0.456241	1.55096	2.59782	0.526736	-1.22282	-2.93178	-3.25571	-1.4495	-0.283941	-1.12342	-0.466738	-1.61554	0.841793	-1.12351	-0.47445	0.776212	1.91883	3.04434	-0.542909	
1.41647	1.47208	0.546178	1.04058	-0.402038	0.738743	-1.04897	-0.804336	0.209133	0.240069	0.970064	2.6834	0.490207	-0.491809	-2.42477	-2.87208	-2.24593	-0.517774	-1.004	-0.010769	-2.28003	0.559063	-1.21849	-0.636067	0.512769	1.77516	3.71777	-0.414293	
1.14105	0.837501	0.26348	0.731519	-0.497172	0.567064	-0.765375	-0.613904	0.756985	0.820673	0.437137	2.71791	0.497396	0.42328	-1.73502	-2.55795	-2.95712	-0.702679	-0.908117	0.309669	-2.83685	0.25915	-1.30272	-0.81868	0.291746	1.48924	4.48422	-0.332094	
0.945663	0.302123	0.0615771	0.45193	-0.58612	0.412802	-0.524354	-0.409958	0.94183	1.05353	-0.00613536	2.71147	0.474307	1.39583	-1.0183	-2.24166	-3.40994	-0.80436	-0.840334	0.38302	-3.15741	0.00372603	-1.34381	-0.931151	0.0756081	1.21063	5.04644	-0.196609	
0.792118	0.0136645	-0.123973	0.250184	-0.690627	0.362529	-0.358658	-0.17144	0.724155	0.85481	-0.347993	2.67004	0.352848	2.32256	-0.437923	-1.83572	-3.50951	-0.812369	-0.800413	0.175578	-3.17629	-0.165073	-1.32072	-0.903532	-0.174088	1.06746	5.17046	0.0722717	
0.634064	0.0116959	-0.348912	0.136256	-0.815002	0.457785	-0.274807	0.113836	0.171524	0.34803	-0.604114	2.59617	0.107139	3.11537	-0.0917944	-1.28023	-3.30634	-0.747349	-0.778009	-0.235042	-2.94584	-0.243482	-1.23455	-0.722269	-0.471185	1.11609	4.79437	0.496935	
0.434287	0.213982	-0.651827	0.0800758	-0.951445	0.677115	-0.244402	0.429938	-0.500638	-0.224144	-0.806053	2.48205	-0.243191	3.69147	0.022647	-0.571424	-2.94035	-0.649438	-0.765764	-0.695096	-2.58374	-0.260314	-1.10079	-0.428429	-0.808524	1.3304	4.0314	1.03256	
0.18364	0.456057	-1.02568	0.0294191	-1.07422	0.950519	-0.214623	0.741046	-1.05473	-0.587163	-0.982791	2.32198	-0.625768	4.02204	0.00934867	0.220735	-2.6249	-0.567323	-0.753323	-1.03501	-2.25902	-0.267383	-0.950465	-0.110336	-1.14899	1.61649	3.1508	1.57999	
-0.108296	0.561672	-1.43548	-0.0665552	-1.15737	1.18115	-0.126507	0.997162	-1.26695	-0.546109	-1.14912	2.10341	-0.953614	4.07187	0.0117312	0.991222	-2.5156	-0.537659	-0.734597	-1.11011	-2.08974	-0.316117	-0.808296	0.141136	-1.4493	1.85152	2.43847	2.02244	
-0.409322	0.427305	-1.82981	-0.232421	-1.18622	1.28305	0.0603323	1.15132	-1.01646	-0.077604	-1.30512	1.82067	-1.16122	3.83593	0.155082	1.62598	-2.65016	-0.573658	-0.708089	-0.860404	-2.0978	-0.43406	-0.684607	0.26742	-1.67933	1.93391	2.07983	2.26579	
-0.679918	0.065372	-2.15211	-0.451897	-1.15674	1.21487	0.346275	1.18148	-0.357385	0.673886	-1.43263	1.47088	-1.22449	3.33387	0.47802	2.05895	-2.9229	-0.654713	-0.672222	-0.333864	-2.19449	-0.61155	-0.569639	0.264266	-1.82897	1.82205	2.05812	2.27581	
-0.887548	-0.402381	-2.37632	-0.678214	-1.09078	0.98695	0.689387	1.10026	0.528309	1.46561	-1.51717	1.05116	-1.18693	2.61225	0.911582	2.30386	-3.1043	-0.735692	-0.626479	0.348761	-2.20024	-0.805495	-0.432617	0.190588	-1.92393	1.54307	2.14688	2.08977	
-1.01549	-0.807466	-2.49681	-0.85877	-1.01363	0.659839	1.02088	0.961709	1.38274	2.08213	-1.5584	0.573203	-1.129	1.7544	1.32051	2.43763	-2.99228	-0.767593	-0.56044	1.03838	-1.9661	-0.962377	-0.247971	0.128382	-2.00209	1.16674	2.05656	1.79563	
-1.0692	-1.00708	-2.5364	-0.949734	-0.953593	0.319873	1.26828	0.837568	1.95639	2.39239	-1.57271	0.0532709	-1.14747	0.84895	1.54779	2.57518	-2.45139	-0.706579	-0.463489	1.591	-1.39945	-1.02945	0.00499803	0.163054	-2.10472	0.786423	1.54049	1.50594	
-1.0622	-0.937977	-2.53085	-0.938413	-0.929421	0.0494964	1.38412	0.796195	2.09978	2.41381	-1.59337	-0.476129	-1.31133	-0.0146227	1.49579	2.81155	-1.51139	-0.537305	-0.324643	1.92433	-0.54106	-0.982436	0.319407	0.33767	-2.25799	0.478814	0.528392	1.31013	
-1.01999	-0.64949	-2.51772	-0.847899	-0.947417	-0.102974	1.36245	0.874646	1.82789	2.28595	-1.65197	-0.975363	-1.63033	-0.738792	1.17167	3.17838	-0.367329	-0.280559	-0.141163	2.03798	0.441777	-0.837297	0.658534	0.632083	-2.45775	0.276657	-0.827246	1.24561	
-0.964626	-0.270505	-2.52875	-0.725191	-1.00627	-0.135286	1.24221	1.06166	1.32046	2.18778	-1.76691	-1.40994	-2.06081	-1.27539	0.691088	3.62942	0.716941	0.0123503	0.0740555	2.01226	1.33475	-0.639188	0.970893	0.980164	-2.68242	0.169768	-2.22955	1.29141	
-0.911917	0.0477729	-2.57302	-0.623723	-1.09327	-0.0857435	1.08932	1.30257	0.847753	2.2408	-1.92712	-1.74618	-2.50154	-1.58458	0.246396	4.05627	1.47257	0.274169	0.295046	1.95104	1.92812	-0.452028	1.19628	1.28108	-2.8903	0.115829	-3.3378	1.38254	
-0.881477	0.193955	-2.65642	-0.580904	-1.20287	-0.0164123	0.96947	1.5132	0.665267	2.46212	-2.09829	-1.97576	-2.84629	-1.65404	0.0181008	4.34117	1.77016	0.443287	0.482519	1.96501	2.12842	-0.332079	1.29658	1.45426	-3.05058	0.0682785	-3.92151	1.44519	
-0.885846	0.143781	-2.76943	-0.611139	-1.32965	0.0158849	0.923259	1.62084	0.918397	2.78399	-2.2386	-2.10315	-3.01322	-1.51697	0.112931	4.40352	1.62418	0.481208	0.602511	2.12868	1.95822	-0.311962	1.25933	1.45954	-3.14878	-0.0110092	-3.92272	1.42655	
-0.929074	-0.0419838	-2.89618	-0.693104	-1.47008	-0.0188627	0.950253	1.58035	1.55486	3.0601	-2.30684	-2.14928	-2.97395	-1.21449	0.510794	4.24057	1.21848	0.391085	0.631931	2.43477	1.57411	-0.381953	1.11258	1.31923	-3.19024	-0.126463	-3.50508	1.31882	
-0.998399	-0.24048	-3.01475	-0.781008	-1.61721	-0.113856	1.01547	1.39251	2.37649	3.14846	-2.28091	-2.14668	-2.76905	-0.84881	1.07137	3.92736	0.830112	0.21615	0.569724	2.81614	1.20295	-0.496122	0.915554	1.1079	-3.19927	-0.251975	-2.98724	1.15592	
-1.06471	-0.337324	-3.08896	-0.829462	-1.75069	-0.235663	1.06518	1.10198	3.10182	2.97662	-2.16512	-2.11833	-2.4776	-0.4924	1.59858	3.57204	0.683195	0.0230123	0.441558	3.15605	1.02328	-0.595469	0.732535	0.910014	-3.18986	-0.357996	-2.67167	0.989724	
-1.0877	-0.271145	-3.08319	-0.799167	-1.84322	-0.337459	1.0537	0.774166	3.46127	2.57021	-1.98859	-2.09324	-2.20441	-0.240898	1.89502	3.2766	0.913763	-0.112488	0.290456	3.33863	1.14534	-0.618745	0.623911	0.80314	-3.17104	-0.417164	-2.7441	0.866698	
-1.02016	-0.049985	-2.95629	-0.67445	-1.85863	-0.382836	0.964469	0.471427	3.30546	2.02201	-1.78726	-2.0798	-2.0257	-0.171043	1.85323	3.08005	1.49183	-0.132868	0.164989	3.2665	1.54558	-0.530944	0.621657	0.815335	-3.12426	-0.421661	-3.18199	0.79571	
-0.839772	0.24844	-2.69382	-0.465425	-1.77199	-0.366654	0.821596	0.220378	2.69456	1.43155	-1.59305	-2.09349	-1.97627	-0.295866	1.48586	2.94197	2.28329	-0.0145478	0.10057	2.91824	2.12069	-0.332263	0.728839	0.92706	-3.02443	-0.388642	-3.8074	0.740927	
-0.560927	0.522872	-2.31011	-0.204712	-1.57795	-0.313977	0.675583	0.0211727	1.86094	0.910297	-1.4267	-2.14822	-2.04453	-0.6082	0.910063	2.77149	3.08832	0.22368	0.11329	2.37205	2.71806	-0.0590762	0.917729	1.08163	-2.85185	-0.357038	-4.36322	0.639675	
-0.234626	0.687652	-1.85396	0.0643052	-1.29724	-0.270459	0.584957	-0.150511	1.10937	0.52606	-1.29252	-2.25463	-2.17311	-1.05188	0.310741	2.47488	3.72788	0.527207	0.196453	1.76924	3.19745	0.229541	1.14349	1.2088	-2.60175	-0.368257	-4.63884	0.430095	
0.0561928	0.716912	-1.40323	0.307219	-0.975764	-0.277865	0.587115	-0.324933	0.695423	0.279085	-1.17834	-2.41246	-2.28849	-1.55585	-0.150788	2.00478	4.11598	0.827166	0.321013	1.27041	3.49056	0.47547	1.35836	1.2602	-2.29666	-0.442571	-4.54618	0.087585	
0.219305	0.640441	-1.0384	0.496147	-0.671099	-0.358306	0.681269	-0.512726	0.734332	0.153704	-1.07086	-2.59905	-2.32367	-2.03682	-0.376624	1.38988	4.25188	1.05531	0.451259	1.01403	3.58714	0.633545	1.52118	1.21794	-1.97665	-0.579674	-4.14125	-0.361894	
0.187337	0.528201	-0.831681	0.62392	-0.442229	-0.499845	0.827761	-0.697548	1.14936	0.139161	-0.963311	-2.78331	-2.25263	-2.46323	-0.380092	0.753576	4.23419	1.17073	0.553984	1.06961	3.55657	0.692882	1.61203	1.11136	-1.70026	-0.747059	-3.61588	-0.833263	
-0.0455908	0.457284	-0.804124	0.701582	-0.322891	-0.653914	0.960403	-0.83805	1.69817	0.213277	-0.855452	-2.90693	-2.08507	-2.82916	-0.256846	0.254262	4.1744	1.16737	0.609318	1.3891	3.47435	0.6728	1.62689	0.991921	-1.50744	-0.889385	-3.18336	-1.21258	
-0.418294	0.473628	-0.92576	0.746053	-0.315703	-0.760573	1.01546	-0.891686	2.10827	0.345246	-0.75259	-2.91928	-1.86067	-3.15539	-0.132846	0.0226592	4.16296	1.07264	0.616267	1.83915	3.4017	0.612018	1.57634	0.910452	-1.41088	-0.951229	-3.00847	-1.39916	
-0.819729	0.576662	-1.12315	0.776632	-0.39523	-0.767545	0.948958	-0.827163	2.13696	0.520823	-0.661754	-2.78119	-1.63559	-3.47166	-0.12369	0.1243	4.22295	0.932964	0.585266	2.24633	3.35744	0.551826	1.47536	0.898926	-1.39316	-0.897101	-3.1236	-1.33451	
-1.12301	0.715722	-1.30011	0.802181	-0.515426	-0.656245	0.760787	-0.647776	1.71555	0.711206	-0.587009	-2.49737	-1.45539	-3.80477	-0.264271	0.520011	4.31647	0.793993	0.534507	2.45776	3.3208	0.517632	1.34214	0.953314	-1.40979	-0.725225	-3.44251	-1.03284	
-1.23464	0.824432	-1.37982	0.823422	-0.630033	-0.453476	0.49021	-0.399939	0.954066	0.850742	-0.522335	-2.1135	-1.34266	-4.11994	-0.516725	1.08653	4.39028	0.686448	0.474477	2.38317	3.26901	0.512954	1.19285	1.04224	-1.41131	-0.47277	-3.80942	-0.573942	
-1.13059	0.846883	-1.32428	0.829644	-0.704496	-0.223772	0.201929	-0.154269	0.121909	0.880106	-0.460328	-1.71069	-1.29237	-4.32637	-0.777978	1.65506	4.3881	0.613245	0.41132	2.04637	3.17522	0.515217	1.0393	1.11423	-1.36167	-0.209814	-4.07934	-0.0822204	
-0.864325	0.762845	-1.15778	0.802963	-0.730806	-0.0509151	-0.0380653	0.0214986	-0.496884	0.821815	-0.394008	-1.3866	-1.27972	-4.35383	-0.937439	2.09524	4.29367	0.551126	0.345202	1.59419	3.0416	0.489998	0.891954	1.12441	-1.25729	-0.016009	-4.19216	0.319636	
-0.542696	0.58995	-0.940228	0.729673	-0.714283	-0.00228354	-0.178381	0.0787081	-0.695938	0.694436	-0.32018	-1.20563	-1.25414	-4.11648	-0.903922	2.32567	4.10676	0.464592	0.273858	1.18777	2.87393	0.404925	0.75534	1.04404	-1.11061	0.0436398	-4.13044	0.542228	
-0.293174	0.37134	-0.747996	0.600349	-0.670751	-0.11215	-0.198364	0.00254176	-0.395182	0.547218	-0.236932	-1.19251	-1.16277	-3.5903	-0.644995	2.33407	3.85542	0.320179	0.198531	0.980132	2.68744	0.244177	0.633286	0.868844	-0.948339	-0.0600395	-3.94134	0.551627	
-0.213827	0.160982	-0.646154	0.419654	-0.62016	-0.36536	-0.113279	-0.180597	0.280716	0.451186	-0.149011	-1.31048	-0.969897	-2.81134	-0.204596	2.18275	3.56313	0.102594	0.123513	1.03879	2.48772	0.0173426	0.524092	0.623157	-0.797947	-0.310954	-3.66186	0.380161	
-0.330167	-0.00806369	-0.650443	0.199634	-0.566987	-0.699556	0.0422636	-0.416092	1.11528	0.429794	-0.061753	-1.47814	-0.656021	-1.89082	0.341092	1.94314	3.21446	-0.176922	0.0639472	1.3144	2.24542	-0.245303	0.42222	0.341755	-0.66439	-0.64831	-3.28156	0.101445	
-0.595758	-0.126458	-0.733042	-0.041291	-0.508023	-1.032	0.223998	-0.6438	1.85716	0.457191	0.0236878	-1.60088	-0.231628	-0.971591	0.897663	1.68018	2.79154	-0.483623	0.0344171	1.66884	1.93253	-0.502017	0.320388	0.062629	-0.534837	-0.986776	-2.76471	-0.193479	
-0.908738	-0.208691	-0.823208	-0.28095	-0.428772	-1.28132	0.393727	-0.814122	2.32353	0.443648	0.113652	-1.60024	0.275441	-0.19247	1.3909	1.41168	2.25721	-0.769934	0.0465453	1.9177	1.51151	-0.714495	0.210177	-0.186696	-0.375777	-1.24162	-2.03869	-0.429695	
-1.16157	-0.289497	-0.85003	-0.504137	-0.322146	-1.39825	0.522857	-0.895711	2.43928	0.336539	0.213587	-1.45259	0.813623	0.32474	1.77785	1.1414	1.60627	-0.99327	0.0995601	1.93451	0.980898	-0.859942	0.0886533	-0.389032	-0.161421	-1.35522	-1.08472	-0.561917	
-1.27971	-0.401834	-0.765781	-0.701816	-0.1886	-1.37607	0.603224	-0.888652	2.2631	0.0861403	0.323353	-1.19287	1.32913	0.537544	2.05717	0.860174	0.876574	-1.12748	0.178655	1.66052	0.381855	-0.938139	-0.0415226	-0.537202	0.120499	-1.31867	0.0660288	-0.585317	
-1.24466	-0.557966	-0.564272	-0.869285	-0.0399815	-1.24814	0.632943	-0.811654	1.93691	-0.285261	0.443428	-0.896097	1.76982	0.469099	2.24312	0.574043	0.151601	-1.17207	0.257811	1.15815	-0.20821	-0.966909	-0.171115	-0.634473	0.455541	-1.16623	1.26922	-0.525057	
-1.10089	-0.744966	-0.292333	-1.00187	0.0983117	-1.07145	0.613207	-0.689554	1.56653	-0.64534	0.563388	-0.649794	2.09094	0.188808	2.33986	0.338238	-0.45374	-1.15028	0.306006	0.585964	-0.689465	-0.971304	-0.286707	-0.682403	0.799865	-0.961044	2.31327	-0.412958	
-0.921994	-0.931737	-0.0198117	-1.09728	0.206266	-0.901072	0.551091	-0.549116	1.23082	-0.842641	0.669257	-0.505913	2.27664	-0.193211	2.3545	0.212188	-0.860929	-1.1002	0.296976	0.109738	-0.995232	-0.976234	-0.379557	-0.689515	1.10359	-0.774596	3.01175	-0.283469	
-0.785945	-1.08093	0.181577	-1.15121	0.270706	-0.774877	0.456427	-0.41672	0.949389	-0.771311	0.750731	-0.472073	2.33045	-0.5555	2.28338	0.240827	-1.02133	-1.05887	0.215535	-0.153783	-1.08964	-0.994482	-0.444309	-0.667138	1.32347	-0.655665	3.24879	-0.157194	
