-0.0761206	0.249917	-0.00643892	0.173355	-0.415196	-0.233981	0.00388172	0.15828	0.733629	0.768705	-0.207946	0.457926	-0.380132	0.225703	0.225489	0.046906	0.147423	-0.399752	0.416158	0.933099	-0.22031	0.0401603	0.0790688	-0.100077	-0.323497	0.141219	-0.303826	-0.0184162	
-0.244363	0.0547702	-0.230111	0.0513686	-0.33405	-0.0917363	0.0679264	0.351715	0.896994	0.974929	-0.408256	0.0304526	-0.599619	0.0446151	0.251666	0.149465	-0.0764823	-0.41579	0.427856	1.21847	-0.298243	0.0113937	0.0521722	0.0319203	-0.425226	0.0644535	-0.324165	0.172523	
-0.384851	-0.113251	-0.468061	-0.0896975	-0.242741	0.0575406	0.123926	0.507701	0.964573	1.11568	-0.59697	-0.439818	-0.760569	-0.181371	0.241492	0.283859	-0.305058	-0.405362	0.418252	1.39675	-0.346548	-0.0196033	0.0227968	0.178375	-0.515112	-0.0571018	-0.331301	0.299391	
-0.447386	-0.209665	-0.636936	-0.206436	-0.170836	0.194527	0.138015	0.598786	0.901847	1.16069	-0.723405	-0.836116	-0.783018	-0.391123	0.175811	0.414008	-0.455276	-0.348543	0.37509	1.42379	-0.334602	-0.033897	-0.0134953	0.306549	-0.549681	-0.216605	-0.339663	0.357872	
-0.413964	-0.221801	-0.682674	-0.275488	-0.138824	0.293836	0.087457	0.618638	0.711679	1.1062	-0.758122	-1.0493	-0.659013	-0.515987	0.052137	0.508289	-0.480018	-0.251902	0.289881	1.29472	-0.259185	-0.034659	-0.0635054	0.383573	-0.515575	-0.368404	-0.361944	0.374419	
-0.295792	-0.15711	-0.591464	-0.268645	-0.155487	0.350741	-0.0329363	0.580353	0.432597	0.970909	-0.69785	-1.03325	-0.450098	-0.514618	-0.118799	0.546579	-0.370372	-0.137049	0.1633	1.0419	-0.141146	-0.0180583	-0.128521	0.393209	-0.438121	-0.465437	-0.408518	0.386909	
-0.127761	-0.0340605	-0.385327	-0.185945	-0.202515	0.365291	-0.199938	0.502083	0.11515	0.782197	-0.563566	-0.792019	-0.221519	-0.373284	-0.31209	0.513248	-0.156741	-0.0296871	0.0055213	0.710955	-0.00783992	0.00619496	-0.202434	0.338083	-0.341101	-0.435548	-0.47479	0.413804	
0.0454685	0.119218	-0.120194	-0.046091	-0.239041	0.345577	-0.37516	0.401685	-0.191681	0.563103	-0.393584	-0.41067	-0.0700122	-0.132331	-0.493734	0.416772	0.101206	0.0529417	-0.165696	0.349734	0.113913	0.0316663	-0.269113	0.238228	-0.25756	-0.264597	-0.545673	0.45487	
0.184897	0.27268	0.137283	0.118506	-0.230721	0.302835	-0.514514	0.288849	-0.451988	0.332306	-0.220993	-0.0104121	-0.0499954	0.13491	-0.630781	0.272314	0.340115	0.112031	-0.326761	-0.0014636	0.208375	0.0538358	-0.3109	0.122898	-0.206795	0.00904594	-0.599785	0.48818	
0.270438	0.415455	0.334495	0.276448	-0.15703	0.244903	-0.587637	0.15833	-0.655725	0.0938052	-0.0674207	0.303597	-0.132748	0.349132	-0.708501	0.102529	0.51363	0.156036	-0.460476	-0.320212	0.274144	0.0740565	-0.316956	0.0160502	-0.180125	0.2991	-0.621061	0.469067	
0.309542	0.534507	0.45264	0.411312	-0.0185087	0.191577	-0.582722	0.00586639	-0.809516	-0.155509	0.0679057	0.454981	-0.248988	0.452032	-0.729675	-0.076162	0.611342	0.206728	-0.551744	-0.597531	0.326775	0.10854	-0.281169	-0.0597643	-0.144063	0.508557	-0.593406	0.374081	
0.324732	0.615969	0.504805	0.502482	0.161417	0.148121	-0.508385	-0.169246	-0.926687	-0.415273	0.194456	0.447526	-0.29289	0.433202	-0.709712	-0.25373	0.648826	0.27935	-0.594922	-0.833053	0.385319	0.15955	-0.212968	-0.100112	-0.0569789	0.570155	-0.516145	0.198957	
0.342561	0.646595	0.524096	0.559685	0.338198	0.121911	-0.395939	-0.35762	-1.01955	-0.678965	0.326719	0.331438	-0.197085	0.319492	-0.665106	-0.421735	0.656784	0.378893	-0.598826	-1.02977	0.460217	0.235918	-0.130861	-0.11364	0.100579	0.45279	-0.400774	-0.0291095	
0.37666	0.614646	0.553705	0.579015	0.470287	0.102584	-0.278023	-0.537455	-1.08855	-0.925699	0.47976	0.191244	0.0539631	0.170928	-0.600249	-0.574172	0.663329	0.498333	-0.572712	-1.18671	0.552161	0.322283	-0.0536578	-0.119503	0.332604	0.213631	-0.264669	-0.258264	
0.422368	0.508945	0.615037	0.557764	0.539962	0.070957	-0.177505	-0.680269	-1.1163	-1.11857	0.644963	0.0948808	0.392366	0.0416655	-0.508527	-0.690797	0.675076	0.614242	-0.526808	-1.28607	0.647015	0.39356	0.00603398	-0.137692	0.598879	-0.0721728	-0.123035	-0.439625	
0.458466	0.329333	0.705006	0.499159	0.538511	0.00830161	-0.102387	-0.757172	-1.07428	-1.21762	0.805741	0.0709828	0.697662	-0.0358567	-0.372315	-0.758606	0.677688	0.694901	-0.464307	-1.30487	0.718374	0.423735	0.0460931	-0.181659	0.841053	-0.323746	0.0106867	-0.535402	
0.459087	0.102677	0.799079	0.397581	0.489698	-0.0967877	-0.0372142	-0.753008	-0.944957	-1.19873	0.934755	0.0983251	0.883835	-0.0656973	-0.186142	-0.764405	0.645343	0.716258	-0.383565	-1.2295	0.744916	0.388447	0.0772544	-0.250021	1.00883	-0.478082	0.133399	-0.548492	
0.403462	-0.140924	0.857654	0.249518	0.431121	-0.244486	0.0414259	-0.67074	-0.735176	-1.06983	1.00566	0.112015	0.88725	-0.0844656	0.04395	-0.706531	0.550801	0.670827	-0.282706	-1.06711	0.712997	0.279543	0.117257	-0.329528	1.07083	-0.524958	0.252729	-0.50622	
0.287397	-0.366347	0.842458	0.0483455	0.397675	-0.417354	0.15385	-0.524661	-0.471197	-0.862062	1.00689	0.0460618	0.724894	-0.139623	0.290997	-0.592866	0.382828	0.573908	-0.157277	-0.843283	0.622089	0.107883	0.180227	-0.396744	1.02865	-0.51087	0.370701	-0.451943	
0.124244	-0.542882	0.729596	-0.17985	0.400958	-0.573581	0.300777	-0.343247	-0.202351	-0.629489	0.940679	-0.130776	0.490716	-0.259371	0.505809	-0.44914	0.15086	0.448661	-0.015986	-0.599485	0.478841	-0.0870182	0.264643	-0.428584	0.91031	-0.502487	0.486202	-0.426224	
-0.0581936	-0.654915	0.528016	-0.412465	0.434782	-0.664235	0.463836	-0.150064	0.017533	-0.42392	0.828265	-0.394114	0.301708	-0.428955	0.634405	-0.301746	-0.112762	0.322725	0.131144	-0.37746	0.301255	-0.260265	0.358867	-0.405574	0.767404	-0.529768	0.59122	-0.433375	
-0.228555	-0.708874	0.267627	-0.619336	0.479668	-0.655006	0.606225	0.0353466	0.139086	-0.282989	0.69212	-0.67251	0.266576	-0.604253	0.628223	-0.168503	-0.368662	0.211629	0.264093	-0.214207	0.108532	-0.375488	0.433497	-0.321933	0.64015	-0.613429	0.670117	-0.456495	
-0.364512	-0.725302	-0.00517051	-0.771654	0.503785	-0.536772	0.683205	0.204947	0.135963	-0.220067	0.554404	-0.864018	0.40769	-0.716047	0.480301	-0.0615944	-0.582317	0.121279	0.361134	-0.131796	-0.0830563	-0.413954	0.457453	-0.188336	0.551901	-0.722257	0.702086	-0.453437	
-0.455537	-0.721669	-0.242019	-0.85057	0.486422	-0.321788	0.662336	0.363606	0.0100442	-0.218106	0.435567	-0.895789	0.67032	-0.706498	0.222821	0.025388	-0.731116	0.0562883	0.409657	-0.13207	-0.255487	-0.380416	0.413795	-0.0214552	0.499715	-0.780635	0.669387	-0.373195	
-0.509962	-0.716099	-0.414023	-0.847884	0.417712	-0.0555105	0.533864	0.512528	-0.205417	-0.239283	0.338825	-0.721722	0.939511	-0.541583	-0.0768441	0.10347	-0.817392	0.00883666	0.405131	-0.191786	-0.399691	-0.306304	0.303021	0.149604	0.456129	-0.712062	0.568952	-0.19317	
-0.539892	-0.712515	-0.512538	-0.764945	0.306435	0.217036	0.321601	0.654994	-0.446234	-0.236203	0.264365	-0.372134	1.08378	-0.24005	-0.336692	0.184676	-0.854603	-0.0260547	0.362146	-0.267798	-0.507189	-0.221881	0.151668	0.304341	0.394787	-0.481325	0.415003	0.0770753	
-0.565645	-0.713541	-0.558964	-0.62641	0.170628	0.447994	0.075695	0.786145	-0.63924	-0.171776	0.199591	0.0554184	1.02023	0.127956	-0.486577	0.275481	-0.870899	-0.0579128	0.300862	-0.313304	-0.579683	-0.165451	-0.00114426	0.426176	0.289893	-0.105992	0.236848	0.396152	
-0.598594	-0.708936	-0.585866	-0.464497	0.0364644	0.611734	-0.140196	0.892782	-0.71935	-0.034183	0.131136	0.454984	0.739225	0.481139	-0.48724	0.375479	-0.888548	-0.0859776	0.244759	-0.290516	-0.621179	-0.157316	-0.11062	0.509837	0.14461	0.355249	0.0725035	0.70289	
-0.642335	-0.699023	-0.631354	-0.316303	-0.0736856	0.700161	-0.269819	0.959742	-0.644702	0.16435	0.0502768	0.716527	0.317884	0.729307	-0.340581	0.476066	-0.922858	-0.105859	0.212084	-0.180739	-0.643267	-0.198703	-0.146586	0.555439	-0.0257497	0.78928	-0.0430886	0.932181	
-0.694922	-0.694555	-0.721948	-0.216228	-0.149784	0.721065	-0.280673	0.9717	-0.402484	0.394412	-0.0488926	0.789345	-0.115148	0.819851	-0.0843296	0.562977	-0.978429	-0.114714	0.211094	0.0175223	-0.66304	-0.272825	-0.0995088	0.566162	-0.190124	1.07783	-0.0881004	1.03638	
-0.74979	-0.708943	-0.861079	-0.187264	-0.185935	0.693174	-0.174201	0.921402	-0.0193307	0.621448	-0.165327	0.666005	-0.428484	0.739833	0.217589	0.634027	-1.04998	-0.114912	0.235666	0.28621	-0.696286	-0.353034	0.0119222	0.545781	-0.322567	1.14449	-0.0584816	1.01182	
-0.807253	-0.757136	-1.03425	-0.253325	-0.183505	0.611977	0.0170802	0.806613	0.448461	0.819638	-0.298222	0.401092	-0.531974	0.516164	0.503219	0.692809	-1.13377	-0.122352	0.26639	0.594352	-0.756724	-0.431635	0.148482	0.49079	-0.41079	0.950067	0.0305435	0.876053	
-0.857323	-0.832024	-1.19996	-0.397791	-0.142933	0.482111	0.245751	0.634955	0.92787	0.967955	-0.431053	0.0728466	-0.414944	0.205678	0.736511	0.73951	-1.21398	-0.141334	0.286635	0.898575	-0.837415	-0.491831	0.270679	0.404614	-0.441962	0.525709	0.155567	0.669259	
-0.896175	-0.915664	-1.3188	-0.596144	-0.0642953	0.29881	0.458679	0.424562	1.33776	1.05777	-0.552537	-0.240648	-0.159665	-0.126136	0.911745	0.771738	-1.27906	-0.169223	0.281148	1.14998	-0.921461	-0.535795	0.349203	0.290086	-0.436945	-0.0352989	0.283735	0.439784	
-0.913969	-0.966655	-1.35544	-0.796376	0.0437849	0.0741002	0.619304	0.192215	1.61946	1.08454	-0.641862	-0.473032	0.122721	-0.416515	1.05103	0.77515	-1.31396	-0.190402	0.248833	1.31397	-0.980395	-0.564522	0.377976	0.159188	-0.403469	-0.603335	0.391628	0.219318	
-0.903873	-0.957906	-1.29727	-0.954839	0.17476	-0.173308	0.715762	-0.0416874	1.74607	1.04776	-0.684105	-0.610514	0.324601	-0.634048	1.18414	0.72794	-1.31073	-0.188593	0.199654	1.37232	-0.986556	-0.584389	0.369853	0.0264376	-0.351748	-1.06246	0.476925	0.0262577	
-0.858337	-0.878732	-1.1543	-1.04777	0.314981	-0.406215	0.762753	-0.256745	1.73038	0.947729	-0.663666	-0.66654	0.386618	-0.769342	1.33632	0.604498	-1.26202	-0.149204	0.154388	1.32994	-0.921372	-0.599508	0.355375	-0.0859493	-0.279412	-1.32434	0.550889	-0.142819	
-0.768489	-0.73803	-0.951032	-1.06044	0.450601	-0.575661	0.787281	-0.435357	1.60796	0.780701	-0.57419	-0.679311	0.321812	-0.831473	1.50773	0.392929	-1.16336	-0.0604268	0.131752	1.20026	-0.781245	-0.60194	0.361919	-0.158655	-0.177992	-1.34483	0.632085	-0.292786	
-0.640741	-0.573887	-0.726845	-1.02375	0.567971	-0.66147	0.818484	-0.563208	1.43036	0.553663	-0.422392	-0.677607	0.20412	-0.843756	1.67768	0.101624	-1.02478	0.0749709	0.143831	1.00965	-0.586042	-0.597553	0.404265	-0.184596	-0.0414152	-1.16678	0.736103	-0.439919	
-0.48222	-0.433514	-0.513304	-0.967036	0.654635	-0.655367	0.873076	-0.631658	1.24495	0.281076	-0.218604	-0.705327	0.138501	-0.844286	1.80566	-0.238092	-0.856669	0.248733	0.197432	0.789134	-0.365244	-0.576337	0.482013	-0.163274	0.137406	-0.884039	0.868197	-0.596908	
-0.319704	-0.363911	-0.340291	-0.947907	0.715495	-0.594108	0.945565	-0.638358	1.08117	-0.0020867	0.0106533	-0.771734	0.207505	-0.858884	1.84536	-0.570224	-0.687448	0.430334	0.281497	0.569668	-0.160607	-0.551824	0.572264	-0.112465	0.336915	-0.616959	1.01568	-0.757343	
-0.17758	-0.374801	-0.222319	-0.991272	0.749684	-0.526336	1.01455	-0.590345	0.949774	-0.252309	0.239782	-0.873193	0.429851	-0.905325	1.7665	-0.835938	-0.540632	0.585019	0.379747	0.381354	-0.00883558	-0.531741	0.642398	-0.051291	0.529222	-0.468189	1.1475	-0.914862	
-0.0721715	-0.442876	-0.158758	-1.08514	0.764648	-0.490954	1.04957	-0.495896	0.835051	-0.431694	0.437171	-0.982962	0.755967	-0.973655	1.55915	-1.00033	-0.432186	0.687396	0.473483	0.233784	0.0740693	-0.517003	0.666757	0.00808146	0.678417	-0.48018	1.22601	-1.04551	
-0.00824876	-0.514157	-0.141572	-1.18647	0.765913	-0.499989	1.02491	-0.372065	0.712463	-0.521159	0.580868	-1.04792	1.0918	-1.02958	1.24891	-1.06079	-0.36494	0.72832	0.545268	0.124777	0.0890378	-0.500858	0.634219	0.0605804	0.754693	-0.620361	1.21824	-1.13346	
0.0252631	-0.528823	-0.159245	-1.22543	0.751159	-0.523047	0.927387	-0.237828	0.559051	-0.531222	0.65201	-1.03781	1.32268	-1.03542	0.886515	-1.04474	-0.32996	0.722074	0.581136	0.0397357	0.0556131	-0.460432	0.554268	0.111754	0.739929	-0.789869	1.10932	-1.15525	
0.0386186	-0.449508	-0.205051	-1.15847	0.715711	-0.51247	0.768905	-0.110741	0.381092	-0.487411	0.641941	-0.914288	1.37888	-0.948245	0.540818	-0.996515	-0.320517	0.68508	0.574718	-0.0282552	-0.00373907	-0.386754	0.450461	0.170161	0.642194	-0.874169	0.916263	-1.09076	
0.054576	-0.276743	-0.266863	-0.956329	0.65465	-0.400878	0.579458	-0.00755215	0.198109	-0.436967	0.556741	-0.684562	1.24058	-0.751716	0.278243	-0.962498	-0.318448	0.646213	0.525167	-0.0893375	-0.0588532	-0.258411	0.355504	0.2454	0.491011	-0.76554	0.682585	-0.938667	
0.0847245	-0.0545138	-0.334846	-0.653815	0.573818	-0.155479	0.394587	0.0597264	0.0368352	-0.426155	0.408666	-0.372726	0.96155	-0.454507	0.142396	-0.96181	-0.317573	0.624327	0.430635	-0.154928	-0.0900895	-0.0828512	0.294562	0.334879	0.325041	-0.428557	0.462895	-0.700439	
0.127703	0.144449	-0.398515	-0.33006	0.48407	0.191581	0.246154	0.075975	-0.0741552	-0.483613	0.218687	-0.047925	0.621773	-0.118205	0.156404	-0.971194	-0.322362	0.631952	0.288986	-0.23197	-0.0908642	0.109145	0.272412	0.41534	0.185066	0.0575674	0.307305	-0.406544	
0.172084	0.245436	-0.446246	-0.0887793	0.405243	0.561127	0.151805	0.035078	-0.122756	-0.608635	0.00919123	0.20277	0.312051	0.171137	0.309411	-0.94578	-0.343245	0.673195	0.103745	-0.321744	-0.0611865	0.272076	0.282312	0.458493	0.0952438	0.545086	0.247578	-0.0985289	
0.194127	0.200965	-0.47468	-0.0273246	0.360638	0.837101	0.111251	-0.0684515	-0.106275	-0.762713	-0.19245	0.296363	0.120959	0.318961	0.563996	-0.825713	-0.397905	0.729565	-0.115953	-0.408229	-0.0160178	0.350972	0.301863	0.430993	0.0633885	0.849734	0.289587	0.172009	
0.17684	0.008516	-0.484691	-0.194469	0.365655	0.919265	0.115488	-0.228144	-0.0302708	-0.884198	-0.36359	0.175896	0.0517197	0.26033	0.875739	-0.574356	-0.49434	0.781886	-0.34877	-0.462844	0.0305499	0.309898	0.310014	0.31687	0.070136	0.846998	0.413618	0.361836	
0.109856	-0.279829	-0.486336	-0.565246	0.418704	0.761364	0.149035	-0.423118	0.0937298	-0.908265	-0.490635	-0.142446	0.0802758	-0.00545003	1.18728	-0.195979	-0.630635	0.80242	-0.56472	-0.453176	0.0608985	0.138915	0.292335	0.127291	0.0878073	0.504828	0.577031	0.443936	
0.0010135	-0.596769	-0.49111	-1.05541	0.511259	0.397419	0.202748	-0.629292	0.259059	-0.793566	-0.564635	-0.608229	0.170808	-0.429492	1.46507	0.256004	-0.788408	0.782267	-0.733553	-0.351888	0.0674716	-0.130657	0.251103	-0.104849	0.0965515	-0.0798191	0.741866	0.412633	
-0.130944	-0.872706	-0.51359	-1.5497	0.621406	-0.0687694	0.275726	-0.813114	0.467425	-0.53436	-0.590095	-1.11214	0.286302	-0.903238	1.69003	0.695452	-0.941855	0.726541	-0.829324	-0.14128	0.0472983	-0.442441	0.204518	-0.328206	0.0834463	-0.713344	0.879826	0.29725	
-0.263107	-1.06483	-0.560118	-1.93658	0.724887	-0.5041	0.374233	-0.946978	0.733327	-0.155691	-0.573832	-1.55101	0.415874	-1.31742	1.8686	1.03719	-1.06714	0.650309	-0.840258	0.182062	0.00273686	-0.72742	0.175849	-0.496107	0.0590792	-1.19934	0.984429	0.140539	
-0.367147	-1.16762	-0.621524	-2.13921	0.805133	-0.78018	0.509997	-1.00937	1.06543	0.288671	-0.528561	-1.83638	0.559441	-1.57644	2.02151	1.21182	-1.14047	0.580374	-0.768328	0.600355	-0.0521084	-0.918876	0.189494	-0.572023	0.0434114	-1.37333	1.06884	-0.0144695	
-0.428529	-1.20915	-0.681652	-2.14931	0.854834	-0.843687	0.678909	-0.996858	1.44756	0.729651	-0.474507	-1.94316	0.74541	-1.65178	2.15475	1.2095	-1.15729	0.536677	-0.637532	1.0663	-0.103492	-0.98672	0.252415	-0.552174	0.0613204	-1.22247	1.14722	-0.135084	
-0.443888	-1.23192	-0.718526	-2.0265	0.879278	-0.727802	0.864785	-0.92374	1.84278	1.10864	-0.431109	-1.92005	0.955395	-1.58705	2.27849	1.07019	-1.12627	0.540189	-0.483285	1.51662	-0.136675	-0.941659	0.355451	-0.463179	0.125201	-0.860181	1.2274	-0.20651	
-0.422552	-1.26609	-0.71568	-1.8522	0.883387	-0.531982	1.03645	-0.81292	2.19327	1.38913	-0.415287	-1.83542	1.14273	-1.46186	2.37807	0.86601	-1.06755	0.598577	-0.340335	1.88833	-0.141941	-0.823926	0.474074	-0.347208	0.224836	-0.494565	1.29726	-0.244489	
-0.384276	-1.32256	-0.675309	-1.71577	0.869734	-0.378177	1.15554	-0.691165	2.44168	1.56795	-0.437951	-1.79653	1.25502	-1.38297	2.42706	0.679532	-1.00644	0.700217	-0.232813	2.13833	-0.122605	-0.68963	0.577702	-0.250015	0.328113	-0.338327	1.33305	-0.26884	
-0.349346	-1.37974	-0.622546	-1.6679	0.830994	-0.354966	1.1964	-0.573085	2.55405	1.66529	-0.511988	-1.85362	1.21145	-1.40647	2.39563	0.563001	-0.965105	0.820254	-0.162124	2.25785	-0.0927487	-0.590734	0.642396	-0.195103	0.379563	-0.495884	1.30256	-0.29698	
-0.338723	-1.40595	-0.594793	-1.71779	0.756952	-0.489565	1.1528	-0.459287	2.53115	1.71645	-0.639479	-2.01675	0.985425	-1.54395	2.2632	0.536898	-0.962801	0.922919	-0.112604	2.26997	-0.0772944	-0.563248	0.656756	-0.183595	0.336616	-0.958651	1.18604	-0.335467	
-0.360628	-1.37915	-0.630866	-1.82557	0.644322	-0.718171	1.05021	-0.33466	2.41049	1.74916	-0.81409	-2.24234	0.59939	-1.74339	2.04517	0.573105	-1.00295	0.985491	-0.055403	2.21688	-0.0988797	-0.608243	0.631679	-0.186083	0.177839	-1.55768	0.988373	-0.370193	
-0.417813	-1.30053	-0.756482	-1.93371	0.500812	-0.928549	0.935684	-0.176715	2.25285	1.77025	-1.02462	-2.43889	0.158622	-1.91056	1.78003	0.620185	-1.08423	1.00251	0.0411438	2.14421	-0.173339	-0.705522	0.593612	-0.161028	-0.083221	-2.05356	0.744659	-0.37705	
-0.504708	-1.19554	-0.973024	-1.99597	0.353443	-0.998376	0.867039	0.0360861	2.12335	1.77424	-1.24927	-2.54326	-0.202765	-1.9685	1.53748	0.626761	-1.19725	0.990033	0.202868	2.08681	-0.302456	-0.818121	0.580235	-0.0673095	-0.394255	-2.23252	0.515703	-0.326321	
-0.61126	-1.11631	-1.25133	-1.9857	0.236667	-0.851662	0.892328	0.311911	2.05985	1.73988	-1.46349	-2.50617	-0.367799	-1.86903	1.3813	0.559806	-1.33261	0.97418	0.438606	2.05476	-0.472281	-0.908103	0.621432	0.118792	-0.688379	-1.99513	0.362517	-0.212803	
-0.723561	-1.10465	-1.54206	-1.91845	0.189283	-0.491549	1.03147	0.642925	2.05617	1.64327	-1.64556	-2.35367	-0.267754	-1.63452	1.34851	0.42261	-1.47767	0.984058	0.740049	2.02553	-0.655081	-0.952015	0.734403	0.396686	-0.896005	-1.40751	0.331249	-0.0398946	
-0.824606	-1.17366	-1.79325	-1.82866	0.232409	0.00496703	1.26871	1.00484	2.05639	1.4597	-1.78873	-2.14543	0.0489893	-1.33069	1.43484	0.235335	-1.61756	1.04638	1.08454	1.94651	-0.817884	-0.941774	0.915571	0.743571	-0.981757	-0.665622	0.42397	0.16664	
-0.901121	-1.30529	-1.96217	-1.76097	0.361729	0.510934	1.55471	1.36631	1.97785	1.17792	-1.8871	-1.95941	0.457688	-1.04655	1.58643	0.0339113	-1.74086	1.17041	1.44428	1.76106	-0.934141	-0.888474	1.14323	1.12095	-0.943581	-0.0287512	0.606431	0.369912	
-0.94138	-1.45112	-2.03307	-1.74371	0.545475	0.909277	1.82589	1.69951	1.74224	0.798753	-1.94106	-1.85995	0.770905	-0.853122	1.72384	-0.159936	-1.83185	1.34522	1.79431	1.42422	-0.990251	-0.805962	1.388	1.49238	-0.820957	0.296481	0.813161	0.545164	
-0.942844	-1.54917	-2.01872	-1.78161	0.729284	1.12536	2.0196	1.98366	1.30268	0.329254	-1.95825	-1.84655	0.841207	-0.765171	1.75102	-0.343424	-1.88202	1.5352	2.1143	0.919034	-0.992369	-0.715711	1.6149	1.82598	-0.681629	0.234498	0.970448	0.679532	
-0.902613	-1.55236	-1.94274	-1.85482	0.870469	1.15473	2.10199	2.21207	0.669244	-0.209999	-1.93579	-1.89688	0.613651	-0.761195	1.60858	-0.52913	-1.88171	1.70361	2.39379	0.267407	-0.950293	-0.630331	1.8049	2.10697	-0.574636	-0.150195	1.03245	0.778078	
-0.823636	-1.45024	-1.82597	-1.92966	0.944659	1.05202	2.07033	2.38222	-0.104387	-0.805705	-1.86438	-1.93668	0.150745	-0.772844	1.28314	-0.748095	-1.82579	1.82166	2.62224	-0.48967	-0.876043	-0.558053	1.94689	2.32651	-0.522682	-0.660384	0.984803	0.848694	
-0.705533	-1.26096	-1.67616	-1.96575	0.966054	0.910001	1.95622	2.49666	-0.9254	-1.43762	-1.72485	-1.90129	-0.368114	-0.733386	0.827787	-1.02461	-1.70876	1.89017	2.79513	-1.29375	-0.769468	-0.493775	2.05227	2.48707	-0.504828	-1.06284	0.861553	0.90116	
-0.553486	-1.02961	-1.49008	-1.93759	0.97491	0.810809	1.8097	2.54902	-1.69434	-2.07687	-1.50267	-1.7591	-0.72068	-0.609567	0.341959	-1.37152	-1.53341	1.93029	2.90942	-2.079	-0.624282	-0.427598	2.13978	2.5866	-0.468904	-1.18941	0.723429	0.927168	
-0.381204	-0.820467	-1.25981	-1.84743	1.01655	0.789601	1.6749	2.52857	-2.32973	-2.67869	-1.19316	-1.52797	-0.739585	-0.416073	-0.0712658	-1.75932	-1.31646	1.96887	2.95954	-2.77984	-0.436157	-0.35837	2.22136	2.61813	-0.358435	-0.999655	0.631134	0.909018	
-0.197903	-0.674991	-0.978214	-1.70111	1.13275	0.835816	1.58384	2.41888	-2.78229	-3.18537	-0.80334	-1.25914	-0.370115	-0.204899	-0.324735	-2.14727	-1.07307	2.02902	2.94304	-3.34057	-0.200432	-0.278541	2.30413	2.5765	-0.129103	-0.587979	0.628334	0.816791	
-0.0212851	-0.598258	-0.661616	-1.52076	1.32453	0.898537	1.53604	2.20604	-3.0472	-3.54386	-0.370715	-1.00601	0.311435	-0.0358027	-0.390674	-2.48962	-0.826967	2.11204	2.85712	-3.72749	0.0669703	-0.194904	2.37227	2.45328	0.216282	-0.117692	0.713829	0.629792	
0.132301	-0.571636	-0.343261	-1.32414	1.55989	0.914431	1.51082	1.89092	-3.13959	-3.70414	0.0597939	-0.810111	1.10623	0.042474	-0.287084	-2.73546	-0.601751	2.20154	2.70536	-3.91632	0.335039	-0.114675	2.40325	2.25103	0.634163	0.226993	0.852499	0.342761	
0.242649	-0.554047	-0.069215	-1.12851	1.77909	0.831648	1.46937	1.48359	-3.0961	-3.65206	0.443081	-0.654654	1.79183	0.0314283	-0.0817912	-2.86764	-0.419102	2.25756	2.48979	-3.90772	0.559266	-0.0532785	2.3634	1.97352	1.05419	0.349495	0.984174	-0.0267032	
0.302257	-0.502754	0.122128	-0.931283	1.91752	0.640046	1.37416	1.01215	-2.95141	-3.40485	0.750051	-0.490608	2.18082	-0.0276257	0.13834	-2.88125	-0.285309	2.2404	2.21046	-3.72541	0.701721	-0.017027	2.22639	1.63643	1.39645	0.249408	1.04743	-0.434849	
0.314329	-0.3888	0.220988	-0.724129	1.9383	0.361496	1.20029	0.506432	-2.74261	-3.02054	0.97924	-0.250893	2.23493	-0.0713928	0.294254	-2.79658	-0.193392	2.1213	1.86447	-3.41862	0.747583	-0.00878976	1.9808	1.25562	1.61765	0.0145954	1.00873	-0.834701	
0.297259	-0.2115	0.255621	-0.501255	1.83825	0.0416871	0.937852	-0.00177528	-2.51352	-2.58508	1.14826	0.111136	2.02269	-0.0379234	0.331737	-2.63723	-0.119763	1.90622	1.44325	-3.06495	0.713482	-0.0260014	1.6311	0.848019	1.71545	-0.20343	0.858054	-1.17588	
0.290581	0.023988	0.290261	-0.234832	1.65804	-0.259376	0.595588	-0.492345	-2.3176	-2.19678	1.2982	0.610925	1.69863	0.109439	0.238562	-2.4388	-0.020372	1.64179	0.939476	-2.76219	0.652352	-0.039794	1.20758	0.433344	1.72903	-0.284342	0.615807	-1.4325	
0.333936	0.304429	0.390774	0.0926495	1.45419	-0.489831	0.187706	-0.954678	-2.21871	-1.93437	1.45993	1.1925	1.44931	0.355318	0.0261823	-2.23086	0.146729	1.39769	0.354732	-2.60009	0.627655	-0.0163538	0.751957	0.0283855	1.71236	-0.176259	0.314523	-1.59078	
0.460737	0.615	0.606437	0.499937	1.27734	-0.612469	-0.264454	-1.37945	-2.26628	-1.82699	1.6428	1.76715	1.35948	0.656138	-0.277846	-2.02443	0.412539	1.24128	-0.291122	-2.6259	0.693039	0.0851611	0.310216	-0.342925	1.70654	0.0978307	-0.0160902	-1.6537	
0.681548	0.951473	0.941673	0.995568	1.15269	-0.60843	-0.743812	-1.75664	-2.49454	-1.86037	1.82924	2.25127	1.41766	0.961245	-0.651724	-1.82897	0.783009	1.20598	-0.961949	-2.84149	0.868735	0.292042	-0.0845363	-0.656477	1.72347	0.458294	-0.360902	-1.63236	
0.981203	1.311	1.35308	1.57678	1.06747	-0.469882	-1.23214	-2.06411	-2.89708	-1.97549	1.97633	2.584	1.49947	1.23351	-1.07914	-1.6467	1.23733	1.28584	-1.60689	-3.20004	1.13108	0.611119	-0.416759	-0.886124	1.73578	0.827868	-0.724698	-1.53093	
1.30816	1.68376	1.75465	2.20833	0.979814	-0.211307	-1.70613	-2.26867	-3.41418	-2.09162	2.03217	2.76345	1.44452	1.4625	-1.537	-1.46795	1.71856	1.43064	-2.16608	-3.60993	1.41234	1.00943	-0.688206	-1.01301	1.69126	1.14432	-1.11505	-1.35307	
1.59198	2.03038	2.05103	2.82479	0.841344	0.134365	-2.1354	-2.33159	-3.94438	-2.12268	1.95907	2.82697	1.1354	1.65813	-1.9947	-1.27182	2.14976	1.56963	-2.58333	-3.9583	1.62559	1.42209	-0.913724	-1.03025	1.54213	1.39048	-1.53355	-1.10158	
1.76462	2.30416	2.17482	3.35793	0.620796	0.522663	-2.48183	-2.22379	-4.36472	-2.01259	1.75484	2.85244	0.547396	1.84964	-2.40885	-1.04955	2.45952	1.63167	-2.81969	-4.14742	1.69561	1.7726	-1.10964	-0.947751	1.27021	1.5922	-1.96036	-0.793346	
1.77584	2.44239	2.10235	3.72768	0.321992	0.89433	-2.70361	-1.93023	-4.5553	-1.73335	1.45335	2.88164	-0.205371	2.0374	-2.71913	-0.780121	2.59354	1.5711	-2.85401	-4.10752	1.58304	1.98228	-1.28474	-0.789476	0.901358	1.76504	-2.35108	-0.45234	
1.60868	2.39524	1.86594	3.87237	-0.0195058	1.17966	-2.76696	-1.46591	-4.4405	-1.29438	1.10786	2.92612	-0.931632	2.20145	-2.86973	-0.450484	2.52958	1.38342	-2.69097	-3.81958	1.2953	1.99603	-1.43505	-0.590079	0.500574	1.91208	-2.65385	-0.118216	
1.2879	2.15029	1.52975	3.77203	-0.350732	1.32501	-2.6567	-0.873076	-4.00657	-0.739038	0.77297	2.94982	-1.45184	2.29514	-2.81993	-0.0601347	2.28397	1.11152	-2.35502	-3.31161	0.883537	1.80564	-1.54333	-0.381576	0.135134	1.99474	-2.8259	0.161785	
0.870593	1.73036	1.16782	3.45712	-0.622987	1.30388	-2.38842	-0.217338	-3.30939	-0.1258	0.486842	2.86896	-1.6438	2.25703	-2.57186	0.375264	1.90667	0.826129	-1.88664	-2.64826	0.422894	1.45272	-1.58709	-0.187698	-0.140702	1.95038	-2.85458	0.356197	
0.420719	1.20637	0.825983	2.99158	-0.81675	1.12522	-2.00417	0.426785	-2.44145	0.493731	0.242345	2.61273	-1.50485	2.04917	-2.16646	0.826508	1.45495	0.591505	-1.33057	-1.88925	-0.0193371	1.00826	-1.54932	-0.0200182	-0.321074	1.74751	-2.75786	0.448163	
-0.00403904	0.661239	0.516976	2.4594	-0.946739	0.834409	-1.5647	0.99496	-1.50838	1.08483	0.00873057	2.15227	-1.17266	1.6745	-1.67095	1.2642	0.983941	0.441891	-0.73522	-1.08122	-0.40114	0.555028	-1.43142	0.121746	-0.440759	1.38732	-2.58567	0.450536	
-0.368331	0.181602	0.224212	1.95817	-1.05521	0.498803	-1.14371	1.4331	-0.612728	1.61773	-0.259025	1.53092	-0.843671	1.18934	-1.174	1.64608	0.538038	0.370839	-0.156991	-0.266858	-0.713295	0.164547	-1.26154	0.236845	-0.557817	0.933817	-2.40589	0.390791	
-0.664892	-0.180199	-0.0823846	1.55322	-1.1835	0.19351	-0.797788	1.71876	0.185399	2.07784	-0.589278	0.844874	-0.687808	0.681714	-0.730681	1.95195	0.140042	0.344312	0.353472	0.527122	-0.970357	-0.12737	-1.08324	0.325508	-0.719818	0.499844	-2.26849	0.311309	
-0.909759	-0.419868	-0.41129	1.27493	-1.35632	-0.0345096	-0.56684	1.84642	0.851818	2.4523	-0.968786	0.225802	-0.7737	0.245242	-0.370673	2.17577	-0.20265	0.313213	0.743023	1.26391	-1.19578	-0.322971	-0.948013	0.376082	-0.928878	0.175107	-2.20106	0.244011	
-1.1259	-0.573254	-0.741381	1.11752	-1.56202	-0.161939	-0.456773	1.83057	1.38891	2.73256	-1.34008	-0.194192	-1.03995	-0.040269	-0.0746208	2.31629	-0.4897	0.238735	0.974169	1.90818	-1.40287	-0.452172	-0.897323	0.371675	-1.14024	0.0447062	-2.18497	0.199066	
-1.33009	-0.695533	-1.0148	1.05539	-1.75983	-0.198371	-0.448505	1.70005	1.81429	2.91682	-1.60828	-0.344356	-1.34456	-0.145543	0.203398	2.39361	-0.71392	0.0979795	1.0268	2.41703	-1.58668	-0.554321	-0.951168	0.297791	-1.26595	0.105554	-2.17686	0.182697	
-1.52805	-0.836952	-1.17024	1.04542	-1.89531	-0.179128	-0.504947	1.48678	2.14132	3.00956	-1.69604	-0.229799	-1.48635	-0.0960917	0.505483	2.43057	-0.87276	-0.101483	0.910354	2.75227	-1.73014	-0.663582	-1.10008	0.150559	-1.22719	0.290202	-2.12458	0.181954	
-1.70664	-1.02168	-1.16323	1.05057	-1.92274	-0.133635	-0.580313	1.22927	2.37365	3.02001	-1.55872	0.0809547	-1.34683	0.0508336	0.861228	2.44543	-0.96072	-0.324365	0.661257	2.89001	-1.81325	-0.78898	-1.305	-0.0516598	-0.981951	0.495512	-1.98739	0.188641	
-1.84681	-1.23456	-0.9936	1.05679	-1.8285	-0.0857614	-0.64414	0.958794	2.49959	2.96134	-1.21665	0.470168	-0.900662	0.220674	1.25339	2.44096	-0.976114	-0.527607	0.335385	2.83125	-1.82838	-0.914148	-1.51525	-0.276406	-0.553947	0.621945	-1.76405	0.199462	
-1.93808	-1.42911	-0.719912	1.05721	-1.63756	-0.0411836	-0.679517	0.706956	2.51294	2.8538	-0.755625	0.833567	-0.244961	0.361297	1.63952	2.42049	-0.935405	-0.679033	-0.0021634	2.61545	-1.79141	-1.01597	-1.68265	-0.483988	-0.0375041	0.63287	-1.48168	0.222519	
-1.98524	-1.54932	-0.433249	1.05193	-1.40782	0.000342612	-0.69137	0.495753	2.4166	2.71923	-0.295038	1.08372	0.434053	0.436048	1.95848	2.39337	-0.870391	-0.775246	-0.300817	2.30709	-1.73989	-1.07404	-1.78036	-0.640906	0.439416	0.527624	-1.19564	0.266347	
-2.00615	-1.56334	-0.233277	1.03827	-1.20191	0.0423852	-0.691674	0.342556	2.23256	2.57431	0.0417872	1.20215	0.960156	0.450809	2.16132	2.36289	-0.821429	-0.830388	-0.528729	1.98032	-1.71486	-1.0863	-1.8071	-0.730508	0.754503	0.375118	-0.957635	0.331442	
-2.02569	-1.46774	-0.188472	1.01823	-1.06791	0.0894549	-0.696633	0.257498	1.99881	2.43139	0.171121	1.20821	1.19602	0.430247	2.23516	2.35094	-0.821929	-0.87071	-0.683519	1.69362	-1.74608	-1.06577	-1.78561	-0.754131	0.840817	0.267056	-0.803405	0.415412	
-2.07155	-1.3081	-0.314128	0.975063	-1.01956	0.126195	-0.714408	0.243965	1.76184	2.29759	0.0745742	1.14531	1.14786	0.395719	2.20856	2.38355	-0.898192	-0.91826	-0.780977	1.47708	-1.84095	-1.04729	-1.74797	-0.733483	0.711127	0.249721	-0.73712	0.505641	
-2.15789	-1.15674	-0.573071	0.893884	-1.03803	0.139819	-0.736087	0.30213	1.56903	2.17956	-0.195873	1.05999	0.903465	0.361102	2.14732	2.48103	-1.0543	-0.980109	-0.843922	1.33178	-1.98252	-1.06205	-1.721	-0.695842	0.445913	0.323036	-0.72321	0.584822	
-2.28804	-1.08837	-0.896832	0.760226	-1.0844	0.120054	-0.739658	0.429737	1.46484	2.0923	-0.548591	0.972783	0.606389	0.324874	2.13037	2.65848	-1.2786	-1.05721	-0.880669	1.24806	-2.14298	-1.13447	-1.71481	-0.659996	0.156716	0.451535	-0.711399	0.653334	
-2.45018	-1.14966	-1.21778	0.568887	-1.11969	0.0713612	-0.692999	0.626036	1.47186	2.04894	-0.891368	0.892293	0.390503	0.283321	2.21032	2.91071	-1.54912	-1.13866	-0.880293	1.20431	-2.29514	-1.27133	-1.71715	-0.62807	-0.0625275	0.563686	-0.652549	0.729377	
-2.62215	-1.34629	-1.49167	0.323063	-1.11486	0.016479	-0.567315	0.88121	1.58669	2.05334	-1.15237	0.793108	0.340717	0.223976	2.40315	3.20624	-1.84077	-1.20734	-0.817809	1.18026	-2.4257	-1.45709	-1.69876	-0.584857	-0.162561	0.613898	-0.516891	0.837383	
-2.77989	-1.63275	-1.71094	0.0288416	-1.05946	-0.0215252	-0.34557	1.17983	1.78793	2.0959	-1.30974	0.671088	0.474325	0.154249	2.68215	3.48105	-2.12885	-1.2449	-0.661484	1.16794	-2.53332	-1.66804	-1.62293	-0.509213	-0.156192	0.596878	-0.300556	1.00026	
-2.9025	-1.9228	-1.89895	-0.290791	-0.966163	-0.0231246	-0.0397443	1.49101	2.0329	2.14942	-1.38299	0.529326	0.705744	0.0877779	2.98498	3.67382	-2.39219	-1.23965	-0.398365	1.16433	-2.62739	-1.86947	-1.46837	-0.389223	-0.109531	0.549508	-0.0332016	1.21507	
-2.97535	-2.12992	-2.07956	-0.616083	-0.849111	0.00622856	0.313455	1.77119	2.27384	2.17381	-1.40879	0.3809	0.945496	0.0341669	3.23412	3.73311	-2.61494	-1.19191	-0.044886	1.17255	-2.70989	-2.03453	-1.23356	-0.232504	-0.0943739	0.50795	0.242307	1.44721	
-2.9787	-2.18852	-2.25307	-0.922171	-0.713017	0.0445616	0.664381	1.96891	2.45329	2.11669	-1.41989	0.245685	1.13528	-0.00398028	3.36019	3.61525	-2.77222	-1.09869	0.346323	1.17585	-2.7592	-2.13796	-0.940285	-0.0663107	-0.148256	0.507221	0.488331	1.62143	
-2.892	-2.08125	-2.38233	-1.1816	-0.546511	0.0544942	0.958171	2.03552	2.5233	1.93704	-1.42305	0.148091	1.2266	-0.0280083	3.33281	3.31406	-2.83262	-0.956792	0.702563	1.14656	-2.73099	-2.1633	-0.624705	0.0702728	-0.258742	0.557236	0.674321	1.65715	
-2.69346	-1.82703	-2.39928	-1.363	-0.329259	0.00230155	1.15134	1.93788	2.44769	1.61401	-1.39703	0.0849403	1.23301	-0.0626475	3.15587	2.84897	-2.76076	-0.757903	0.948866	1.04659	-2.57041	-2.09362	-0.323904	0.139298	-0.361702	0.594749	0.791197	1.48693	
-2.36954	-1.48959	-2.23692	-1.44523	-0.0426111	-0.132281	1.22577	1.66626	2.21084	1.15717	-1.29459	0.026895	1.19314	-0.143373	2.86657	2.26305	-2.53398	-0.495312	1.03469	0.842329	-2.23668	-1.91924	-0.0625858	0.116652	-0.372547	0.52649	0.850969	1.08259	
-1.91999	-1.14596	-1.86128	-1.42337	0.319847	-0.331354	1.2012	1.24895	1.83742	0.613314	-1.08059	-0.0694616	1.14798	-0.292794	2.52501	1.60508	-2.1511	-0.169968	0.962229	0.532346	-1.7205	-1.63814	0.160252	0.0159693	-0.226834	0.286926	0.882545	0.487703	
-1.37075	-0.856107	-1.29814	-1.3081	0.73426	-0.55677	1.11893	0.741155	1.37119	0.0469896	-0.75064	-0.238614	1.10305	-0.51349	2.18131	0.929874	-1.64567	0.198202	0.776448	0.137994	-1.06604	-1.26815	0.357747	-0.127578	0.0852605	-0.149949	0.906152	-0.203843	
-0.771046	-0.655906	-0.630314	-1.13682	1.16102	-0.763744	1.03312	0.215052	0.877624	-0.472337	-0.332958	-0.508166	1.06625	-0.791569	1.86826	0.284078	-1.08372	0.577875	0.554327	-0.287808	-0.355948	-0.849546	0.554326	-0.26318	0.514339	-0.750013	0.939683	-0.859898	
-0.180641	-0.532418	0.0234223	-0.96398	1.5536	-0.915353	0.991799	-0.262472	0.417723	-0.902291	0.10924	-0.872647	1.04956	-1.09668	1.60344	-0.309163	-0.542596	0.940901	0.373837	-0.689861	0.311844	-0.436911	0.771401	-0.34339	0.97015	-1.41448	0.993596	-1.37118	
0.33803	-0.457677	0.545802	-0.844914	1.86975	-1.00214	1.01616	-0.640795	0.0408206	-1.22431	0.500096	-1.28313	1.03101	-1.38079	1.38925	-0.828664	-0.0978162	1.26138	0.289352	-1.01744	0.853054	-0.0942423	1.01231	-0.344765	1.34755	-2.00632	1.06281	-1.67197	
0.740801	-0.393622	0.860363	-0.821566	2.08764	-1.03035	1.10036	-0.893933	-0.223033	-1.44385	0.777307	-1.69382	1.02427	-1.61381	1.21697	-1.25979	0.199227	1.52659	0.315659	-1.23182	1.22254	0.135495	1.26465	-0.267414	1.56779	-2.41184	1.14333	-1.75724	
1.00986	-0.320923	0.953229	-0.913715	2.21219	-1.03314	1.21367	-1.02333	-0.379069	-1.58646	0.905071	-2.05183	1.04305	-1.77841	1.07046	-1.59036	0.334552	1.7332	0.422373	-1.33064	1.42522	0.227384	1.50201	-0.139507	1.60373	-2.57265	1.22994	-1.68489	
1.1646	-0.240839	0.877286	-1.10747	2.27244	-1.0312	1.3195	-1.0465	-0.453639	-1.68288	0.889632	-2.32279	1.09279	-1.87189	0.945362	-1.81503	0.338451	1.89638	0.556359	-1.33909	1.51634	0.200846	1.69969	0.00869051	1.4892	-2.49603	1.3209	-1.53085	
1.2427	-0.166937	0.720902	-1.35855	2.29683	-1.03129	1.38109	-0.991449	-0.490571	-1.75731	0.761108	-2.49302	1.12927	-1.90495	0.836858	-1.92621	0.265645	2.03205	0.659157	-1.2995	1.56061	0.105587	1.8411	0.146792	1.28334	-2.25884	1.40651	-1.3752	
1.28426	-0.129366	0.568804	-1.61463	2.30481	-1.02347	1.37992	-0.884887	-0.530656	-1.81669	0.568743	-2.57194	1.11348	-1.8908	0.740214	-1.92455	0.172995	2.15233	0.692709	-1.25434	1.61141	0.00278431	1.92434	0.25843	1.05029	-1.96013	1.47699	-1.25174	
1.32099	-0.136421	0.47423	-1.8303	2.30125	-0.983406	1.3221	-0.751671	-0.597733	-1.85657	0.364402	-2.58255	1.00569	-1.844	0.654485	-1.82718	0.104113	2.25642	0.650904	-1.23016	1.68886	-0.0509546	1.96475	0.343921	0.841031	-1.69651	1.52395	-1.15981	
1.36236	-0.179137	0.442289	-1.9699	2.26955	-0.891637	1.22648	-0.609643	-0.697758	-1.86674	0.17516	-2.52391	0.776215	-1.75619	0.570039	-1.65975	0.0781174	2.3246	0.553427	-1.24132	1.77421	-0.0309783	1.97426	0.409745	0.666266	-1.50778	1.52823	-1.06631	
1.40027	-0.211502	0.441733	-2.0219	2.18973	-0.747965	1.11616	-0.480891	-0.819252	-1.84348	0.0201608	-2.4007	0.468015	-1.6288	0.475675	-1.46378	0.08969	2.33485	0.431512	-1.28282	1.82755	0.0607532	1.96067	0.459636	0.517218	-1.40814	1.47808	-0.935874	
1.42168	-0.169589	0.430667	-1.98879	2.051	-0.578671	1.00089	-0.389515	-0.951438	-1.80106	-0.0997389	-2.20614	0.154917	-1.4631	0.361627	-1.28608	0.126044	2.27612	0.306405	-1.35325	1.81409	0.192306	1.9191	0.488101	0.376025	-1.36556	1.36586	-0.761224	
1.4239	-0.00302296	0.387704	-1.87886	1.86514	-0.421228	0.877382	-0.360511	-1.08355	-1.76934	-0.179066	-1.91785	-0.032251	-1.25829	0.228942	-1.1802	0.181051	2.16244	0.183741	-1.45495	1.73432	0.327437	1.83366	0.481192	0.250584	-1.32061	1.19819	-0.573011	
1.41604	0.303945	0.322368	-1.70046	1.65875	-0.308374	0.730575	-0.410201	-1.20682	-1.77024	-0.211485	-1.54899	-0.00947325	-1.03461	0.0859787	-1.1821	0.255517	2.02077	0.0546404	-1.57739	1.61669	0.441874	1.69139	0.423592	0.159116	-1.22519	0.99514	-0.432015	
1.42147	0.713755	0.271461	-1.46157	1.47161	-0.253631	0.550229	-0.532557	-1.32056	-1.81787	-0.195098	-1.12992	0.256462	-0.813162	-0.0566461	-1.3027	0.360391	1.89218	-0.0895911	-1.71435	1.51507	0.531008	1.49203	0.317701	0.12427	-1.06572	0.786028	-0.385692	
1.47158	1.15646	0.286801	-1.17128	1.34932	-0.239046	0.344412	-0.708571	-1.42868	-1.9164	-0.121283	-0.731611	0.710947	-0.629445	-0.181594	-1.54654	0.509564	1.81528	-0.246387	-1.85238	1.48809	0.616463	1.26482	0.18462	0.179451	-0.866666	0.611924	-0.473624	
1.5841	1.53124	0.398264	-0.850362	1.31215	-0.222577	0.143532	-0.891796	-1.5327	-2.05105	-0.00666408	-0.421524	1.19578	-0.498862	-0.278155	-1.88235	0.701722	1.81654	-0.38904	-1.97749	1.56365	0.721556	1.05923	0.0682957	0.314696	-0.662397	0.496865	-0.676613	
1.75167	1.74989	0.599463	-0.535367	1.35901	-0.16098	-0.00208423	-1.03477	-1.62737	-2.20196	0.130357	-0.269322	1.53786	-0.435891	-0.339917	-2.27202	0.913242	1.90431	-0.470572	-2.07221	1.72964	0.864045	0.937937	0.0187394	0.495336	-0.504762	0.456156	-0.939179	
1.93736	1.76944	0.841193	-0.283305	1.46196	-0.0395841	-0.0404508	-1.09765	-1.70454	-2.34726	0.25689	-0.318427	1.58513	-0.446145	-0.367837	-2.66825	1.09775	2.05777	-0.441531	-2.12299	1.93145	1.03001	0.952438	0.0729142	0.658717	-0.433146	0.48694	-1.18179	
2.09035	1.60177	1.05467	-0.143621	1.57921	0.122718	0.058738	-1.06329	-1.7509	-2.47346	0.33883	-0.541058	1.30689	-0.511462	-0.378744	-3.019	1.20715	2.2394	-0.272893	-2.12801	2.10001	1.18341	1.11549	0.239685	0.744825	-0.471629	0.566618	-1.3368	
2.16336	1.31706	1.18277	-0.142019	1.66449	0.274037	0.282517	-0.948279	-1.75678	-2.56984	0.358769	-0.881854	0.763965	-0.617324	-0.38525	-3.28382	1.21235	2.40338	0.0206902	-2.09237	2.17796	1.27836	1.39145	0.486185	0.721191	-0.611747	0.66063	-1.37955	
2.12991	1.01403	1.19974	-0.275876	1.68388	0.346873	0.573376	-0.786974	-1.72321	-2.63319	0.309924	-1.24126	0.118975	-0.736985	-0.404292	-3.4215	1.11293	2.5192	0.381184	-2.0379	2.14132	1.27181	1.69907	0.753296	0.59123	-0.830465	0.723428	-1.31697	
1.99955	0.788157	1.13339	-0.490782	1.62302	0.29308	0.835399	-0.632686	-1.65866	-2.66034	0.22377	-1.51467	-0.411966	-0.8455	-0.438889	-3.41483	0.951277	2.57432	0.710549	-1.98545	2.01634	1.15462	1.93064	0.960545	0.416753	-1.07091	0.719847	-1.21084	
1.80841	0.690332	1.04088	-0.706128	1.47962	0.108715	0.969637	-0.520409	-1.56842	-2.62892	0.136564	-1.6181	-0.677932	-0.91314	-0.480023	-3.25047	0.789129	2.56944	0.913146	-1.93849	1.85332	0.949656	1.98852	1.0447	0.264407	-1.2664	0.623226	-1.11316	
1.6073	0.717929	0.990197	-0.833187	1.26295	-0.156875	0.905295	-0.463802	-1.45439	-2.51137	0.0944938	-1.52209	-0.636602	-0.921911	-0.510813	-2.92449	0.690419	2.51439	0.920389	-1.88171	1.70838	0.714774	1.81318	0.976907	0.193233	-1.36963	0.427476	-1.05791	
1.43673	0.814438	1.02365	-0.817925	0.993821	-0.42069	0.633602	-0.44775	-1.3136	-2.28296	0.128041	-1.25371	-0.346529	-0.862593	-0.498736	-2.46334	0.68865	2.41491	0.721016	-1.78541	1.61265	0.504538	1.40973	0.769864	0.230605	-1.32177	0.1555	-1.04093	
