0.0136372	-0.252177	-0.0314257	-0.18189	0.00408747	-0.11522	0.149535	0.0984601	0.652748	0.0398164	-0.366075	-0.879774	0.152273	-0.190476	0.125363	-0.0554869	-0.0239567	0.267904	0.264266	0.381197	0.0615345	-0.0631716	0.0817228	0.120464	-0.254655	-0.569646	0.42343	0.147511	
0.219064	-0.0689441	0.153509	-0.0242759	0.19954	-0.0941856	0.207958	-0.394616	0.546503	-0.573623	0.107593	-0.975199	0.42849	-0.341985	0.357244	-0.837781	0.195961	0.413405	0.0438582	-0.0242967	0.251911	0.0860072	0.193434	0.0128116	0.020508	-0.491325	0.52009	-0.131661	
0.358641	0.0817908	0.343995	0.159988	0.369282	-0.0882939	0.259833	-0.939287	0.378228	-1.19792	0.644926	-0.964386	0.754324	-0.381119	0.573972	-1.5634	0.391377	0.506725	-0.218535	-0.459402	0.412042	0.218491	0.26513	-0.135802	0.375652	-0.363674	0.664047	-0.446629	
0.397438	0.167954	0.517227	0.338469	0.480803	-0.114457	0.281695	-1.44293	0.153543	-1.73237	1.14306	-0.806548	1.09066	-0.27992	0.734574	-2.07437	0.521335	0.529561	-0.478246	-0.8532	0.51456	0.306211	0.272038	-0.310319	0.75869	-0.207061	0.844269	-0.752678	
0.328518	0.181689	0.64593	0.475238	0.512636	-0.167235	0.255973	-1.79813	-0.0888991	-2.06334	1.4659	-0.50962	1.35731	-0.0570151	0.80193	-2.24797	0.560204	0.480724	-0.687254	-1.12241	0.543171	0.32968	0.207373	-0.481431	1.09353	-0.041373	1.01034	-0.985454	
0.17882	0.133694	0.703902	0.542112	0.463457	-0.227659	0.181892	-1.9179	-0.295044	-2.10682	1.5275	-0.128007	1.46747	0.217413	0.76142	-2.04533	0.502913	0.376033	-0.806271	-1.20651	0.496254	0.288451	0.0862698	-0.612099	1.29907	0.106214	1.09927	-1.08653	
-0.00237506	0.052246	0.666019	0.52624	0.347952	-0.265751	0.0789694	-1.75919	-0.408213	-1.82833	1.31703	0.247159	1.34813	0.428195	0.619603	-1.51717	0.369753	0.244775	-0.811808	-1.08046	0.389895	0.197455	-0.0575849	-0.665775	1.30922	0.206344	1.05491	-1.00724	
-0.154968	-0.0270283	0.539636	0.437818	0.198522	-0.262209	-0.022317	-1.35035	-0.392444	-1.2625	0.880512	0.519778	0.973893	0.503439	0.402581	-0.800549	0.201101	0.119293	-0.704596	-0.764546	0.25682	0.0840744	-0.185634	-0.625338	1.11149	0.242444	0.84875	-0.767678	
-0.23236	-0.0788031	0.349806	0.302672	0.052909	-0.215446	-0.0866767	-0.777998	-0.252295	-0.515846	0.325701	0.630766	0.387698	0.396697	0.155999	-0.0658108	0.0412844	0.0251727	-0.505957	-0.328068	0.134152	-0.0199105	-0.265072	-0.493845	0.749036	0.204437	0.50724	-0.425479	
-0.216089	-0.0837639	0.138641	0.159064	-0.0656369	-0.140564	-0.0938674	-0.159798	-0.0229117	0.27153	-0.246789	0.586197	-0.313487	0.145796	-0.0746875	0.539584	-0.0771418	-0.0293215	-0.251209	0.141757	0.0469212	-0.0907541	-0.285003	-0.29921	0.294641	0.112755	0.0878014	-0.074453	
-0.118585	-0.0440416	-0.0519763	0.0321504	-0.1421	-0.0682867	-0.0367168	0.389444	0.245291	0.965656	-0.748591	0.428383	-0.99992	-0.178654	-0.239884	0.927454	-0.145461	-0.0509896	0.0214858	0.567229	0.00389633	-0.119628	-0.25161	-0.0825335	-0.156702	-0.0149942	-0.321714	0.191401	
0.0173312	0.0233051	-0.197708	-0.0700812	-0.184895	-0.0229366	0.0695573	0.796538	0.507668	1.47639	-1.14754	0.227373	-1.54812	-0.482747	-0.311593	1.10174	-0.180739	-0.0604813	0.279156	0.902165	-0.0100747	-0.115197	-0.188075	0.114289	-0.525056	-0.150614	-0.644375	0.324726	
0.139412	0.0906269	-0.293093	-0.157263	-0.209534	-0.0160577	0.197435	1.04386	0.735577	1.77495	-1.44356	0.0402808	-1.87389	-0.700756	-0.281348	1.12882	-0.21574	-0.081196	0.502135	1.13661	-0.0221891	-0.0978543	-0.120911	0.262496	-0.770716	-0.269991	-0.828779	0.330679	
0.199786	0.12605	-0.368331	-0.25398	-0.236807	-0.0387468	0.319635	1.1627	0.920555	1.88849	-1.65114	-0.104535	-1.9548	-0.787578	-0.163524	1.11078	-0.28554	-0.128003	0.685059	1.28982	-0.0637712	-0.0921304	-0.0671331	0.353129	-0.898386	-0.361538	-0.864837	0.264787	
0.177219	0.111648	-0.453274	-0.374775	-0.282525	-0.0571448	0.413214	1.21684	1.07148	1.88493	-1.79488	-0.212149	-1.8419	-0.761337	-0.00217226	1.13069	-0.407511	-0.200544	0.833405	1.39868	-0.152825	-0.112957	-0.0316905	0.39909	-0.956509	-0.412509	-0.796406	0.213924	
0.0803948	0.0433	-0.579048	-0.517091	-0.34683	-0.0344449	0.468764	1.26278	1.19278	1.82495	-1.87241	-0.308107	-1.62495	-0.659587	0.148006	1.21671	-0.572387	-0.281127	0.956108	1.48603	-0.285627	-0.160095	-0.00412821	0.426149	-1.0028	-0.418447	-0.687092	0.248215	
-0.0596834	-0.0633763	-0.755223	-0.657602	-0.423302	0.0589068	0.486549	1.33275	1.27121	1.74001	-1.85856	-0.409533	-1.39947	-0.519074	0.230388	1.33754	-0.747534	-0.343088	1.06271	1.54757	-0.439951	-0.217549	0.0318672	0.461695	-1.08362	-0.376156	-0.605521	0.398049	
-0.196995	-0.181181	-0.952939	-0.752454	-0.491408	0.227318	0.475639	1.41487	1.27603	1.61972	-1.74569	-0.507797	-1.23427	-0.356029	0.207299	1.40495	-0.883947	-0.358469	1.15576	1.55372	-0.575117	-0.258603	0.091888	0.521044	-1.20984	-0.280056	-0.592664	0.629234	
-0.293797	-0.279922	-1.11827	-0.7603	-0.526061	0.440576	0.448177	1.45802	1.16943	1.41491	-1.5488	-0.560554	-1.14814	-0.142156	0.072747	1.32244	-0.936042	-0.308939	1.22851	1.45892	-0.650301	-0.256235	0.182225	0.598135	-1.33577	-0.126866	-0.648671	0.846741	
-0.326555	-0.328673	-1.19275	-0.656732	-0.507737	0.649396	0.417271	1.40621	0.930369	1.07882	-1.29287	-0.516953	-1.10751	0.116504	-0.137523	1.02235	-0.880412	-0.193285	1.26993	1.22902	-0.638579	-0.195526	0.298904	0.672657	-1.40928	0.0752213	-0.740624	0.958368	
-0.297329	-0.31532	-1.14116	-0.454867	-0.424519	0.792461	0.394967	1.20961	0.575117	0.594568	-1.03769	-0.348002	-1.04301	0.442635	-0.353477	0.500274	-0.724686	-0.0282478	1.26573	0.863977	-0.536066	-0.0835882	0.429597	0.712523	-1.36344	0.30246	-0.811225	0.878721	
-0.226638	-0.244995	-0.950111	-0.205302	-0.276209	0.826887	0.393788	0.867376	0.170345	0.00339714	-0.846064	-0.073028	-0.889543	0.753481	-0.493582	-0.172433	-0.503776	0.157978	1.20764	0.410238	-0.359552	0.0552605	0.560036	0.693559	-1.1638	0.509113	-0.813674	0.609625	
-0.143937	-0.141167	-0.657309	0.0254267	-0.0776217	0.736326	0.425285	0.413805	-0.192406	-0.610044	-0.742987	0.243902	-0.609198	0.975821	-0.488977	-0.880831	-0.269526	0.33085	1.09307	-0.0551104	-0.145021	0.183308	0.679093	0.603023	-0.830131	0.652822	-0.72422	0.205774	
-0.0807011	-0.0396437	-0.333129	0.165376	0.15162	0.536821	0.498059	-0.0829862	-0.418153	-1.13525	-0.698158	0.506224	-0.21247	1.01745	-0.309638	-1.49416	-0.0755937	0.46102	0.930141	-0.442152	0.0662666	0.262953	0.782958	0.449258	-0.412473	0.689938	-0.551689	-0.231869	
-0.0511714	0.0302475	-0.0507483	0.173669	0.380939	0.277228	0.613048	-0.538416	-0.438104	-1.46307	-0.656464	0.626482	0.23665	0.806741	0.019877	-1.90677	0.0434179	0.529228	0.736625	-0.670441	0.239966	0.271067	0.870121	0.25943	-0.00806486	0.603185	-0.349954	-0.584703	
-0.0556612	0.0472411	0.134036	0.046039	0.588267	0.0123289	0.760344	-0.886341	-0.240533	-1.53366	-0.545848	0.555446	0.640751	0.358965	0.424973	-2.07618	0.0795625	0.530996	0.536328	-0.698706	0.359774	0.205376	0.941188	0.0667189	0.314449	0.401416	-0.184563	-0.782687	
-0.0796031	0.0109561	0.203029	-0.184504	0.754645	-0.212176	0.91966	-1.08545	0.124458	-1.34644	-0.30688	0.303956	0.909392	-0.243039	0.809804	-2.02317	0.0472411	0.474567	0.356894	-0.531892	0.425819	0.0831474	0.994899	-0.0954341	0.50268	0.115067	-0.116113	-0.811482	
-0.102954	-0.0618306	0.180943	-0.453945	0.867104	-0.369909	1.05912	-1.13428	0.555533	-0.964996	0.0520621	-0.0483129	0.984676	-0.835	1.0795	-1.81926	-0.0227994	0.376258	0.220855	-0.223214	0.451434	-0.0619597	1.02314	-0.20742	0.554234	-0.197482	-0.176288	-0.725185	
-0.109817	-0.142722	0.125057	-0.695295	0.927757	-0.461527	1.14659	-1.05775	0.942137	-0.489533	0.458147	-0.391417	0.852348	-1.25844	1.17502	-1.55614	-0.0968002	0.258921	0.143307	0.152005	0.456776	-0.191067	1.01599	-0.263823	0.511052	-0.479267	-0.35854	-0.61294	
-0.088603	-0.197843	0.0894547	-0.858904	0.937158	-0.502699	1.15966	-0.891201	1.19683	-0.0190102	0.803695	-0.63157	0.556975	-1.41127	1.0908	-1.30696	-0.151653	0.14301	0.130174	0.517078	0.45498	-0.277134	0.964957	-0.27087	0.423491	-0.688958	-0.625441	-0.54613	
-0.0460569	-0.212048	0.104775	-0.929328	0.902562	-0.51491	1.09038	-0.669251	1.28404	0.376356	0.978083	-0.721393	0.17826	-1.26858	0.873051	-1.10477	-0.185004	0.0431739	0.174819	0.816125	0.448545	-0.312313	0.868803	-0.240801	0.347549	-0.808116	-0.916913	-0.557015	
0.00404403	-0.183195	0.169862	-0.920309	0.826364	-0.511305	0.950561	-0.411923	1.23114	0.67947	0.896971	-0.673686	-0.201594	-0.901155	0.596442	-0.928335	-0.206407	-0.0344457	0.262409	1.03001	0.428642	-0.306507	0.733861	-0.18512	0.298544	-0.839066	-1.18426	-0.620984	
0.0441669	-0.127572	0.242685	-0.861285	0.705338	-0.484795	0.765248	-0.124265	1.10164	0.909223	0.567721	-0.544448	-0.519759	-0.468292	0.337053	-0.726866	-0.231903	-0.0920261	0.372502	1.16231	0.37815	-0.280646	0.574313	-0.107572	0.251977	-0.797228	-1.3987	-0.646941	
0.059521	-0.0705169	0.26536	-0.785429	0.54102	-0.427761	0.566062	0.180628	0.967211	1.10256	0.0817688	-0.406429	-0.742819	-0.0816528	0.148894	-0.45757	-0.273754	-0.137767	0.481696	1.23482	0.282009	-0.260402	0.408241	-0.0117675	0.168177	-0.702538	-1.55578	-0.573762	
0.0484623	-0.0285564	0.198005	-0.710852	0.33624	-0.323708	0.378341	0.490396	0.881278	1.28895	-0.4357	-0.303351	-0.874054	0.141108	0.0402415	-0.0989082	-0.328381	-0.181673	0.572102	1.26645	0.137224	-0.259563	0.252316	0.101859	0.00758388	-0.571828	-1.67707	-0.346878	
0.018127	-0.0100941	0.0357945	-0.639378	0.106033	-0.174224	0.216967	0.774224	0.860948	1.47101	-0.853862	-0.244647	-0.943745	0.201956	-0.0122679	0.316471	-0.378989	-0.231158	0.633019	1.27037	-0.0431442	-0.277115	0.118708	0.225618	-0.237343	-0.415183	-1.79232	0.00424813	
-0.0114745	-0.00231681	-0.1803	-0.561888	-0.121396	-0.00252516	0.0887215	0.987545	0.891038	1.62218	-1.08208	-0.205949	-0.979527	0.155943	-0.0445746	0.706365	-0.400268	-0.287549	0.663285	1.24927	-0.229611	-0.298424	0.016644	0.342992	-0.532692	-0.246458	-1.92003	0.383109	
-0.0220454	0.0156144	-0.379869	-0.464978	-0.3113	0.1535	-0.00690128	1.08547	0.935813	1.69282	-1.09379	-0.142192	-0.99354	0.0787887	-0.078999	0.966087	-0.370759	-0.34257	0.667759	1.19651	-0.385823	-0.300207	-0.049048	0.432863	-0.815128	-0.0796681	-2.05529	0.666929	
-0.00157044	0.0658847	-0.488419	-0.34883	-0.422319	0.246645	-0.0672797	1.03105	0.970749	1.64139	-0.931766	-0.0416525	-0.980682	0.0547273	-0.114306	0.999317	-0.280828	-0.378445	0.656757	1.11593	-0.474069	-0.261187	-0.0726536	0.47197	-1.00369	0.0584717	-2.17132	0.726148	
0.054905	0.159379	-0.456276	-0.228124	-0.424571	0.248206	-0.082258	0.821676	0.994541	1.44941	-0.683676	0.0667238	-0.913758	0.0395249	-0.11295	0.755609	-0.136156	-0.370658	0.644923	1.02009	-0.466895	-0.1714	-0.0451802	0.452459	-1.04701	0.130695	-2.22596	0.526766	
0.136078	0.284398	-0.275004	-0.129961	-0.303901	0.147213	-0.0381163	0.47589	1.02744	1.13246	-0.438954	0.124092	-0.77406	-0.00156503	-0.0296652	0.244719	0.0393408	-0.300332	0.639821	0.931893	-0.354549	-0.0393213	0.039771	0.375434	-0.92231	0.11027	-2.18644	0.0854016	
0.220084	0.414183	0.0143005	-0.0778292	-0.0740578	-0.0329522	0.0730356	0.0428499	1.10379	0.736977	-0.258265	0.0748401	-0.555203	-0.165752	0.164674	-0.452569	0.215007	-0.161727	0.642209	0.876939	-0.150431	0.113443	0.183091	0.258395	-0.663034	-0.00830838	-2.04245	-0.491197	
0.279229	0.51043	0.332295	-0.0820005	0.224299	-0.245308	0.244801	-0.411968	1.24173	0.326611	-0.150963	-0.112046	-0.284646	-0.502895	0.46352	-1.20282	0.36241	0.0333662	0.646069	0.873242	0.110234	0.256675	0.372313	0.129247	-0.341799	-0.203345	-1.81505	-1.05358	
0.288514	0.542602	0.598383	-0.136088	0.534597	-0.436702	0.449319	-0.828191	1.43488	-0.0319934	-0.101404	-0.408767	-0.00734803	-0.969019	0.815494	-1.86377	0.463439	0.25213	0.638741	0.923377	0.380787	0.360506	0.580321	0.0132822	-0.0385807	-0.42494	-1.55256	-1.47697	
0.233559	0.502687	0.762648	-0.209482	0.79557	-0.563574	0.639697	-1.15761	1.64321	-0.29305	-0.0976928	-0.713282	0.215308	-1.46602	1.13975	-2.31397	0.517958	0.448924	0.607394	1.00854	0.612088	0.406857	0.768367	-0.0735316	0.187558	-0.606714	-1.3156	-1.67954	
0.111364	0.405208	0.804864	-0.270296	0.954427	-0.607315	0.762667	-1.37014	1.81859	-0.424189	-0.125065	-0.906406	0.327084	-1.81259	1.34517	-2.47519	0.531029	0.574217	0.544219	1.10609	0.759623	0.390723	0.892955	-0.129246	0.307702	-0.690956	-1.16448	-1.66001	
-0.067128	0.282024	0.738779	-0.297141	0.978184	-0.578612	0.782795	-1.45177	1.93164	-0.401563	-0.191632	-0.892377	0.307921	-1.88757	1.3894	-2.33438	0.508407	0.590973	0.456072	1.20738	0.79002	0.320047	0.923484	-0.162017	0.31344	-0.65444	-1.13318	-1.46872	
-0.28293	0.167052	0.601191	-0.288519	0.866926	-0.511595	0.697153	-1.40872	1.98263	-0.213771	-0.320208	-0.639792	0.160567	-1.62543	1.2795	-1.93693	0.448027	0.486025	0.361693	1.31734	0.692389	0.210136	0.849987	-0.187796	0.233867	-0.514109	-1.22352	-1.20113	
-0.515485	0.0777244	0.421124	-0.272931	0.646037	-0.444254	0.541419	-1.24993	2.02674	0.152606	-0.526048	-0.215632	-0.0755247	-1.1067	1.08046	-1.36708	0.336166	0.275545	0.293221	1.47268	0.476086	0.0762449	0.692007	-0.215383	0.0917048	-0.327679	-1.40789	-0.935191	
-0.744599	0.0036097	0.208921	-0.2988	0.366106	-0.411459	0.38765	-0.991658	2.14647	0.698757	-0.786756	0.224147	-0.34653	-0.527568	0.900619	-0.722582	0.15161	0.00366746	0.289498	1.72746	0.171187	-0.0736169	0.496921	-0.243613	-0.0958101	-0.186875	-1.63223	-0.714478	
-0.954949	-0.090338	-0.0403147	-0.415877	0.0854604	-0.426635	0.314377	-0.657803	2.42219	1.40824	-1.06817	0.502571	-0.599336	-0.0969398	0.844357	-0.0988058	-0.122825	-0.273317	0.379164	2.12713	-0.176676	-0.236868	0.321808	-0.260621	-0.326519	-0.166046	-1.84455	-0.548668	
-1.1342	-0.246238	-0.332735	-0.650035	-0.140007	-0.484944	0.378802	-0.280924	2.89171	2.23059	-1.29922	0.488267	-0.802041	-0.0131206	0.977828	0.42949	-0.484901	-0.501766	0.571378	2.68905	-0.51474	-0.413899	0.219063	-0.251363	-0.597594	-0.307943	-2.00398	-0.416479	
-1.27285	-0.495929	-0.671195	-0.992424	-0.272895	-0.56791	0.587647	0.0975931	3.51253	3.07434	-1.40766	0.138751	-0.931775	-0.310873	1.29194	0.827666	-0.907176	-0.646042	0.844262	3.36999	-0.793336	-0.603669	0.213902	-0.205932	-0.89274	-0.60398	-2.08355	-0.298632	
-1.36433	-0.837775	-1.02677	-1.39639	-0.303733	-0.651223	0.890813	0.436541	4.17548	3.84028	-1.36841	-0.469768	-0.989561	-0.894825	1.71909	1.09419	-1.33604	-0.700225	1.14778	4.0798	-0.978657	-0.797253	0.295611	-0.127617	-1.18269	-0.988355	-2.08377	-0.182139	
-1.40433	-1.22956	-1.33711	-1.78433	-0.247579	-0.721723	1.19304	0.693656	4.71814	4.42962	-1.20514	-1.16053	-0.98182	-1.53368	2.14543	1.26112	-1.70232	-0.689163	1.40882	4.68302	-1.05664	-0.978114	0.4182	-0.0395222	-1.40867	-1.36652	-2.01603	-0.0882316	
-1.39629	-1.60075	-1.54008	-2.07987	-0.148355	-0.771845	1.38486	0.854005	4.99069	4.79462	-0.976588	-1.73423	-0.918499	-1.9699	2.45593	1.39523	-1.94566	-0.658193	1.55119	5.04959	-1.04398	-1.12576	0.513712	0.0281079	-1.52828	-1.64122	-1.90763	-0.0307699	
-1.35381	-1.87595	-1.59883	-2.2329	-0.0660734	-0.807425	1.38457	0.930276	4.91078	4.96095	-0.739492	-2.04558	-0.799421	-2.02372	2.58139	1.58591	-2.03816	-0.657811	1.51988	5.10165	-0.985103	-1.22573	0.515448	0.0446785	-1.52881	-1.7557	-1.78721	-0.0137724	
-1.3016	-2.00573	-1.51072	-2.23516	-0.0554789	-0.835077	1.16904	0.960026	4.48657	5.01906	-0.579448	-2.04646	-0.630968	-1.62294	2.5189	1.91838	-1.99106	-0.724553	1.29557	4.82819	-0.932323	-1.27272	0.381496	-0.0049439	-1.42835	-1.7008	-1.67768	-0.0211554	
-1.2701	-1.98526	-1.31938	-2.12729	-0.150881	-0.854555	0.78496	1.00262	3.83868	5.10558	-0.530837	-1.8007	-0.439492	-0.91424	2.32965	2.45414	-1.85677	-0.869345	0.908433	4.31176	-0.933538	-1.27742	0.110464	-0.11157	-1.28519	-1.52116	-1.60303	0.00448686	
-1.29103	-1.86458	-1.12124	-1.98481	-0.360095	-0.863642	0.333807	1.1131	3.14737	5.33889	-0.567881	-1.45633	-0.247166	-0.125265	2.11894	3.21424	-1.71603	-1.07494	0.42971	3.69279	-1.02193	-1.26474	-0.255451	-0.242819	-1.1848	-1.30281	-1.56963	0.126387	
-1.38382	-1.72841	-1.01008	-1.89193	-0.64926	-0.855296	-0.0593476	1.3155	2.59954	5.77386	-0.644407	-1.18424	-0.097324	0.500088	1.99981	4.14532	-1.64632	-1.29957	-0.0462188	3.1302	-1.1967	-1.26451	-0.640993	-0.35658	-1.18451	-1.1271	-1.57609	0.378424	
-1.53912	-1.65857	-1.0445	-1.90253	-0.954592	-0.818965	-0.293556	1.59174	2.31939	6.35481	-0.711339	-1.08867	-0.0330819	0.773591	2.04821	5.12181	-1.69103	-1.48963	-0.427342	2.74281	-1.42073	-1.29541	-0.960617	-0.412171	-1.30547	-1.04558	-1.61103	0.751609	
-1.71858	-1.70304	-1.21879	-2.02549	-1.19448	-0.751823	-0.322164	1.87525	2.31594	6.90568	-0.734423	-1.18961	-0.0749643	0.665247	2.27806	5.96064	-1.84038	-1.59041	-0.65049	2.55932	-1.62518	-1.35671	-1.13956	-0.386327	-1.49913	-1.0679	-1.64395	1.17332	
-1.85801	-1.84541	-1.45973	-2.20652	-1.29932	-0.655601	-0.172946	2.0668	2.48616	7.17603	-0.70387	-1.39446	-0.203705	0.27241	2.63302	6.45315	-2.02862	-1.56419	-0.697551	2.51028	-1.73296	-1.41897	-1.13995	-0.283153	-1.67576	-1.14318	-1.64454	1.53065	
-1.88285	-2.0074	-1.64221	-2.34661	-1.21985	-0.539302	0.070264	2.05876	2.63581	6.90379	-0.638018	-1.55595	-0.367015	-0.190968	3.00752	6.40991	-2.15067	-1.39284	-0.600198	2.43983	-1.67196	-1.42864	-0.962852	-0.130737	-1.71958	-1.19111	-1.57633	1.68924	
-1.72793	-2.07043	-1.63033	-2.33577	-0.949365	-0.408601	0.29516	1.77902	2.55379	5.91028	-0.558312	-1.53078	-0.48467	-0.534493	3.26834	5.72045	-2.09385	-1.07966	-0.421797	2.1657	-1.39655	-1.32326	-0.648722	0.0324314	-1.54166	-1.13361	-1.42364	1.56829	
-1.35778	-1.91309	-1.33854	-2.0781	-0.53051	-0.258498	0.395189	1.21379	2.07307	4.16028	-0.462034	-1.22867	-0.479659	-0.624794	3.28464	4.38494	-1.77562	-0.645842	-0.239617	1.5386	-0.905184	-1.0446	-0.263701	0.1747	-1.12871	-0.90736	-1.20182	1.15896	
-0.780087	-1.45568	-0.741389	-1.53492	-0.0279046	-0.0792495	0.310168	0.411493	1.12002	1.78112	-0.325161	-0.667826	-0.30742	-0.427777	2.95825	2.50804	-1.16499	-0.1181	-0.115359	0.492594	-0.226252	-0.564356	0.125782	0.280751	-0.517167	-0.504888	-0.94968	0.520016	
-0.0418646	-0.682097	0.104565	-0.725912	0.48001	0.158367	0.0300989	-0.513664	-0.266652	-0.961806	-0.115783	0.0742041	0.00596697	-0.0551052	2.24128	0.288609	-0.293567	0.474639	-0.0796301	-0.929332	0.582132	0.11502	0.465398	0.365045	0.176194	0.0460429	-0.740815	-0.20131	
0.779106	0.345932	1.07738	0.265899	0.928811	0.47642	-0.406056	-1.4252	-1.95987	-3.74057	0.220635	0.864316	0.384096	0.355951	1.13531	-2.03839	0.753003	1.10835	-0.124099	-2.58949	1.45038	0.950789	0.728998	0.459642	0.823273	0.676097	-0.645992	-0.854688	
1.59872	1.5136	2.03755	1.3275	1.27848	0.887015	-0.935303	-2.19509	-3.78587	-6.25061	0.696289	1.59126	0.709938	0.67533	-0.30873	-4.24938	1.86419	1.75921	-0.212463	-4.29968	2.31187	1.87369	0.915689	0.600679	1.32205	1.31489	-0.724783	-1.316	
2.35161	2.68907	2.86997	2.34695	1.52907	1.38276	-1.49244	-2.74119	-5.57455	-8.28339	1.26369	2.19639	0.843975	0.846711	-1.99487	-6.18577	2.93415	2.40632	-0.300074	-5.87491	3.11718	2.8048	1.04616	0.811577	1.63	1.91383	-0.997914	-1.53907	
3.00328	3.75377	3.5131	3.23429	1.69942	1.92954	-2.02789	-3.03728	-7.19438	-9.76077	1.83352	2.67897	0.703391	0.874849	-3.79385	-7.7623	3.88695	3.02551	-0.346222	-7.18058	3.83542	3.669	1.14688	1.09394	1.76375	2.43509	-1.4359	-1.54145	
3.55177	4.63518	3.96283	3.9522	1.81997	2.47237	-2.5169	-3.12447	-8.57039	-10.7307	2.29054	3.10066	0.269478	0.841242	-5.55625	-8.97279	4.68478	3.58714	-0.337964	-8.16219	4.44666	4.41282	1.23755	1.41759	1.7882	2.8841	-1.96711	-1.41622	
4.01777	5.30639	4.25917	4.50092	1.91653	2.94319	-2.94637	-3.0838	-9.66959	-11.3134	2.55259	3.51304	-0.382968	0.830415	-7.12834	-9.86352	5.32528	4.06003	-0.28558	-8.83174	4.93976	5.00288	1.32574	1.731	1.78381	3.27044	-2.48933	-1.28425	
4.42663	5.77974	4.457	4.90575	1.99586	3.28631	-3.30685	-2.99558	-10.4766	-11.631	2.55853	3.93596	-1.12651	0.873233	-8.37078	-10.4724	5.82161	4.41475	-0.218118	-9.23974	5.30491	5.42942	1.40262	1.9826	1.79697	3.60373	-2.91145	-1.22652	
4.78578	6.07826	4.59298	5.19207	2.04607	3.46101	-3.58166	-2.92288	-10.9714	-11.7506	2.3293	4.34403	-1.80932	0.959701	-9.18492	-10.8198	6.18251	4.62744	-0.168901	-9.4327	5.52862	5.69069	1.44842	2.13053	1.83047	3.87346	-3.17294	-1.28606	
5.07446	6.21708	4.66788	5.36512	2.04251	3.45844	-3.74638	-2.88078	-11.1215	-11.6666	1.95055	4.65652	-2.30024	1.0146	-9.53047	-10.8805	6.39765	4.68446	-0.160833	-9.42706	5.59636	5.78747	1.44147	2.15965	1.84523	4.04881	-3.26135	-1.43262	
5.24218	6.19423	4.64841	5.40345	1.96727	3.29904	-3.77643	-2.84221	-10.8958	-11.3127	1.52639	4.78528	-2.54323	0.970827	-9.42071	-10.6023	6.43461	4.5867	-0.201743	-9.20539	5.49848	5.71625	1.3676	2.08001	1.78507	4.09191	-3.20664	-1.59042	
5.22299	5.98525	4.47797	5.26431	1.80868	3.02478	-3.66113	-2.74891	-10.281	-10.6042	1.16141	4.66542	-2.53727	0.796627	-8.93033	-9.92875	6.25054	4.34584	-0.278587	-8.7269	5.23354	5.47192	1.22353	1.92395	1.60316	3.96568	-3.06365	-1.66485	
4.96212	5.56883	4.12316	4.91182	1.57828	2.68804	-3.41555	-2.54309	-9.31006	-9.49575	0.892798	4.29689	-2.35581	0.530584	-8.17344	-8.84008	5.81399	3.98351	-0.370616	-7.96803	4.81786	5.05634	1.01962	1.72932	1.30613	3.66711	-2.89175	-1.58221	
4.4342	4.94173	3.5777	4.33521	1.30102	2.33513	-3.07775	-2.19199	-8.06795	-8.01433	0.71756	3.74614	-2.09302	0.28117	-7.27034	-7.38413	5.12361	3.52461	-0.458342	-6.94156	4.2788	4.48253	0.776819	1.52542	0.941658	3.22616	-2.72718	-1.32285	
3.66396	4.13352	2.87904	3.56706	1.00932	2.00417	-2.70221	-1.69645	-6.67926	-6.26814	0.57658	3.11069	-1.83164	0.149938	-6.33006	-5.66433	4.22188	2.99873	-0.52796	-5.71266	3.65675	3.78692	0.520108	1.33083	0.582662	2.70327	-2.57729	-0.905405	
2.72139	3.20444	2.10548	2.68368	0.733029	1.70856	-2.34078	-1.10669	-5.28931	-4.42484	0.413643	2.50826	-1.61261	0.225631	-5.4242	-3.84552	3.19333	2.4323	-0.578945	-4.39258	2.99578	3.02237	0.272133	1.14332	0.305949	2.17119	-2.41808	-0.406889	
1.71193	2.23854	1.34524	1.79086	0.490154	1.44579	-2.02724	-0.499035	-4.01809	-2.6619	0.200569	2.01264	-1.42878	0.510618	-4.58871	-2.10533	2.14942	1.85073	-0.618833	-3.10379	2.3373	2.2551	0.0496959	0.950248	0.156101	1.69861	-2.2164	0.0745879	
0.754388	1.32217	0.690345	0.991605	0.288672	1.20169	-1.76703	0.049076	-2.93357	-1.11474	-0.0658513	1.62852	-1.24875	0.897069	-3.82313	-0.591083	1.20619	1.2812	-0.655506	-1.946	1.72176	1.5501	-0.137945	0.740577	0.129115	1.31892	-1.95006	0.462294	
-0.0530376	0.521686	0.193971	0.356411	0.126734	0.950877	-1.5391	0.474202	-2.03462	0.157856	-0.327803	1.3137	-1.03134	1.24326	-3.11055	0.603074	0.453488	0.747122	-0.693148	-0.963156	1.17865	0.953964	-0.288455	0.50701	0.177066	1.01953	-1.62474	0.687377	
-0.644447	-0.126314	-0.124061	-0.0882475	0.000413005	0.678823	-1.31215	0.752332	-1.26968	1.17023	-0.516889	0.989761	-0.766037	1.36337	-2.43654	1.45871	-0.0608025	0.272024	-0.725643	-0.144562	0.730504	0.492231	-0.404209	0.2578	0.232299	0.760777	-1.27886	0.739196	
-1.00865	-0.620072	-0.28726	-0.366607	-0.0943038	0.375595	-1.05959	0.89364	-0.567575	1.98394	-0.563477	0.591175	-0.467823	1.17331	-1.7931	2.0145	-0.342905	-0.127182	-0.744284	0.558087	0.384376	0.158932	-0.488234	0.008097	0.231853	0.489745	-0.961058	0.628885	
-1.17941	-0.982225	-0.338499	-0.533962	-0.157336	0.0481045	-0.776815	0.939602	0.13136	2.67162	-0.467833	0.0926802	-0.184938	0.680861	-1.19562	2.36041	-0.440362	-0.439518	-0.738555	1.19999	0.140689	-0.0718288	-0.543763	-0.220075	0.156367	0.168478	-0.720248	0.400842	
-1.22315	-1.25277	-0.324656	-0.657969	-0.188707	-0.282079	-0.481402	0.944957	0.843348	3.28216	-0.266756	-0.474544	0.0302476	-0.00875067	-0.668881	2.58585	-0.430832	-0.66539	-0.702197	1.81165	-0.0133912	-0.236716	-0.571816	-0.405794	0.0246404	-0.210824	-0.57938	0.123173	
-1.22141	-1.46433	-0.294438	-0.786984	-0.193376	-0.582718	-0.208583	0.955293	1.5368	3.81887	-0.0351047	-1.02477	0.136575	-0.685528	-0.245213	2.75848	-0.397849	-0.816852	-0.639453	2.38122	-0.103107	-0.372658	-0.573129	-0.536887	-0.110489	-0.608	-0.535274	-0.15109	
-1.23962	-1.63967	-0.276318	-0.936583	-0.178238	-0.812012	0.0101759	1.00314	2.14242	4.24174	0.129303	-1.47194	0.129512	-1.19157	0.0546543	2.91287	-0.405713	-0.907328	-0.554943	2.8585	-0.154524	-0.500505	-0.545234	-0.603634	-0.193179	-0.960771	-0.552107	-0.358416	
-1.31818	-1.78537	-0.281986	-1.08787	-0.155159	-0.938282	0.156043	1.0909	2.58103	4.49267	0.164001	-1.73038	0.040751	-1.39332	0.216962	3.03241	-0.48641	-0.953968	-0.456612	3.17525	-0.193947	-0.625056	-0.487591	-0.607178	-0.189734	-1.1978	-0.586924	-0.474242	
-1.45874	-1.89234	-0.310115	-1.19914	-0.136551	-0.936367	0.235239	1.20645	2.7971	4.5283	0.0385021	-1.77265	-0.0925553	-1.29115	0.241668	3.08248	-0.634345	-0.96902	-0.343651	3.28115	-0.237538	-0.731843	-0.40143	-0.548166	-0.10178	-1.2633	-0.607692	-0.482517	
-1.63226	-1.94563	-0.353602	-1.23238	-0.127257	-0.808374	0.278387	1.32649	2.78065	4.34117	-0.208831	-1.62067	-0.226568	-0.979179	0.152329	3.01369	-0.816802	-0.958836	-0.210557	3.16635	-0.292598	-0.803308	-0.28948	-0.433245	0.0273446	-1.15171	-0.599097	-0.396015	
-1.79033	-1.9255	-0.396314	-1.16593	-0.125606	-0.578006	0.320988	1.42858	2.57242	3.97076	-0.526745	-1.33504	-0.352072	-0.596143	-0.0248208	2.80248	-0.982197	-0.923364	-0.0467806	2.87229	-0.350674	-0.823401	-0.16081	-0.271338	0.136622	-0.894337	-0.585567	-0.249151	
-1.8813	-1.82505	-0.434253	-1.01355	-0.124205	-0.287512	0.39711	1.50376	2.24693	3.49332	-0.825024	-0.998914	-0.475084	-0.31674	-0.239133	2.45406	-1.08898	-0.86022	0.156711	2.48085	-0.402108	-0.78766	-0.0265914	-0.0758439	0.162817	-0.567415	-0.597469	-0.0684949	
-1.87394	-1.64423	-0.46545	-0.811321	-0.120228	0.00643421	0.513713	1.54734	1.88721	2.98962	-1.03782	-0.667559	-0.621061	-0.196258	-0.442208	2.01361	-1.11378	-0.77272	0.392909	2.08041	-0.440134	-0.709802	0.0944264	0.129996	0.068639	-0.243944	-0.666506	0.10266	
-1.76528	-1.40013	-0.489076	-0.615221	-0.112037	0.25069	0.658569	1.56778	1.56486	2.52844	-1.14067	-0.385277	-0.807525	-0.249359	-0.577214	1.56498	-1.0623	-0.670724	0.640383	1.74253	-0.465968	-0.617437	0.184471	0.319821	-0.133964	0.00761371	-0.792502	0.254554	
-1.58669	-1.12682	-0.513951	-0.480621	-0.112792	0.399252	0.799866	1.56946	1.3225	2.15799	-1.13202	-0.147856	-1.01589	-0.373294	-0.592168	1.19807	-0.971541	-0.578851	0.858819	1.50304	-0.498841	-0.550468	0.224179	0.458551	-0.401787	0.149959	-0.942246	0.384147	
-1.39715	-0.872136	-0.553174	-0.44699	-0.14607	0.430823	0.904223	1.55539	1.17891	1.89696	-1.0378	0.0528914	-1.20019	-0.422394	-0.45409	1.00605	-0.897537	-0.528483	1.0026	1.36504	-0.569006	-0.547142	0.199192	0.518426	-0.67471	0.188679	-1.05682	0.504502	
-1.26205	-0.689344	-0.627507	-0.526663	-0.232184	0.349024	0.954188	1.52211	1.12729	1.73886	-0.883408	0.239606	-1.28353	-0.288344	-0.1471	1.04407	-0.900673	-0.551128	1.02829	1.30046	-0.710481	-0.636828	0.104508	0.48173	-0.887129	0.151433	-1.0606	0.645405	
-1.23504	-0.620526	-0.741743	-0.699226	-0.382509	0.175815	0.947053	1.45677	1.15608	1.67499	-0.725239	0.432437	-1.20523	0.110484	0.300471	1.32006	-1.01726	-0.666115	0.914177	1.28235	-0.938043	-0.825103	-0.0558138	0.346175	-0.997256	0.0905721	-0.908061	0.809744	
-1.34452	-0.693537	-0.905493	-0.932831	-0.593032	-0.0470483	0.903167	1.35779	1.26261	1.70623	-0.579136	0.622087	-0.934971	0.726554	0.83355	1.79771	-1.26087	-0.876833	0.667226	1.30283	-1.25155	-1.09662	-0.265168	0.131564	-0.99994	0.0457473	-0.588876	1.01338	
-1.58468	-0.902676	-1.1194	-1.1834	-0.839208	-0.279139	0.84818	1.22587	1.44662	1.83568	-0.471373	0.806931	-0.510261	1.48491	1.37414	2.39926	-1.60761	-1.16447	0.321845	1.375	-1.62283	-1.41755	-0.499559	-0.131281	-0.917138	0.0464747	-0.146555	1.23222	
-1.91683	-1.21219	-1.36766	-1.41264	-1.08231	-0.48203	0.805487	1.07957	1.71242	2.06678	-0.424413	0.96593	-0.0219952	2.24428	1.84264	3.03109	-2.0062	-1.49031	-0.0633916	1.52673	-2.00345	-1.74055	-0.730719	-0.40046	-0.796143	0.102966	0.332777	1.44063	
-2.28234	-1.56149	-1.64018	-1.59299	-1.28976	-0.629739	0.783613	0.94979	2.05264	2.4	-0.454133	1.09733	0.404221	2.88477	2.18349	3.60859	-2.39634	-1.80984	-0.422904	1.78393	-2.34484	-2.01946	-0.933087	-0.63753	-0.701086	0.205901	0.7458	1.61567	
-2.62353	-1.8781	-1.91016	-1.71344	-1.43741	-0.717191	0.774587	0.867459	2.44621	2.81606	-0.58465	1.19845	0.647307	3.34162	2.37513	4.07715	-2.7216	-2.07892	-0.698245	2.15349	-2.60284	-2.22036	-1.08637	-0.816289	-0.675107	0.33595	1.00477	1.72603	
-2.8965	-2.0976	-2.16459	-1.77553	-1.52429	-0.745835	0.762412	0.862637	2.85314	3.27537	-0.804362	1.27183	0.638578	3.58281	2.43646	4.41949	-2.95087	-2.27111	-0.851634	2.60243	-2.76223	-2.33018	-1.18	-0.921382	-0.749937	0.470391	1.06491	1.78562	
-3.08105	-2.18109	-2.38238	-1.79063	-1.56154	-0.734748	0.732153	0.940128	3.22334	3.73109	-1.1152	1.3226	0.382184	3.65174	2.41977	4.64304	-3.07496	-2.37581	-0.868066	3.07428	-2.82572	-2.35573	-1.21108	-0.957058	-0.915589	0.581727	0.935366	1.79323	
-3.17966	-2.12849	-2.55442	-1.7788	-1.57484	-0.702615	0.684971	1.09072	3.51678	4.13909	-1.47158	1.33136	-0.0330674	3.5846	2.38796	4.78125	-3.11422	-2.40263	-0.755922	3.50221	-2.82159	-2.32273	-1.18248	-0.933419	-1.15843	0.642638	0.676206	1.77711	
-3.20675	-1.96863	-2.6755	-1.7574	-1.57789	-0.667521	0.636087	1.27902	3.7004	4.4578	-1.81817	1.28207	-0.482219	3.41741	2.38966	4.85765	-3.09655	-2.36904	-0.541691	3.82106	-2.78017	-2.26256	-1.1005	-0.866918	-1.42316	0.626388	0.374741	1.75242	
-3.17515	-1.74943	-2.72907	-1.73524	-1.56702	-0.643813	0.610903	1.45221	3.76147	4.65652	-2.10749	1.15575	-0.832446	3.1679	2.44334	4.86521	-3.04462	-2.29222	-0.26242	3.98546	-2.7199	-2.19967	-0.973231	-0.775826	-1.64357	0.52233	0.121423	1.70863	
-3.09038	-1.5232	-2.7103	-1.71544	-1.52831	-0.63548	0.633594	1.56469	3.70971	4.72303	-2.28228	0.943188	-0.990065	2.82111	2.52905	4.78257	-2.97025	-2.18578	0.0427248	3.98508	-2.64749	-2.14559	-0.809423	-0.671641	-1.77443	0.327269	-0.0192983	1.63734	
-2.9485	-1.32957	-2.60812	-1.69587	-1.43097	-0.643504	0.71348	1.57523	3.5615	4.64812	-2.31393	0.645832	-0.92577	2.37843	2.60749	4.56459	-2.86679	-2.0492	0.336602	3.83445	-2.54868	-2.0966	-0.618893	-0.567216	-1.7642	0.0566322	-0.015138	1.50062	
-2.73615	-1.18334	-2.41934	-1.66084	-1.25345	-0.661625	0.838664	1.46664	3.3345	4.42103	-2.19743	0.296507	-0.672749	1.85526	2.62874	4.1715	-2.71719	-1.87904	0.585163	3.55802	-2.40254	-2.03522	-0.414643	-0.470925	-1.604	-0.247686	0.125116	1.27502	
-2.44855	-1.07974	-2.14922	-1.59267	-0.992034	-0.682117	0.976681	1.2429	3.03939	4.03594	-1.95088	-0.0480597	-0.310474	1.29977	2.56567	3.591	-2.50558	-1.67215	0.760593	3.18474	-2.19419	-1.94077	-0.21526	-0.39224	-1.30611	-0.529526	0.36558	0.947307	
-2.09722	-0.999762	-1.81477	-1.4794	-0.672093	-0.703508	1.08739	0.929861	2.69168	3.50128	-1.6115	-0.334453	0.0803211	0.794705	2.42418	2.86039	-2.23123	-1.4378	0.842758	2.74465	-1.92723	-1.8048	-0.0397891	-0.342268	-0.92322	-0.733846	0.66472	0.530971	
-1.71542	-0.924571	-1.448	-1.32333	-0.339236	-0.726325	1.13488	0.566216	2.30768	2.84466	-1.20416	-0.528835	0.446478	0.413373	2.23962	2.06268	-1.91515	-1.19991	0.822421	2.26434	-1.62675	-1.63843	0.0909188	-0.331032	-0.50446	-0.828262	0.984227	0.0763978	
-1.35229	-0.846312	-1.08505	-1.13704	-0.0481409	-0.75917	1.10167	0.186271	1.90904	2.11256	-0.759766	-0.609366	0.777872	0.236954	2.07527	1.3023	-1.59544	-0.994045	0.700797	1.76839	-1.33541	-1.46956	0.160043	-0.369342	-0.101838	-0.802793	1.30403	-0.369623	
-1.0583	-0.768049	-0.760462	-0.94902	0.158996	-0.811914	0.996316	-0.173252	1.53502	1.38283	-0.309597	-0.585322	1.10026	0.248695	1.98472	0.691605	-1.31967	-0.858457	0.493469	1.2969	-1.09668	-1.33633	0.162387	-0.457857	0.251992	-0.691905	1.61292	-0.739268	
-0.870244	-0.701403	-0.507306	-0.796303	0.264817	-0.892293	0.846526	-0.490688	1.22311	0.739957	0.138456	-0.494377	1.4508	0.410068	2.00375	0.301004	-1.12892	-0.818805	0.228887	0.891171	-0.945026	-1.27582	0.102173	-0.591023	0.550317	-0.55238	1.90612	-0.992559	
-0.792492	-0.653756	-0.325203	-0.705373	0.287009	-1.00662	0.686065	-0.759052	1.00175	0.245856	0.548756	-0.369579	1.85332	0.64425	2.12284	0.139419	-1.0375	-0.87796	-0.0580554	0.582262	-0.882197	-1.30422	-0.00141715	-0.757567	0.818564	-0.44925	2.17765	-1.12748	
-0.802304	-0.629055	-0.208626	-0.68711	0.263028	-1.14521	0.54354	-0.972856	0.873161	-0.06881	0.912753	-0.238173	2.29885	0.843912	2.29491	0.157803	-1.0363	-1.01188	-0.330001	0.384416	-0.889248	-1.41017	-0.124417	-0.93478	1.08332	-0.423856	2.41256	-1.15543	
-0.853723	-0.622493	-0.135462	-0.7333	0.237806	-1.29389	0.433567	-1.13529	0.816015	-0.218491	1.21717	-0.119801	2.74823	0.95921	2.45508	0.258928	-1.08994	-1.17295	-0.552117	0.286582	-0.925688	-1.55647	-0.237789	-1.10118	1.35916	-0.490521	2.59415	-1.12678	
-0.893161	-0.622674	-0.0766712	-0.81657	0.250784	-1.42782	0.352885	-1.24805	0.78319	-0.259663	1.44695	-0.0236697	3.13852	0.96638	2.53359	0.333521	-1.15094	-1.30098	-0.698863	0.248687	-0.942871	-1.68808	-0.315257	-1.23323	1.65298	-0.625051	2.7021	-1.08599	
-0.880674	-0.62028	-0.007908	-0.892868	0.311611	-1.52007	0.284389	-1.3145	0.711934	-0.275872	1.61048	0.0628061	3.4069	0.908307	2.48561	0.295965	-1.17254	-1.34422	-0.758665	0.209204	-0.905563	-1.74755	-0.34234	-1.31172	1.93131	-0.770016	2.72133	-1.07504	
-0.802552	-0.610282	0.0848983	-0.923399	0.410639	-1.54776	0.208888	-1.33672	0.562856	-0.338424	1.71877	0.141641	3.51765	0.82328	2.29778	0.10978	-1.12449	-1.27164	-0.730714	0.119202	-0.796361	-1.6947	-0.313292	-1.32509	2.15147	-0.871405	2.64765	-1.10765	
-0.670856	-0.595594	0.1943	-0.885941	0.517018	-1.49385	0.116476	-1.315	0.319941	-0.487232	1.80106	0.192959	3.47237	0.761429	1.99536	-0.204159	-0.999603	-1.0842	-0.625774	-0.0493875	-0.626931	-1.52104	-0.235784	-1.26786	2.26265	-0.890647	2.48825	-1.16791	
-0.514746	-0.584236	0.320739	-0.778583	0.603058	-1.36257	0.00699434	-1.25888	0.00730042	-0.722883	1.85671	0.199895	3.30323	0.743118	1.62793	-0.580291	-0.80616	-0.811979	-0.46445	-0.290679	-0.418467	-1.24826	-0.124305	-1.149	2.24987	-0.829782	2.26238	-1.23593	
-0.366892	-0.578475	0.447812	-0.612392	0.649251	-1.16392	-0.108832	-1.17638	-0.327683	-1.00538	1.89003	0.158278	3.05351	0.722135	1.24694	-0.938273	-0.566261	-0.50655	-0.276904	-0.568187	-0.204738	-0.918758	0.000184708	-0.981075	2.12352	-0.709691	1.98843	-1.26967	
-0.24399	-0.568575	0.569514	-0.414139	0.653643	-0.921682	-0.215628	-1.07987	-0.623627	-1.27186	1.88842	0.0559156	2.76565	0.637839	0.893546	-1.20899	-0.30029	-0.22165	-0.0944617	-0.826223	-0.0098032	-0.584712	0.116555	-0.785995	1.93043	-0.580863	1.68238	-1.24151	
-0.139752	-0.531655	0.689515	-0.208173	0.63457	-0.665606	-0.304274	-0.985267	-0.836316	-1.47309	1.82303	-0.0943864	2.46077	0.442293	0.586946	-1.36457	-0.0229441	0.00294625	0.0513313	-1.02025	0.158438	-0.287909	0.210048	-0.590244	1.74295	-0.485221	1.35433	-1.14748	
-0.0283959	-0.436897	0.82238	-0.00594656	0.61383	-0.420559	-0.37327	-0.902546	-0.961713	-1.58662	1.6686	-0.264265	2.13847	0.0974621	0.319823	-1.41556	0.262294	0.152023	0.136415	-1.13518	0.307605	-0.0467269	0.271775	-0.414748	1.62776	-0.442294	1.0084	-0.992077	
0.118682	-0.260615	0.98032	0.190612	0.609693	-0.21179	-0.431643	-0.845638	-1.02273	-1.62777	1.43292	-0.408223	1.7912	-0.353689	0.0740134	-1.41295	0.554075	0.235005	0.147537	-1.18722	0.453193	0.1408	0.300552	-0.280486	1.62263	-0.44155	0.648222	-0.815104	
0.322824	0.00528914	1.16626	0.387798	0.626688	-0.0521477	-0.48702	-0.820203	-1.06994	-1.63882	1.13639	-0.493356	1.41481	-0.813185	-0.165369	-1.4173	0.848778	0.281686	0.0885461	-1.22018	0.607688	0.293418	0.304275	-0.194723	1.71366	-0.447423	0.281604	-0.660004	
0.585117	0.342357	1.38544	0.588621	0.656731	0.0486006	-0.549262	-0.829036	-1.15341	-1.67066	0.824986	-0.498982	1.02097	-1.16413	-0.410445	-1.47265	1.14137	0.328764	-0.0212365	-1.28496	0.781999	0.434643	0.294942	-0.154946	1.85462	-0.427104	-0.0811649	-0.571141	
0.882301	0.713541	1.61135	0.795541	0.678966	0.095048	-0.619145	-0.870547	-1.30293	-1.76014	0.578265	-0.41616	0.638916	-1.31337	-0.656109	-1.60461	1.41578	0.403816	-0.1527	-1.41472	0.966859	0.583088	0.286308	-0.148338	1.96181	-0.349443	-0.426649	-0.576693	
1.17392	1.07108	1.81311	0.994136	0.674841	0.0970244	-0.685428	-0.935032	-1.50779	-1.90594	0.44887	-0.270963	0.313339	-1.23176	-0.886695	-1.7985	1.6534	0.519589	-0.270429	-1.60567	1.14483	0.739794	0.290862	-0.154638	1.96106	-0.22172	-0.742334	-0.678917	
1.41592	1.36777	1.95418	1.16254	0.634014	0.0656315	-0.734814	-1.01173	-1.72271	-2.07534	0.472703	-0.0866104	0.082155	-0.950248	-1.07655	-2.02075	1.83549	0.664684	-0.346819	-1.82056	1.29203	0.890998	0.314886	-0.156602	1.80612	-0.0731124	-1.01982	-0.863423	
1.57481	1.57495	2.00169	1.28196	0.557243	0.0195876	-0.751702	-1.08114	-1.88862	-2.20858	0.63391	0.102921	-0.0350491	-0.595653	-1.2041	-2.22505	1.95328	0.812994	-0.364728	-1.99923	1.38644	1.01709	0.358375	-0.138378	1.49635	0.051938	-1.25194	-1.07933	
1.64076	1.68709	1.94815	1.34141	0.456823	-0.0273267	-0.732912	-1.12793	-1.95194	-2.25393	0.887905	0.278237	-0.0464692	-0.30296	-1.26396	-2.37498	2.0096	0.930692	-0.327515	-2.08688	1.41876	1.09865	0.411439	-0.0978275	1.08859	0.115881	-1.44386	-1.27544	
1.62716	1.72287	1.79961	1.34323	0.353031	-0.0633962	-0.678981	-1.13932	-1.88983	-2.18169	1.1572	0.409929	0.0155301	-0.174794	-1.25065	-2.45243	2.01156	0.989926	-0.251117	-2.0528	1.39118	1.12665	0.462873	-0.0431094	0.66553	0.104229	-1.59466	-1.40768	
1.56182	1.70707	1.59773	1.30084	0.267417	-0.0862818	-0.602458	-1.10979	-1.72156	-2.00107	1.35243	0.493446	0.107059	-0.25941	-1.17856	-2.45513	1.97456	0.978096	-0.160372	-1.90665	1.3228	1.10479	0.500506	0.0108462	0.325605	0.027181	-1.70581	-1.44504	
1.47447	1.66156	1.38846	1.23414	0.216135	-0.098645	-0.517251	-1.04585	-1.49818	-1.75869	1.42284	0.519352	0.188319	-0.513281	-1.06379	-2.39822	1.91066	0.900152	-0.0799202	-1.69276	1.23642	1.04961	0.516721	0.0468673	0.137095	-0.0773355	-1.77072	-1.38812	
1.37941	1.59269	1.21868	1.15561	0.209921	-0.111903	-0.431794	-0.962763	-1.28581	-1.52019	1.33992	0.483796	0.245693	-0.817621	-0.920375	-2.29709	1.82391	0.776999	-0.0243704	-1.47283	1.15465	0.979279	0.512071	0.052548	0.129626	-0.168318	-1.77646	-1.26524	
1.28031	1.4934	1.12249	1.06729	0.249779	-0.134447	-0.352971	-0.876531	-1.13365	-1.3408	1.11907	0.391551	0.27652	-1.04881	-0.768371	-2.15776	1.71532	0.63959	0.0047372	-1.29873	1.09547	0.911477	0.492786	0.0282539	0.282029	-0.215673	-1.72676	-1.1155	
1.16604	1.35244	1.10355	0.96242	0.328495	-0.169298	-0.279369	-0.800622	-1.0658	-1.24999	0.811569	0.246469	0.294778	-1.10669	-0.620145	-1.98568	1.58425	0.518635	0.017499	-1.19783	1.06405	0.85727	0.471052	-0.0137246	0.523764	-0.207676	-1.62597	-0.979433	
1.01997	1.16315	1.13939	0.829615	0.427693	-0.212434	-0.210274	-0.737934	-1.05936	-1.23084	0.473236	0.0822711	0.311521	-0.960361	-0.492699	-1.77593	1.431	0.435749	0.0318296	-1.15261	1.05188	0.817126	0.456729	-0.0514679	0.761779	-0.158117	-1.50986	-0.881003	
