1.55689	2.25895	1.1124	1.6056	0.562738	0.770016	-0.595474	-0.311318	-1.11206	-1.18826	-0.191221	0.683746	0.131826	0.240057	-1.08616	-0.484097	1.44869	0.593411	-0.407333	-1.41528	1.30595	1.60076	0.536256	0.701102	-0.055706	1.21479	-0.0995146	0.155463	
1.32584	1.61202	0.882592	1.4498	0.0132641	0.306681	-0.805075	-0.426724	-1.15889	-1.1176	-0.148331	0.629466	-0.0243785	-0.119036	-1.03503	-0.349459	1.23704	0.382526	-0.351193	-1.34532	0.989361	1.29738	0.0940432	0.436535	-0.193739	0.652459	-0.407015	-0.190115	
0.947663	0.776564	0.560221	1.11667	-0.498792	-0.140516	-0.889244	-0.41407	-1.0581	-0.827191	-0.15473	0.44043	-0.201152	-0.394571	-0.858021	-0.140813	0.899408	0.149852	-0.167283	-1.04944	0.499435	0.871262	-0.312271	0.202276	-0.379303	0.082683	-0.638942	-0.450324	
0.533364	-0.0319895	0.247848	0.689008	-0.839701	-0.462265	-0.818438	-0.234593	-0.811411	-0.308567	-0.201336	0.168199	-0.351715	-0.533686	-0.609318	0.175081	0.530201	-0.0714812	0.119347	-0.54205	-0.0381485	0.417647	-0.59834	0.0530769	-0.525509	-0.326388	-0.741675	-0.539649	
0.186229	-0.615996	0.0184392	0.273027	-0.946391	-0.599194	-0.612479	0.0888026	-0.460482	0.359718	-0.267622	-0.0998937	-0.445285	-0.538922	-0.356052	0.582229	0.215473	-0.265269	0.445359	0.0902564	-0.495645	0.0237111	-0.728173	0.00697716	-0.568821	-0.481949	-0.708145	-0.438735	
-0.0430828	-0.871783	-0.118133	-0.0469911	-0.858676	-0.563567	-0.335323	0.470757	-0.0756573	1.02229	-0.331256	-0.282073	-0.480518	-0.464955	-0.149673	1.00301	0.00322488	-0.43239	0.728583	0.710825	-0.80448	-0.260525	-0.72542	0.0330778	-0.504777	-0.398234	-0.58175	-0.209828	
-0.166548	-0.814358	-0.209878	-0.228754	-0.689644	-0.424056	-0.0783853	0.793632	0.252969	1.49927	-0.380136	-0.333062	-0.483656	-0.391643	-0.0228462	1.32393	-0.106679	-0.583456	0.895527	1.1739	-0.96141	-0.430687	-0.652294	0.072472	-0.388639	-0.185617	-0.439027	0.0352886	
-0.243067	-0.556805	-0.329815	-0.282361	-0.574346	-0.26989	0.0918484	0.955856	0.472611	1.65739	-0.41379	-0.25492	-0.494002	-0.375424	0.0386055	1.44417	-0.151455	-0.722487	0.912724	1.3845	-1.02539	-0.515886	-0.578403	0.0706788	-0.315472	0.00501944	-0.348604	0.187388	
-0.339568	-0.267188	-0.529109	-0.256798	-0.603886	-0.171504	0.148563	0.914443	0.566126	1.46261	-0.440274	-0.0936134	-0.539564	-0.426341	0.0676635	1.31673	-0.1831	-0.841744	0.795057	1.32778	-1.06861	-0.557493	-0.542281	0.00406825	-0.360882	0.0576469	-0.345106	0.187477	
-0.494703	-0.0997721	-0.8056	-0.218821	-0.77651	-0.150749	0.120967	0.70249	0.568734	1.00696	-0.46602	0.0832932	-0.620939	-0.498756	0.105085	0.98352	-0.243004	-0.919851	0.599999	1.08281	-1.13891	-0.590795	-0.54119	-0.106173	-0.541014	-0.0678291	-0.410559	0.0550601	
-0.704966	-0.133543	-1.09957	-0.228149	-1.00294	-0.180582	0.0840277	0.416773	0.556796	0.476442	-0.492504	0.210278	-0.709738	-0.512417	0.18923	0.563208	-0.347737	-0.931924	0.402719	0.791539	-1.24022	-0.632933	-0.535513	-0.210395	-0.790071	-0.318224	-0.480837	-0.12345	
-0.927152	-0.356124	-1.31772	-0.315609	-1.14524	-0.207586	0.111818	0.176303	0.598418	0.0812892	-0.514451	0.251889	-0.762772	-0.390375	0.325518	0.211302	-0.490322	-0.865349	0.262654	0.598606	-1.33206	-0.685762	-0.475574	-0.251706	-0.985582	-0.581749	-0.482763	-0.236592	
-1.10366	-0.683762	-1.37795	-0.483214	-1.08965	-0.187175	0.259229	0.0678012	0.746602	-0.0283995	-0.518646	0.209763	-0.741293	-0.115853	0.511053	0.0519538	-0.646458	-0.732121	0.203593	0.602615	-1.36223	-0.745766	-0.333523	-0.202892	-1.00488	-0.746065	-0.36074	-0.207309	
-1.19508	-0.995845	-1.24953	-0.709636	-0.792705	-0.11586	0.519823	0.108852	0.989308	0.179674	-0.485293	0.105323	-0.625863	0.259254	0.721343	0.127523	-0.792071	-0.572182	0.203573	0.80884	-1.28998	-0.815393	-0.118361	-0.0821101	-0.771163	-0.755078	-0.108419	-0.0342659	
-1.18846	-1.18598	-0.963761	-0.953151	-0.305394	-0.0266867	0.842328	0.249158	1.27742	0.617268	-0.402193	-0.0188814	-0.430315	0.632226	0.931182	0.388225	-0.908886	-0.432645	0.215739	1.14449	-1.11591	-0.895377	0.124803	0.0556364	-0.302761	-0.627712	0.231074	0.215128	
-1.10843	-1.21521	-0.611664	-1.17434	0.241985	0.0193858	1.13842	0.384483	1.52399	1.08995	-0.264403	-0.136189	-0.191402	0.871692	1.11861	0.693801	-0.989551	-0.357263	0.187122	1.47276	-0.881054	-0.991677	0.330713	0.132856	0.296109	-0.451497	0.578667	0.418468	
-0.991647	-1.11012	-0.301586	-1.33303	0.696711	-0.0270734	1.31835	0.409745	1.63942	1.38836	-0.0847865	-0.2337	0.0399958	0.880925	1.26405	0.884769	-1.03329	-0.36374	0.0836256	1.6539	-0.648466	-1.10012	0.442457	0.0912811	0.86218	-0.325936	0.848627	0.46625	
-0.867619	-0.94036	-0.118936	-1.40364	0.939674	-0.178164	1.33833	0.261789	1.58567	1.36494	0.114257	-0.318845	0.221753	0.630868	1.36701	0.83884	-1.03662	-0.434395	-0.09179	1.6022	-0.473303	-1.20209	0.436284	-0.0834361	1.23812	-0.322327	0.987243	0.305537	
-0.735163	-0.780734	-0.0811032	-1.36802	0.945315	-0.391	1.20267	-0.0402631	1.3664	1.00319	0.309169	-0.404964	0.339833	0.196107	1.41814	0.533835	-0.989987	-0.520811	-0.29797	1.31283	-0.364691	-1.25693	0.341363	-0.340505	1.33757	-0.430816	0.988133	-0.0224408	
-0.559383	-0.671649	-0.137369	-1.21393	0.779841	-0.574875	0.971571	-0.401873	1.04623	0.423552	0.478935	-0.484659	0.407501	-0.280956	1.40819	0.0588285	-0.875746	-0.556993	-0.469469	0.872763	-0.285768	-1.21348	0.221727	-0.582657	1.17434	-0.562794	0.892621	-0.390089	
-0.306465	-0.601713	-0.209737	-0.957595	0.562062	-0.641413	0.725232	-0.695997	0.715297	-0.166562	0.610066	-0.552547	0.450627	-0.635672	1.32296	-0.423914	-0.691302	-0.497982	-0.54944	0.416757	-0.179752	-1.04275	0.143379	-0.712681	0.848762	-0.606984	0.760487	-0.647505	
0.0465142	-0.511981	-0.220553	-0.622051	0.407363	-0.531416	0.538548	-0.802973	0.463841	-0.543896	0.69123	-0.578076	0.489077	-0.738739	1.15637	-0.73332	-0.449135	-0.328115	-0.502648	0.0849927	0.00191219	-0.741243	0.151806	-0.661132	0.495214	-0.466315	0.645339	-0.668523	
0.471412	-0.349535	-0.142168	-0.256952	0.371102	-0.256095	0.451057	-0.669158	0.350376	-0.5653	0.722592	-0.539758	0.528682	-0.561357	0.9189	-0.754047	-0.18705	-0.0779879	-0.331566	-0.027738	0.263086	-0.355827	0.245038	-0.426011	0.230961	-0.128449	0.570622	-0.42332	
0.894557	-0.0891776	-0.00712377	0.0791108	0.432493	0.107981	0.458781	-0.31715	0.385621	-0.202127	0.702964	-0.4313	0.550759	-0.165916	0.64031	-0.464575	0.0366597	0.186358	-0.0725386	0.100907	0.555768	0.0353465	0.381371	-0.0666695	0.104676	0.336463	0.524363	0.0237844	
1.21354	0.238077	0.101889	0.329861	0.50094	0.445621	0.534094	0.158809	0.554502	0.444768	0.633218	-0.267741	0.523463	0.302007	0.374708	0.0442133	0.165395	0.392643	0.221944	0.431261	0.789949	0.343803	0.494983	0.312344	0.0853844	0.786704	0.473464	0.530334	
1.33784	0.550677	0.0967123	0.453448	0.476085	0.645671	0.634207	0.63249	0.810277	1.18917	0.516677	-0.0899548	0.420449	0.675805	0.174545	0.613319	0.161565	0.483513	0.499163	0.874984	0.875156	0.498772	0.52709	0.603395	0.0939004	1.07119	0.38481	0.932223	
1.2301	0.746501	-0.0723841	0.448737	0.293836	0.652791	0.72086	0.993532	1.09205	1.82241	0.361652	0.0630453	0.237848	0.825421	0.0777081	1.07625	0.0316862	0.444114	0.723059	1.32525	0.761436	0.475491	0.450794	0.736425	0.0456836	1.09584	0.245528	1.11395	
0.909849	0.745988	-0.39726	0.335161	-0.0416929	0.478039	0.782166	1.17978	1.36003	2.19525	0.18236	0.151753	-0.00205192	0.705132	0.0936426	1.32047	-0.185177	0.295428	0.876468	1.70443	0.458296	0.294658	0.277788	0.695645	-0.106406	0.851245	0.0715483	1.04229	
0.4659	0.541139	-0.799951	0.163766	-0.447301	0.2027	0.820435	1.20049	1.58016	2.26023	0.00193137	0.168879	-0.250776	0.379071	0.191415	1.33028	-0.421261	0.0906214	0.961591	1.96597	0.0481383	0.0249347	0.0611161	0.528797	-0.342512	0.430821	-0.0984755	0.786209	
0.0146136	0.197367	-1.17016	-0.00738969	-0.806306	-0.0586169	0.841947	1.11714	1.72987	2.07696	-0.156858	0.134499	-0.457168	-0.0117552	0.304837	1.1775	-0.606906	-0.109984	0.987436	2.10756	-0.353019	-0.247478	-0.139852	0.314581	-0.595956	-0.0114624	-0.22824	0.478841	
-0.337158	-0.162882	-1.40792	-0.133644	-1.01417	-0.204581	0.842769	1.01371	1.78989	1.77819	-0.27623	0.0861743	-0.586688	-0.29956	0.352853	0.992327	-0.699876	-0.263004	0.959442	2.1505	-0.635981	-0.449104	-0.280627	0.132297	-0.782983	-0.318214	-0.302603	0.265084	
-0.526455	-0.398252	-1.46286	-0.187862	-1.02712	-0.178924	0.808476	0.96126	1.74758	1.50951	-0.344742	0.0703252	-0.631338	-0.352256	0.278318	0.899305	-0.689626	-0.34707	0.882994	2.12772	-0.739695	-0.536436	-0.346517	0.0320537	-0.844273	-0.390642	-0.333343	0.244913	
-0.558167	-0.422023	-1.357	-0.178468	-0.877819	0.00668552	0.718391	0.990999	1.59871	1.3804	-0.370639	0.108014	-0.617229	-0.123784	0.0633941	0.970754	-0.61022	-0.371484	0.759564	2.07092	-0.675234	-0.511103	-0.358857	0.0227681	-0.77587	-0.217487	-0.35596	0.437215	
-0.485132	-0.235542	-1.16104	-0.124092	-0.660492	0.293557	0.554546	1.09587	1.34716	1.43051	-0.370191	0.201154	-0.586305	0.344476	-0.26203	1.20869	-0.512511	-0.357609	0.596277	1.99624	-0.507135	-0.401279	-0.356348	0.0811969	-0.632504	0.134053	-0.41271	0.791427	
-0.390855	0.0710709	-0.970702	-0.0569857	-0.487388	0.597286	0.330606	1.23443	1.03375	1.63099	-0.372575	0.320852	-0.582669	0.931735	-0.624791	1.5418	-0.449478	-0.332003	0.403803	1.92355	-0.331732	-0.2506	-0.380566	0.164634	-0.496856	0.549168	-0.525708	1.20841	
-0.344713	0.353328	-0.857766	-0.00905848	-0.446308	0.840017	0.0817633	1.35439	0.714038	1.89689	-0.400413	0.423702	-0.631515	1.48001	-0.936066	1.86317	-0.454597	-0.31678	0.195024	1.86009	-0.232483	-0.10398	-0.457405	0.234924	-0.446969	0.909576	-0.69	1.57953	
-0.3722	0.481031	-0.837856	0.0077591	-0.554997	0.984547	-0.139583	1.41755	0.448917	2.13082	-0.454137	0.479165	-0.721701	1.85957	-1.12016	2.07621	-0.517949	-0.31702	-0.012764	1.81295	-0.245916	0.0143022	-0.587209	0.272255	-0.509087	1.13956	-0.867102	1.83104	
-0.45723	0.373203	-0.870384	-0.00722287	-0.757425	1.03178	-0.27751	1.40863	0.292629	2.25758	-0.511811	0.476459	-0.810974	1.99899	-1.14051	2.12649	-0.603437	-0.330067	-0.207356	1.78778	-0.352129	0.0967202	-0.744026	0.27504	-0.643464	1.22235	-0.998577	1.9385	
-0.548011	0.0548571	-0.875919	-0.0408183	-0.954009	1.00769	-0.303011	1.32872	0.26517	2.23399	-0.530344	0.439275	-0.842956	1.90116	-1.01652	2.00982	-0.655798	-0.348594	-0.383651	1.77855	-0.487464	0.150045	-0.890707	0.247786	-0.762859	1.18502	-1.03627	1.91455	
-0.590876	-0.362979	-0.786017	-0.0816509	-1.04855	0.936141	-0.226527	1.18346	0.343226	2.05622	-0.471492	0.402237	-0.778365	1.62877	-0.808927	1.7595	-0.631203	-0.373238	-0.548689	1.76362	-0.584829	0.181965	-0.998858	0.186658	-0.780569	1.07659	-0.963398	1.78518	
-0.545252	-0.722552	-0.559825	-0.108563	-0.984515	0.832535	-0.101992	0.984115	0.458079	1.75238	-0.308853	0.410146	-0.605444	1.28434	-0.608287	1.43549	-0.50528	-0.401336	-0.705996	1.71137	-0.591389	0.201437	-1.05171	0.0815404	-0.649382	0.94755	-0.805425	1.57972	
-0.408597	-0.882175	-0.21878	-0.105786	-0.761897	0.691329	-2.77243e-05	0.733543	0.527711	1.36403	-0.0499683	0.487001	-0.349406	0.960068	-0.493964	1.08917	-0.284354	-0.42881	-0.852164	1.59207	-0.500583	0.210383	-1.05089	-0.0878989	-0.372813	0.820783	-0.6144	1.30775	
-0.209682	-0.771252	0.167771	-0.0622958	-0.441035	0.499305	0.0202654	0.438277	0.488083	0.945326	0.259409	0.629595	-0.0683466	0.71769	-0.503753	0.759138	-0.00307595	-0.442482	-0.968961	1.39508	-0.343824	0.210416	-1.00687	-0.328212	-0.0226217	0.699457	-0.451043	0.970721	
0.00394548	-0.413651	0.508182	0.0282492	-0.109565	0.25056	-0.0708574	0.113446	0.3111	0.554404	0.543456	0.804246	0.165527	0.576858	-0.637563	0.471577	0.288599	-0.422973	-1.03453	1.13454	-0.175417	0.204963	-0.937115	-0.624706	0.298339	0.576451	-0.364383	0.578117	
0.179179	0.066984	0.716164	0.157138	0.144098	-0.0387148	-0.249842	-0.205167	0.0314288	0.266074	0.71175	0.955	0.28366	0.524811	-0.843516	0.253748	0.533046	-0.354706	-1.02657	0.867174	-0.0493266	0.199164	-0.855443	-0.931592	0.484211	0.453031	-0.370511	0.167576	
0.284253	0.514073	0.752776	0.305958	0.266477	-0.324405	-0.454473	-0.463023	-0.269147	0.15472	0.696533	1.03115	0.247878	0.536185	-1.05404	0.142675	0.68533	-0.231064	-0.934417	0.673652	0.00723131	0.19886	-0.7701	-1.17779	0.475801	0.345511	-0.453148	-0.194193	
0.296997	0.778417	0.615664	0.431642	0.243025	-0.550471	-0.600565	-0.60441	-0.478093	0.285952	0.474634	0.995605	0.0551501	0.586981	-1.18991	0.185855	0.710781	-0.0750399	-0.772145	0.640147	-0.0174212	0.195498	-0.694312	-1.29865	0.272774	0.275016	-0.571869	-0.428039	
0.214858	0.772785	0.3449	0.489147	0.0982538	-0.660833	-0.61795	-0.583684	-0.498955	0.692874	0.0844692	0.850639	-0.256777	0.675726	-1.19633	0.423129	0.596952	0.0706768	-0.569892	0.830452	-0.110488	0.172911	-0.63908	-1.25445	-0.0695243	0.263399	-0.681533	-0.460775	
0.0349594	0.489102	-0.0105004	0.426361	-0.128319	-0.634642	-0.471091	-0.396179	-0.273759	1.34744	-0.388546	0.61931	-0.628504	0.801851	-1.04708	0.862616	0.344717	0.144346	-0.374839	1.25767	-0.265154	0.0976807	-0.62236	-1.06025	-0.46271	0.302606	-0.749915	-0.268377	
-0.235436	0.00425739	-0.402005	0.212974	-0.388017	-0.484861	-0.164772	-0.07297	0.197939	2.16378	-0.828734	0.352513	-0.986983	0.970146	-0.736924	1.46836	-0.0205461	0.0956877	-0.222539	1.87947	-0.472159	-0.0577135	-0.650052	-0.773263	-0.814554	0.365734	-0.756947	0.116864	
-0.587964	-0.569161	-0.798863	-0.148147	-0.64131	-0.265505	0.25322	0.315685	0.851705	3.00177	-1.14096	0.0981581	-1.27459	1.16347	-0.290405	2.15055	-0.462933	-0.101543	-0.133506	2.59546	-0.736943	-0.313796	-0.720954	-0.487707	-1.06199	0.406028	-0.702639	0.60368	
-1.00825	-1.1282	-1.19064	-0.61798	-0.860322	-0.047717	0.721206	0.683968	1.59093	3.70333	-1.2748	-0.112635	-1.45665	1.3369	0.263925	2.78697	-0.935072	-0.43093	-0.095981	3.28366	-1.0691	-0.66762	-0.819728	-0.299786	-1.1818	0.374704	-0.59164	1.07053	
-1.45843	-1.5863	-1.56401	-1.11909	-1.0218	0.102563	1.17364	0.954777	2.29953	4.12499	-1.23873	-0.261851	-1.52476	1.43189	0.885199	3.24662	-1.38041	-0.829098	-0.0758703	3.8141	-1.46017	-1.08302	-0.915028	-0.270424	-1.18337	0.244533	-0.430006	1.39882	
-1.89713	-1.89956	-1.90878	-1.57605	-1.10979	0.142705	1.57117	1.08015	2.89245	4.19828	-1.10191	-0.361148	-1.50327	1.39068	1.53996	3.44603	-1.75816	-1.21382	-0.0369677	4.09981	-1.88666	-1.50876	-0.9729	-0.406805	-1.10186	0.0214343	-0.219459	1.51595	
-2.27373	-2.07062	-2.20124	-1.92595	-1.11253	0.0677313	1.89048	1.06007	3.3092	3.94571	-0.961967	-0.433597	-1.43355	1.1887	2.1851	3.36798	-2.04291	-1.50435	0.045032	4.10301	-2.29304	-1.88452	-0.96241	-0.658019	-0.983015	-0.254594	0.0342963	1.41565	
-2.54338	-2.12096	-2.40551	-2.14055	-1.0274	-0.0932106	2.12824	0.932947	3.53491	3.47477	-0.900884	-0.506088	-1.35693	0.85334	2.7763	3.076	-2.23146	-1.64558	0.169119	3.846	-2.60904	-2.15858	-0.868573	-0.933289	-0.863946	-0.524381	0.318386	1.15567	
-2.67433	-2.07207	-2.48513	-2.2301	-0.855379	-0.285244	2.28537	0.761842	3.58281	2.93948	-0.945836	-0.591156	-1.29377	0.461298	3.25941	2.68715	-2.33319	-1.6222	0.306849	3.39428	-2.75951	-2.2975	-0.696167	-1.1348	-0.754913	-0.729526	0.609151	0.834234	
-2.67023	-1.95924	-2.42969	-2.23785	-0.626906	-0.457968	2.35027	0.602243	3.47313	2.48472	-1.07461	-0.692541	-1.25429	0.117478	3.57679	2.32743	-2.37568	-1.4684	0.408481	2.82795	-2.70552	-2.30375	-0.478048	-1.20036	-0.670102	-0.834625	0.860718	0.548929	
-2.55953	-1.82748	-2.25519	-2.21503	-0.38927	-0.571385	2.31244	0.490112	3.23837	2.19477	-1.20583	-0.803712	-1.22084	-0.0807053	3.69609	2.0905	-2.38077	-1.24267	0.432323	2.22792	-2.45237	-2.20103	-0.25828	-1.11667	-0.616518	-0.838312	1.02875	0.370742	
-2.3755	-1.72018	-1.99036	-2.18638	-0.178194	-0.600297	2.1646	0.445037	2.90433	2.07958	-1.24224	-0.897523	-1.15747	-0.0660672	3.60654	2.0189	-2.34837	-0.997813	0.368409	1.65412	-2.0329	-2.01516	-0.0668672	-0.910629	-0.582946	-0.754711	1.087	0.331726	
-2.15437	-1.67579	-1.67775	-2.1476	-0.0159114	-0.54051	1.92436	0.45928	2.50894	2.07787	-1.11712	-0.950916	-1.02977	0.157391	3.34367	2.08655	-2.26543	-0.77139	0.245851	1.14856	-1.51675	-1.77372	0.0814634	-0.640184	-0.550433	-0.607145	1.04322	0.4182	
-1.91787	-1.7301	-1.354	-2.06364	0.0945062	-0.404326	1.62085	0.514237	2.07933	2.08248	-0.826547	-0.947343	-0.821627	0.511296	2.9645	2.21676	-2.10843	-0.575716	0.124005	0.726132	-0.983032	-1.4962	0.187935	-0.371908	-0.495618	-0.420443	0.930458	0.58457	
-1.67763	-1.88567	-1.04689	-1.8926	0.158404	-0.217913	1.3015	0.585517	1.64999	1.98499	-0.438616	-0.882674	-0.549905	0.874922	2.55249	2.31132	-1.86463	-0.404088	0.0723686	0.386192	-0.510955	-1.20072	0.263925	-0.153638	-0.405134	-0.211426	0.799639	0.771637	
-1.43141	-2.09345	-0.761935	-1.61213	0.195495	-0.0108225	1.01861	0.657759	1.25501	1.72383	-0.0653421	-0.762987	-0.255103	1.12346	2.188	2.28991	-1.53925	-0.24311	0.145606	0.124583	-0.150912	-0.902937	0.327251	-0.000245156	-0.263759	0.010633	0.704609	0.93006	
-1.18308	-2.27122	-0.49426	-1.24097	0.221195	0.179558	0.806852	0.722177	0.915572	1.31252	0.166298	-0.607959	-0.00143143	1.17687	1.917	2.11595	-1.17387	-0.093629	0.35441	-0.0624447	0.0791266	-0.627614	0.388934	0.0998383	-0.0793303	0.24168	0.673277	1.02823	
-0.936989	-2.31362	-0.232262	-0.836827	0.239025	0.316497	0.670242	0.762382	0.634768	0.797949	0.196862	-0.442671	0.167726	1.02349	1.74578	1.77635	-0.823566	0.0318114	0.661111	-0.190826	0.190038	-0.399982	0.448785	0.169157	0.127157	0.461489	0.701952	1.04245	
-0.689274	-2.11597	0.0420195	-0.468564	0.258339	0.379299	0.566875	0.764612	0.373871	0.250926	0.0549203	-0.276062	0.247198	0.736742	1.60853	1.29624	-0.532267	0.125341	0.993119	-0.290259	0.237297	-0.226648	0.508505	0.234003	0.337984	0.654252	0.7518	0.970312	
-0.430243	-1.61838	0.340951	-0.187273	0.293535	0.363197	0.430981	0.701642	0.0730135	-0.288281	-0.143343	-0.110553	0.281578	0.431334	1.40145	0.691094	-0.311443	0.192556	1.26695	-0.40773	0.290594	-0.0953995	0.572128	0.307589	0.538379	0.803335	0.772209	0.809096	
-0.135865	-0.849453	0.676485	0.00377543	0.371655	0.289846	0.182635	0.545938	-0.349308	-0.836989	-0.223003	0.0688573	0.361177	0.2303	0.998471	-0.031593	-0.123107	0.264739	1.41886	-0.610384	0.428465	0.038325	0.652787	0.387706	0.73178	0.907507	0.716624	0.564075	
0.231876	0.0911936	1.06333	0.163536	0.531994	0.207861	-0.236839	0.282784	-0.961294	-1.45538	-0.025703	0.292619	0.587141	0.218036	0.290877	-0.873473	0.111484	0.403029	1.42907	-0.96491	0.722324	0.242525	0.776393	0.472758	0.937256	0.993836	0.564457	0.255295	
0.719507	1.07176	1.52221	0.395552	0.824824	0.183393	-0.846823	-0.0813814	-1.80124	-2.22789	0.534602	0.592615	1.04108	0.404869	-0.777321	-1.83663	0.49355	0.677174	1.32835	-1.52414	1.21793	0.593306	0.971343	0.567356	1.20076	1.11259	0.333202	-0.0839383	
1.35619	1.96179	2.06835	0.807276	1.27757	0.281235	-1.62516	-0.51191	-2.8659	-3.21012	1.41893	0.992059	1.73594	0.729293	-2.19215	-2.89662	1.09407	1.13663	1.17825	-2.30695	1.9165	1.13965	1.25082	0.686116	1.55898	1.32775	0.06044	-0.402105	
2.13017	2.66679	2.70079	1.45476	1.87198	0.538167	-2.5096	-0.961756	-4.09966	-4.41722	2.47424	1.48553	2.60614	1.07293	-3.84963	-4.01053	1.9233	1.77959	1.04254	-3.29481	2.75672	1.87281	1.59489	0.843095	2.02704	1.67183	-0.207281	-0.653447	
2.98576	3.16398	3.39752	2.31874	2.53684	0.957499	-3.42169	-1.37008	-5.41367	-5.7838	3.48271	2.04916	3.51948	1.32314	-5.58114	-5.08969	2.91513	2.54444	0.964789	-4.42601	3.63681	2.72707	1.95552	1.05278	2.58119	2.14996	-0.438453	-0.790225	
3.82894	3.50135	4.11838	3.29688	3.16839	1.49504	-4.27665	-1.68753	-6.69358	-7.17953	4.2257	2.62749	4.31565	1.39671	-7.18879	-6.03872	3.93748	3.32003	0.947105	-5.60317	4.43691	3.58722	2.26739	1.31576	3.1671	2.71421	-0.619239	-0.794072	
4.54512	3.74524	4.79321	4.22754	3.63855	2.06696	-5.01583	-1.90194	-7.83634	-8.46966	4.57223	3.14695	4.85886	1.27937	-8.48946	-6.79136	4.8293	3.96696	0.94318	-6.7297	5.03416	4.32013	2.45407	1.60037	3.69817	3.27685	-0.765265	-0.688002	
5.04936	3.96333	5.35653	4.95787	3.84864	2.58328	-5.60914	-2.02865	-8.76628	-9.53639	4.52414	3.54883	5.0882	1.03017	-9.36255	-7.31708	5.46084	4.38021	0.887139	-7.71702	5.35686	4.82295	2.4667	1.85856	4.09222	3.74277	-0.904219	-0.51946	
5.3065	4.18456	5.75491	5.38494	3.76516	2.95955	-6.04606	-2.11669	-9.43568	-10.3274	4.21289	3.79182	5.03831	0.734119	-9.76401	-7.64971	5.77577	4.50996	0.71256	-8.50293	5.39187	5.05099	2.2894	2.024	4.30569	4.028	-1.05302	-0.366786	
5.34896	4.39658	5.96021	5.49989	3.42774	3.15078	-6.3292	-2.22138	-9.82584	-10.8487	3.85367	3.87865	4.82445	0.487642	-9.73356	-7.85973	5.80906	4.38671	0.387209	-9.05378	5.19394	5.0353	1.95321	2.04567	4.33803	4.10236	-1.21068	-0.300452	
5.2552	4.55204	5.97893	5.37259	2.94016	3.14724	-6.46731	-2.39335	-9.94465	-11.1569	3.65117	3.83977	4.59137	0.346053	-9.38383	-8.03901	5.66326	4.09976	-0.0818264	-9.3644	4.86314	4.86125	1.51733	1.89251	4.2398	3.97902	-1.35748	-0.376428	
5.12342	4.60869	5.83711	5.132	2.4188	2.97665	-6.47063	-2.65807	-9.81487	-11.3165	3.73556	3.73734	4.45838	0.305621	-8.85529	-8.25811	5.47308	3.76053	-0.645422	-9.44516	4.50528	4.63891	1.04756	1.56978	4.06936	3.72135	-1.46941	-0.611494	
5.0334	4.56898	5.58037	4.90853	1.96873	2.6876	-6.34386	-3.00142	-9.46048	-11.3567	4.1049	3.63887	4.47209	0.313726	-8.28825	-8.53289	5.34819	3.46436	-1.2289	-9.30606	4.20762	4.4598	0.602501	1.11925	3.88842	3.40518	-1.52703	-0.982227	
5.00097	4.4689	5.23934	4.77701	1.62682	2.32613	-6.09448	-3.38819	-8.90442	-11.2741	4.63089	3.59378	4.58478	0.292757	-7.77288	-8.83082	5.32908	3.24375	-1.76432	-8.95988	3.98743	4.35513	0.199579	0.592185	3.7175	3.09222	-1.53408	-1.43991	
4.99004	4.38161	4.84048	4.75098	1.36988	1.93598	-5.73472	-3.75604	-8.17189	-11.0135	5.11813	3.63149	4.68504	0.194489	-7.34315	-9.05909	5.38467	3.07643	-2.20099	-8.41399	3.81561	4.30164	-0.163171	0.0537241	3.54103	2.82077	-1.51489	-1.90787	
4.92161	4.37656	4.40064	4.77503	1.13525	1.54073	-5.27818	-4.04582	-7.28813	-10.5123	5.37119	3.74147	4.64328	-0.00244844	-6.97086	-9.11734	5.4288	2.89332	-2.52741	-7.68131	3.62887	4.23196	-0.506774	-0.449357	3.32519	2.58891	-1.49921	-2.31705	
4.72283	4.48188	3.9335	4.77417	0.850076	1.15786	-4.74915	-4.21612	-6.29402	-9.73467	5.26988	3.89005	4.36779	-0.264018	-6.60028	-8.93322	5.37012	2.62335	-2.76466	-6.79721	3.36454	4.07906	-0.848139	-0.884883	3.02873	2.38255	-1.51453	-2.61314	
4.36437	4.66321	3.46573	4.69	0.477358	0.80263	-4.18047	-4.25048	-5.25011	-8.70669	4.80805	4.02927	3.84544	-0.510988	-6.17726	-8.48634	5.15403	2.22874	-2.95486	-5.82176	2.99759	3.80776	-1.18911	-1.24298	2.64249	2.19011	-1.5688	-2.76524	
3.87816	4.83465	3.03054	4.5103	0.0311601	0.494414	-3.60072	-4.15806	-4.21825	-7.51645	4.09459	4.12048	3.15035	-0.6683	-5.6585	-7.81821	4.79353	1.72551	-3.13623	-4.83019	2.54673	3.43093	-1.51544	-1.53004	2.19264	2.01387	-1.64093	-2.76878	
3.3485	4.89713	2.65844	4.2653	-0.426573	0.25021	-3.03686	-3.96416	-3.25998	-6.28878	3.29673	4.13153	2.40818	-0.686682	-5.04315	-7.01161	4.35239	1.17559	-3.32951	-3.9051	2.07271	3.00337	-1.79593	-1.754	1.73756	1.8655	-1.69455	-2.64284	
2.87592	4.78422	2.36745	4.00761	-0.81672	0.0818376	-2.50979	-3.70081	-2.42485	-5.15505	2.57675	4.05051	1.74798	-0.564821	-4.35189	-6.16722	3.92312	0.66509	-3.52426	-3.11551	1.64477	2.59613	-2.0029	-1.92296	1.33958	1.76118	-1.68972	-2.42129	
2.54383	4.49192	2.15671	3.789	-1.0703	-0.012107	-2.03762	-3.39517	-1.74798	-4.20505	2.03826	3.88196	1.25783	-0.343493	-3.63218	-5.36589	3.58557	0.270742	-3.68272	-2.50109	1.32056	2.27241	-2.11428	-2.0343	1.04605	1.70716	-1.60272	-2.145	
2.37254	4.08723	1.99288	3.61615	-1.16959	-0.0585269	-1.63674	-3.07048	-1.24303	-3.47915	1.69598	3.63297	0.950955	-0.111219	-2.93015	-4.66024	3.3667	0.0231564	-3.75501	-2.06994	1.11121	2.04693	-2.13341	-2.09008	0.859343	1.67025	-1.44078	-1.86451	
2.31323	3.676	1.81581	3.4518	-1.14847	-0.09421	-1.31184	-2.73704	-0.891153	-2.95108	1.48497	3.31883	0.771329	0.0491616	-2.27827	-4.0607	3.23024	-0.0954413	-3.68525	-1.78731	0.97489	1.88714	-2.07701	-2.09005	0.7386	1.59546	-1.23616	-1.624	
2.2702	3.3513	1.56279	3.23537	-1.07366	-0.158238	-1.06206	-2.40192	-0.660457	-2.56347	1.30813	2.95621	0.632518	0.0849798	-1.69368	-3.55351	3.09756	-0.139101	-3.43658	-1.59829	0.842797	1.72977	-1.96623	-2.03822	0.62711	1.42434	-1.03312	-1.45675	
2.13692	3.14772	1.19146	2.90917	-1.01793	-0.276888	-0.875757	-2.07601	-0.506532	-2.25519	1.0888	2.56769	0.460816	-0.0227661	-1.175	-3.12279	2.88569	-0.169878	-3.00454	-1.44069	0.642708	1.50807	-1.82262	-1.94833	0.47042	1.11048	-0.868993	-1.38345	
1.84609	3.02073	0.700059	2.45626	-1.02274	-0.451005	-0.73382	-1.7715	-0.386923	-1.98094	0.798823	2.17573	0.227711	-0.253716	-0.729821	-2.75696	2.5413	-0.232428	-2.41968	-1.26765	0.341847	1.18889	-1.65077	-1.83072	0.246699	0.654082	-0.761144	-1.40293	
1.39291	2.86406	0.130025	1.91055	-1.0991	-0.659283	-0.621187	-1.51293	-0.274313	-1.74648	0.473646	1.80453	-0.0417135	-0.563337	-0.370197	-2.47018	2.07	-0.338924	-1.7534	-1.06834	-0.050053	0.78017	-1.4605	-1.70439	-0.0349257	0.0992957	-0.708604	-1.50095	
0.838036	2.55745	-0.445143	1.34884	-1.21432	-0.857769	-0.515836	-1.31668	-0.14326	-1.56872	0.186002	1.47857	-0.284548	-0.893762	-0.109226	-2.26999	1.52983	-0.468651	-1.09082	-0.844419	-0.477045	0.331956	-1.25868	-1.58148	-0.329451	-0.467408	-0.687283	-1.64041	
0.272277	2.02055	-0.947489	0.850775	-1.33829	-1.01248	-0.421093	-1.20154	-0.00329226	-1.48086	0.00573207	1.20154	-0.44284	-1.22035	0.035654	-2.16341	1.00204	-0.596288	-0.533809	-0.634768	-0.872562	-0.0972118	-1.07562	-1.47934	-0.596134	-0.96379	-0.683207	-1.78708	
-0.220799	1.26393	-1.32563	0.469046	-1.45989	-1.10698	-0.335916	-1.17037	0.147148	-1.48202	-0.0446927	0.964308	-0.502957	-1.52621	0.0784305	-2.12638	0.552065	-0.71018	-0.167036	-0.463799	-1.19225	-0.461462	-0.95452	-1.41378	-0.826704	-1.32797	-0.690842	-1.90751	
-0.582501	0.403558	-1.54924	0.221398	-1.57619	-1.14073	-0.260243	-1.19989	0.303682	-1.53199	0.00873845	0.750836	-0.489397	-1.79916	0.0618161	-2.09969	0.22014	-0.810827	-0.0327971	-0.343174	-1.40847	-0.732351	-0.926871	-1.38678	-1.02148	-1.53069	-0.707728	-1.96867	
-0.813204	-0.3915	-1.63351	0.0680034	-1.71374	-1.14436	-0.202861	-1.26314	0.45174	-1.57373	0.0961335	0.530267	-0.468567	-2.03697	0.0541578	-2.01925	-0.00712988	-0.926999	-0.13992	-0.275643	-1.54347	-0.92497	-1.02065	-1.40805	-1.20549	-1.60508	-0.745122	-1.9622	
-0.950616	-0.950575	-1.62237	-0.0491512	-1.8844	-1.14243	-0.14535	-1.3031	0.603186	-1.51972	0.13596	0.288462	-0.508405	-2.21516	0.147538	-1.80539	-0.178662	-1.08333	-0.425572	-0.225572	-1.63925	-1.07012	-1.21239	-1.46281	-1.39628	-1.59926	-0.793938	-1.87604	
-1.0475	-1.17934	-1.56537	-0.179661	-2.07541	-1.15592	-0.0721588	-1.27951	0.756242	-1.32959	0.0813517	0.0337517	-0.639254	-2.30538	0.413697	-1.42586	-0.343609	-1.28471	-0.802393	-0.169132	-1.74014	-1.20036	-1.4485	-1.53575	-1.5738	-1.57092	-0.83071	-1.71864	
-1.14497	-1.09049	-1.5078	-0.342084	-2.2399	-1.18396	0.0413089	-1.16596	0.916589	-1.0026	-0.0664042	-0.19973	-0.841445	-2.27216	0.884442	-0.893252	-0.535035	-1.5053	-1.16019	-0.07941	-1.86965	-1.33151	-1.64677	-1.60354	-1.68871	-1.55084	-0.814757	-1.50303	
-1.24971	-0.799257	-1.46846	-0.511297	-2.30655	-1.20412	0.202316	-0.958513	1.06918	-0.591263	-0.24765	-0.360894	-1.04181	-2.09367	1.51929	-0.268038	-0.747541	-1.68852	-1.40031	0.0412176	-2.01301	-1.45178	-1.72155	-1.63287	-1.67197	-1.53137	-0.707092	-1.24456	
-1.3434	-0.471906	-1.4569	-0.644691	-2.20958	-1.18953	0.406528	-0.684927	1.2036	-0.182136	-0.378307	-0.399083	-1.15266	-1.76833	2.21862	0.354429	-0.953141	-1.77474	-1.46363	0.176934	-2.13556	-1.53975	-1.6214	-1.60178	-1.46604	-1.48251	-0.487785	-0.964794	
-1.39425	-0.25033	-1.46934	-0.704436	-1.92338	-1.11688	0.624626	-0.389791	1.29976	0.136844	-0.384869	-0.2842	-1.10887	-1.32374	2.84389	0.878507	-1.11223	-1.71982	-1.33736	0.296153	-2.19369	-1.57542	-1.34543	-1.4991	-1.06177	-1.36449	-0.175298	-0.684007	
-1.37918	-0.204607	-1.49165	-0.681432	-1.47927	-0.985904	0.799316	-0.131999	1.31988	0.304672	-0.233897	-0.025763	-0.896426	-0.82029	3.25406	1.23163	-1.19439	-1.52156	-1.07029	0.358664	-2.15723	-1.55537	-0.955086	-1.3356	-0.507589	-1.16154	0.169419	-0.427522	
-1.30425	-0.302702	-1.51887	-0.604041	-0.963104	-0.820803	0.8847	0.0415578	1.25325	0.317941	0.042465	0.322536	-0.568721	-0.324173	3.35804	1.38723	-1.20091	-1.22294	-0.740369	0.351804	-2.02764	-1.49676	-0.543718	-1.13584	0.0842047	-0.885475	0.465294	-0.218041	
-1.19704	-0.436714	-1.54014	-0.526033	-0.483674	-0.661792	0.852081	0.105968	1.10189	0.222419	0.364762	0.679963	-0.220956	0.105627	3.14021	1.36445	-1.1552	-0.895971	-0.437316	0.282784	-1.82499	-1.42809	-0.204765	-0.930284	0.579244	-0.581323	0.637961	-0.0705958	
-1.09515	-0.483373	-1.5453	-0.503148	-0.13328	-0.546336	0.710279	0.0687987	0.89252	0.0996962	0.631686	0.957277	0.045912	0.42612	2.66665	1.21617	-1.09632	-0.616133	-0.227675	0.18871	-1.58466	-1.37587	0.00212346	-0.74698	0.871084	-0.306417	0.65141	0.0121173	
-1.02871	-0.371671	-1.52249	-0.560978	0.0398043	-0.496332	0.503023	-0.0336211	0.667491	0.0386799	0.759463	1.08443	0.162004	0.621277	2.06234	1.01179	-1.06042	-0.434533	-0.139822	0.120213	-1.34369	-1.3507	0.0718162	-0.59775	0.901567	-0.104878	0.519531	0.0413139	
-0.994872	-0.109267	-1.45237	-0.675974	0.0660802	-0.497938	0.308803	-0.143219	0.487577	0.106907	0.716209	1.04746	0.123144	0.701573	1.4758	0.820161	-1.052	-0.351234	-0.154409	0.136974	-1.11733	-1.33221	0.0560284	-0.471106	0.70882	0.0109313	0.315382	0.0442456	
-0.973874	0.209591	-1.33259	-0.801215	0.00799575	-0.520482	0.190323	-0.211993	0.389732	0.315144	0.514065	0.868808	-0.0314802	0.683751	1.01316	0.679387	-1.06088	-0.333123	-0.226348	0.263854	-0.914214	-1.29068	0.0235439	-0.349851	0.377856	0.0556336	0.119354	0.0440005	
-0.927234	0.449095	-1.16893	-0.872408	-0.0560658	-0.513896	0.181631	-0.200278	0.382312	0.640591	0.214541	0.614403	-0.22793	0.601468	0.726136	0.617121	-1.05641	-0.324036	-0.296559	0.495429	-0.723745	-1.19004	0.0412704	-0.202513	0.0157602	0.0747081	0.000146526	0.0701752	
-0.829033	0.504949	-0.99293	-0.849712	-0.0701038	-0.434917	0.275532	-0.0936829	0.452037	1.03405	-0.107435	0.364585	-0.39858	0.49243	0.588539	0.645364	-1.01549	-0.273968	-0.316535	0.79988	-0.543614	-1.01253	0.137482	-0.00768993	-0.281633	0.118774	-0.0187438	0.141195	
-0.685696	0.347958	-0.852074	-0.742346	-0.0414627	-0.272657	0.410382	0.0897068	0.547772	1.43768	-0.395164	0.179628	-0.519344	0.386889	0.519109	0.765549	-0.940284	-0.172958	-0.275181	1.11402	-0.385257	-0.778165	0.282918	0.229813	-0.488382	0.214679	0.0206521	0.257564	
-0.523888	0.0474326	-0.778639	-0.593425	-0.016699	-0.0372752	0.509047	0.320403	0.614361	1.81033	-0.615451	0.0922779	-0.599612	0.312718	0.4323	0.981522	-0.845976	-0.0399897	-0.185862	1.37822	-0.266618	-0.525084	0.414409	0.48618	-0.618742	0.363793	0.0468976	0.411025	
-0.38937	-0.26166	-0.785815	-0.462393	-0.0606797	0.229315	0.497042	0.555329	0.598201	2.12852	-0.764399	0.0879713	-0.674918	0.293919	0.257725	1.28448	-0.762842	0.0806616	-0.0873531	1.54262	-0.205452	-0.29968	0.46038	0.718771	-0.72086	0.537676	-0.0179953	0.58038	
-0.311057	-0.430902	-0.84419	-0.385844	-0.20827	0.483276	0.352654	0.76598	0.486601	2.39163	-0.857956	0.136601	-0.77599	0.349232	-0.0089639	1.65469	-0.706853	0.150607	-0.0155164	1.59665	-0.196494	-0.127602	0.384826	0.89208	-0.83372	0.702219	-0.204344	0.751972	
-0.284134	-0.372082	-0.890733	-0.362182	-0.438329	0.690213	0.105757	0.939255	0.297929	2.60522	-0.913865	0.196024	-0.903245	0.475538	-0.323997	2.05298	-0.675121	0.159011	0.0159648	1.55755	-0.211516	-0.00343009	0.203825	0.985109	-0.954254	0.830663	-0.482096	0.915967	
-0.27034	-0.105177	-0.852025	-0.34584	-0.677827	0.831627	-0.1683	1.0723	0.0777035	2.76788	-0.93929	0.233135	-1.02093	0.643689	-0.606032	2.41484	-0.64224	0.12408	0.0125047	1.46171	-0.204072	0.105786	-0.0175241	1.0013	-1.04491	0.916738	-0.765935	1.06585	
-0.205682	0.272643	-0.670658	-0.265329	-0.821761	0.917869	-0.367616	1.17483	-0.101484	2.87019	-0.925383	0.250308	-1.06735	0.812614	-0.769209	2.67188	-0.564633	0.0987002	0.00913039	1.36378	-0.131165	0.24974	-0.187932	0.970799	-1.03894	0.97804	-0.943257	1.19938	
-0.0390398	0.615785	-0.341851	-0.0712434	-0.784083	0.966358	-0.419808	1.24767	-0.190032	2.88565	-0.863369	0.261167	-0.991037	0.926045	-0.772083	2.75693	-0.411712	0.132948	0.0431369	1.29657	0.0276771	0.46011	-0.231643	0.932787	-0.887763	1.03344	-0.930605	1.30632	
0.242667	0.796149	0.0816175	0.233221	-0.541985	0.999689	-0.302843	1.28638	-0.16976	2.78489	-0.750382	0.292866	-0.775432	0.933719	-0.616324	2.63128	-0.180456	0.256474	0.144081	1.26875	0.252613	0.73306	-0.11599	0.925717	-0.589169	1.09474	-0.704795	1.37305	
0.597874	0.765383	0.498453	0.589195	-0.145258	1.03039	-0.0593373	1.27774	-0.0642006	2.55594	-0.596121	0.360992	-0.452196	0.819472	-0.3633	2.30376	0.0951369	0.462257	0.317423	1.26244	0.488516	1.02688	0.133771	0.969307	-0.193535	1.15865	-0.32036	1.38084	
0.938815	0.574945	0.795946	0.892472	0.295419	1.05142	0.226095	1.20411	0.0767251	2.2086	-0.43492	0.460738	-0.100108	0.589201	-0.100018	1.8173	0.350798	0.698519	0.535243	1.24676	0.660696	1.27048	0.442747	1.0559	0.203433	1.20014	0.112489	1.31072	
1.17034	0.343832	0.897473	1.04187	0.653902	1.05116	0.457831	1.06067	0.191716	1.78095	-0.298861	0.564768	0.194525	0.289696	0.100812	1.25325	0.523001	0.901335	0.757598	1.19297	0.706398	1.39623	0.720411	1.1559	0.504821	1.18892	0.472993	1.15595	
1.22291	0.196714	0.789081	0.982	0.846212	1.01272	0.569159	0.858876	0.23438	1.33235	-0.211787	0.627566	0.370538	-0.0127369	0.195558	0.698878	0.57004	1.01316	0.938566	1.08915	0.607795	1.36903	0.897876	1.23271	0.655514	1.10227	0.67784	0.926629	
1.08165	0.208207	0.528165	0.732244	0.851613	0.927848	0.550669	0.629726	0.197766	0.93255	-0.180876	0.610125	0.411542	-0.253008	0.196453	0.227546	0.490605	1.00655	1.04599	0.951745	0.395608	1.19997	0.947909	1.25291	0.651565	0.945101	0.71074	0.653451	
0.80151	0.357519	0.229993	0.386353	0.731301	0.803705	0.454194	0.421976	0.117087	0.649711	-0.188739	0.489459	0.357666	-0.386712	0.157026	-0.109952	0.329644	0.895751	1.07663	0.821726	0.15133	0.94909	0.898852	1.20507	0.549235	0.750039	0.630053	0.382756	
0.480823	0.541365	0.0222631	0.068165	0.59617	0.65714	0.365428	0.283602	0.0516679	0.524424	-0.20176	0.273863	0.285555	-0.412196	0.14418	-0.302758	0.156058	0.726456	1.05093	0.745437	-0.0272947	0.697644	0.813257	1.10032	0.441709	0.565676	0.537664	0.161075	
0.215979	0.617869	-0.0142109	-0.114612	0.534913	0.507209	0.361936	0.239928	0.0631435	0.55954	-0.191788	-0.00493047	0.259864	-0.35164	0.210926	-0.369255	0.0345989	0.549288	0.997779	0.756028	-0.0765868	0.511729	0.744257	0.958301	0.390119	0.435021	0.520139	0.0162208	
0.0736572	0.492668	0.135356	-0.111997	0.596091	0.371845	0.487048	0.28998	0.193213	0.723141	-0.145304	-0.289923	0.314672	-0.25387	0.369887	-0.345486	0.00521219	0.402301	0.945671	0.86308	0.0221053	0.42457	0.724481	0.808009	0.420439	0.38382	0.621933	-0.0403756	
0.0521413	0.150251	0.404337	0.0392236	0.742779	0.256569	0.714201	0.394176	0.428493	0.942327	-0.0732544	-0.530697	0.428291	-0.168326	0.588686	-0.276492	0.0615134	0.291085	0.901779	1.03114	0.217842	0.414292	0.735381	0.660397	0.494116	0.403345	0.811184	-0.0287618	
0.0996425	-0.327016	0.684262	0.250117	0.889631	0.16049	0.974456	0.500012	0.720565	1.13902	-0.00251023	-0.686955	0.543697	-0.122944	0.80759	-0.192187	0.166791	0.198798	0.857808	1.20548	0.430474	0.43335	0.735932	0.520723	0.545198	0.464718	1.00924	0.0215391	
0.131984	-0.784872	0.863885	0.411923	0.93968	0.0720204	1.17728	0.545699	0.994388	1.24034	0.0307334	-0.747424	0.5902	-0.117571	0.96004	-0.119171	0.264494	0.0888408	0.78361	1.31998	0.572472	0.422938	0.672249	0.372148	0.512646	0.524794	1.12173	0.0730849	
0.083288	-1.0741	0.876836	0.45666	0.828938	-0.0127316	1.25587	0.492838	1.18362	1.20491	0.00412745	-0.725988	0.522728	-0.125996	1.01229	-0.0685958	0.316116	-0.062108	0.654328	1.33558	0.589038	0.349206	0.512182	0.197852	0.370458	0.550911	1.08745	0.101878	
-0.0576172	-1.10696	0.734187	0.390469	0.592782	-0.0834658	1.19997	0.347554	1.25418	1.04293	-0.0729914	-0.643757	0.3593	-0.101809	0.965203	-0.0361917	0.317461	-0.244162	0.469263	1.25375	0.496197	0.227625	0.278181	0.00100552	0.177726	0.54525	0.921196	0.117246	
-0.261948	-0.926848	0.491183	0.27072	0.311121	-0.134047	1.05024	0.140511	1.2152	0.801332	-0.182771	-0.543326	0.148504	-0.012172	0.857511	-0.0231334	0.281155	-0.435196	0.242947	1.11366	0.342211	0.0941547	0.0160058	-0.213033	0.00952248	0.522427	0.68754	0.133006	
-0.453821	-0.664768	0.250508	0.19302	0.11271	-0.147459	0.898107	-0.0600792	1.12444	0.574628	-0.285713	-0.454107	-0.0253699	0.15919	0.758254	-0.013393	0.244487	-0.592586	0.0208207	0.990659	0.214199	0.00796082	-0.192515	-0.411043	-0.0432024	0.521895	0.498308	0.188818	
-0.562575	-0.488632	0.100384	0.221843	0.100359	-0.120561	0.829306	-0.192044	1.05068	0.454982	-0.346136	-0.404363	-0.0932768	0.400942	0.722938	0.00223934	0.233779	-0.685743	-0.149518	0.956871	0.178597	0.00313972	-0.287605	-0.562174	0.0671182	0.566547	0.445581	0.305352	
-0.546419	-0.526338	0.0875958	0.37104	0.303007	-0.054762	0.893343	-0.208224	1.05004	0.513647	-0.345684	-0.403505	-0.0293463	0.678123	0.780445	0.0444611	0.261502	-0.701631	-0.225945	1.05972	0.260371	0.0824993	-0.246039	-0.635218	0.318675	0.661303	0.565471	0.491174	
-0.421086	-0.794085	0.202193	0.582492	0.666378	0.0303609	1.07533	-0.107094	1.13562	0.762822	-0.289067	-0.448947	0.136772	0.947522	0.913015	0.125935	0.312436	-0.662806	-0.201322	1.28847	0.42814	0.202839	-0.0987438	-0.626454	0.631151	0.775182	0.818508	0.72278	
-0.252706	-1.19138	0.383915	0.753147	1.04925	0.10548	1.30174	0.0682797	1.27632	1.14558	-0.204079	-0.534146	0.32668	1.15567	1.07208	0.244325	0.355512	-0.614226	-0.10657	1.58294	0.59998	0.293904	0.0736944	-0.562541	0.880909	0.855593	1.09836	0.946954	
-0.117613	-1.52839	0.565692	0.792588	1.31053	0.145789	1.47469	0.255276	1.40631	1.56097	-0.118629	-0.640614	0.460636	1.27007	1.19868	0.398266	0.371287	-0.597188	0.00736788	1.84776	0.699696	0.300692	0.191563	-0.481206	0.978978	0.857196	1.28959	1.11181	
-0.0792616	-1.62855	0.685643	0.653952	1.3412	0.124652	1.51153	0.374637	1.46003	1.87491	-0.0603136	-0.754217	0.477964	1.26536	1.24989	0.554442	0.351911	-0.642672	0.0750273	1.98737	0.668451	0.192011	0.187579	-0.439667	0.892657	0.744311	1.30541	1.15754	
-0.156426	-1.39639	0.71733	0.369134	1.11211	0.0317419	1.37788	0.371248	1.39736	1.98054	-0.0407697	-0.86343	0.365081	1.13542	1.21517	0.684116	0.315101	-0.751582	0.0460359	1.94086	0.496048	-0.0169801	0.039446	-0.482533	0.660965	0.517201	1.12368	1.057	
-0.314103	-0.869071	0.664843	0.0358049	0.690782	-0.127871	1.10503	0.228786	1.22571	1.82448	-0.0444177	-0.955717	0.165973	0.893491	1.12094	0.754764	0.292903	-0.894692	-0.092235	1.70769	0.22158	-0.274044	-0.22306	-0.627558	0.38205	0.212639	0.799483	0.814931	
