-1.19235	-0.363518	-1.15086	-0.66516	-0.469385	-0.407345	0.676153	0.456371	0.507337	0.305864	-0.414724	0.126454	0.52882	1.26246	1.0536	0.032962	-1.28135	-0.615854	0.820748	0.451422	-0.991109	-0.812739	-0.14175	-0.0443878	-0.285353	0.360427	0.247771	0.221651	
-1.02185	-0.337989	-1.11792	-0.534754	-0.503336	-0.338153	0.548122	0.635491	0.663797	0.509918	-0.253343	0.0263941	0.15287	1.4486	0.873659	0.329617	-1.19721	-0.569972	0.79652	0.581689	-0.964301	-0.714672	-0.173475	0.0379717	-0.787046	0.318183	-0.0493551	0.419755	
-0.702663	-0.181961	-0.942128	-0.238765	-0.503198	-0.0558443	0.370815	0.849022	0.847554	0.698971	-0.348005	-0.0514596	-0.403885	1.28795	0.475456	0.663545	-0.986892	-0.404942	0.742684	0.748282	-0.828038	-0.449288	-0.203323	0.228695	-1.2738	0.280886	-0.384156	0.629885	
-0.336761	0.0382413	-0.699736	0.103872	-0.519747	0.342367	0.15496	1.06923	1.0413	0.865708	-0.69754	-0.0631238	-1.00216	0.904298	-0.0460424	1.01906	-0.722132	-0.195306	0.650291	0.958543	-0.639507	-0.109696	-0.259762	0.472118	-1.60795	0.25798	-0.692102	0.832024	
-0.0442796	0.228081	-0.47595	0.354745	-0.606425	0.701177	-0.0929737	1.25052	1.19563	1.02757	-1.17368	0.0153778	-1.4618	0.508337	-0.548559	1.38628	-0.490476	-0.0428454	0.500554	1.19029	-0.476174	0.179378	-0.372145	0.679959	-1.67333	0.262388	-0.91692	1.00908	
0.101994	0.305123	-0.309704	0.427554	-0.762711	0.872628	-0.369734	1.32826	1.24603	1.18509	-1.55248	0.176181	-1.67028	0.279576	-0.903124	1.72905	-0.346111	-0.0134076	0.268203	1.39202	-0.36486	0.322789	-0.54558	0.763768	-1.51926	0.280295	-1.03929	1.12923	
0.0751517	0.218747	-0.217217	0.301973	-0.959661	0.768667	-0.657906	1.2532	1.15405	1.32804	-1.63352	0.376922	-1.56419	0.303883	-1.01574	1.99376	-0.314721	-0.136132	-0.0564916	1.50873	-0.320415	0.271492	-0.763632	0.671746	-1.18721	0.30445	-1.04639	1.16425	
-0.0895753	0.00293894	-0.212356	0.0326118	-1.13058	0.390938	-0.921798	1.00659	0.938952	1.43417	-1.21768	0.556099	-1.15785	0.538263	-0.861499	2.12164	-0.381285	-0.381783	-0.453625	1.50722	-0.329397	0.0464573	-0.981337	0.407249	-0.794014	0.296972	-0.94631	1.08836	
-0.282208	-0.25633	-0.22397	-0.235877	-1.16845	-0.12436	-1.1016	0.614084	0.652825	1.45008	-0.42419	0.628338	-0.570927	0.769957	-0.495148	2.04202	-0.469081	-0.644396	-0.869468	1.37071	-0.324137	-0.241994	-1.12402	0.0413357	-0.42688	0.238739	-0.750766	0.886866	
-0.397241	-0.446058	-0.21141	-0.388071	-1.02085	-0.609037	-1.14338	0.140977	0.370559	1.33822	0.552165	0.546364	0.0861179	0.814362	-0.00882397	1.71888	-0.506351	-0.818823	-1.23008	1.11182	-0.261037	-0.477615	-1.13022	-0.318485	-0.114951	0.11304	-0.473844	0.573265	
-0.34898	-0.464299	-0.135612	-0.344983	-0.641186	-0.910808	-0.997074	-0.333792	0.170967	1.07594	1.43692	0.310294	0.675935	0.530136	0.482787	1.15935	-0.4323	-0.814966	-1.4596	0.777772	-0.103167	-0.560948	-0.951739	-0.573274	0.148619	-0.0862893	-0.132198	0.165763	
-0.0993479	-0.267883	0.0661795	-0.0840452	-0.0697654	-0.927767	-0.657146	-0.724873	0.072144	0.67972	1.89868	-0.0591983	1.12022	-0.111485	0.885206	0.424154	-0.211133	-0.591357	-1.50421	0.407017	0.160331	-0.435404	-0.586496	-0.652948	0.432121	-0.340909	0.256028	-0.282388	
0.321558	0.102641	0.400753	0.313307	0.610292	-0.677037	-0.169921	-0.981255	0.0317581	0.192821	1.82203	-0.487763	1.38767	-0.959545	1.13842	-0.380409	0.137034	-0.175654	-1.35442	0.0250018	0.511066	-0.126114	-0.0771349	-0.554108	0.732654	-0.626665	0.649557	-0.713155	
0.838645	0.542498	0.876226	0.742693	1.28873	-0.255085	0.379334	-1.09152	-0.0282272	-0.320299	1.19867	-0.896802	1.47872	-1.81486	1.22756	-1.13909	0.559865	0.353758	-1.04513	-0.347816	0.914362	0.290104	0.501176	-0.331302	1.04625	-0.900618	1.00439	-1.07841	
1.33193	0.923935	1.39901	1.06619	1.83684	0.173892	0.888624	-1.07348	-0.155591	-0.768935	0.313563	-1.21845	1.45191	-2.4305	1.18984	-1.72823	0.958213	0.871711	-0.639707	-0.682677	1.2925	0.691645	1.05133	-0.0767102	1.29654	-1.12696	1.27748	-1.3289	
1.70788	1.14214	1.8983	1.21685	2.18146	0.476957	1.27201	-0.969033	-0.360734	-1.09308	-0.584007	-1.41713	1.33263	-2.67495	1.0729	-2.07096	1.25473	1.27922	-0.213499	-0.950468	1.59752	0.982561	1.49362	0.125114	1.40761	-1.26882	1.43478	-1.44519	
1.8965	1.15436	2.26665	1.17863	2.26714	0.581948	1.47938	-0.817421	-0.571051	-1.24528	-1.22464	-1.50414	1.17102	-2.5226	0.938444	-2.14668	1.38777	1.5041	0.170058	-1.09961	1.77426	1.10219	1.76839	0.22893	1.30991	-1.31129	1.46544	-1.42416	
1.87286	1.00406	2.38056	0.991597	2.13693	0.48887	1.52261	-0.646482	-0.6561	-1.20592	-1.44606	-1.47716	0.977798	-2.05127	0.830604	-1.97942	1.32889	1.52424	0.474649	-1.06686	1.78735	1.03555	1.86109	0.233842	0.978768	-1.23902	1.3808	-1.28648	
1.67286	0.782151	2.20669	0.760807	1.85459	0.288248	1.45807	-0.463866	-0.493883	-0.990888	-1.3541	-1.398	0.760856	-1.45321	0.778455	-1.63941	1.11274	1.37977	0.696011	-0.813512	1.63974	0.835394	1.79525	0.19355	0.490455	-1.06926	1.22284	-1.06763	
1.36175	0.603969	1.76718	0.572815	1.50899	0.0872938	1.35834	-0.26355	-0.0236366	-0.631254	-1.12799	-1.29413	0.521797	-0.862327	0.786887	-1.20249	0.804329	1.13741	0.850092	-0.343984	1.35939	0.572215	1.61479	0.17938	-0.070936	-0.831279	1.03117	-0.801676	
1.01899	0.560649	1.17246	0.488462	1.18612	-0.0228373	1.28612	-0.0417698	0.694977	-0.175668	-1.0417	-1.16093	0.261806	-0.394182	0.842503	-0.742127	0.487387	0.875101	0.958434	0.275932	1.00476	0.31976	1.37436	0.249385	-0.559901	-0.563862	0.84317	-0.531503	
0.717846	0.661236	0.577854	0.513863	0.93961	0.00138002	1.26228	0.199732	1.49152	0.319737	-1.25074	-1.02828	-0.0159777	-0.0737798	0.914622	-0.304143	0.241404	0.6632	1.04011	0.924074	0.647555	0.139842	1.12188	0.432565	-0.918785	-0.318635	0.670416	-0.279781	
0.504048	0.855493	0.134146	0.606696	0.775068	0.135951	1.25431	0.44144	2.13145	0.794623	-1.79874	-0.87441	-0.30115	0.138669	0.971812	0.0895832	0.114192	0.534799	1.09389	1.45093	0.355606	0.0568568	0.879049	0.703472	-1.12334	-0.12616	0.50197	-0.0592415	
0.389236	1.03047	-0.0341663	0.690747	0.662591	0.308434	1.19943	0.646984	2.41647	1.19409	-2.55705	-0.707646	-0.580859	0.290436	0.984578	0.428774	0.113874	0.489908	1.1059	1.74198	0.1775	0.0623282	0.652737	0.997141	-1.20525	-0.019681	0.314735	0.116065	
0.343021	1.09184	0.0462298	0.693526	0.545627	0.431918	1.0324	0.787832	2.27028	1.49222	-3.24546	-0.505814	-0.833847	0.424801	0.945665	0.723375	0.193686	0.485716	1.05886	1.76297	0.104932	0.116623	0.42936	1.22954	-1.21956	0.0101371	0.094924	0.253044	
0.315239	0.976377	0.266634	0.570359	0.359837	0.454502	0.727494	0.850021	1.77743	1.67869	-3.61363	-0.289568	-1.02194	0.51951	0.871468	0.974465	0.279897	0.468085	0.948121	1.57671	0.0911448	0.173319	0.196939	1.33529	-1.18165	-0.0263583	-0.144794	0.358396	
0.25776	0.691559	0.467599	0.328895	0.0809302	0.366985	0.307237	0.838031	1.15207	1.7659	-3.5116	-0.07996	-1.11545	0.557003	0.793806	1.18071	0.302797	0.390695	0.783848	1.31744	0.0753766	0.190857	-0.047795	1.28515	-1.11319	-0.0984801	-0.367382	0.440875	
0.133492	0.323422	0.472588	0.0193339	-0.281299	0.201689	-0.1451	0.775574	0.667949	1.79253	-2.97331	0.117872	-1.07503	0.495452	0.76589	1.33499	0.207361	0.221841	0.592319	1.14876	-0.0107105	0.138029	-0.293103	1.08966	-0.973531	-0.157306	-0.515111	0.501782	
-0.0687716	-0.0327741	0.179246	-0.305845	-0.65765	0.00602794	-0.519347	0.688045	0.540101	1.79883	-2.12588	0.27349	-0.880747	0.342966	0.827496	1.42905	-0.021337	-0.0342199	0.409937	1.18945	-0.20434	-0.00202997	-0.505258	0.801422	-0.709678	-0.190505	-0.531264	0.535435	
-0.319445	-0.263757	-0.394846	-0.571001	-0.976471	-0.167787	-0.722136	0.596585	0.822508	1.81348	-1.21555	0.376971	-0.527523	0.14387	1.00439	1.45543	-0.34172	-0.337446	0.265088	1.45191	-0.49032	-0.211722	-0.651606	0.497296	-0.306858	-0.189857	-0.383338	0.534308	
-0.554029	-0.322583	-1.06846	-0.730042	-1.13715	-0.288235	-0.707078	0.497853	1.38472	1.83581	-0.4892	0.406574	-0.0690255	-0.0371511	1.26161	1.4069	-0.667563	-0.609716	0.172451	1.83479	-0.782225	-0.448522	-0.691904	0.25111	0.19243	-0.180002	-0.0939754	0.476346	
-0.706856	-0.230314	-1.6431	-0.777591	-1.08179	-0.365675	-0.496287	0.371978	1.96692	1.84104	-0.0409327	0.340381	0.430448	-0.133437	1.54576	1.28672	-0.909487	-0.776712	0.12907	2.16677	-0.981282	-0.661851	-0.605634	0.11013	0.705684	-0.205175	0.279683	0.34494	
-0.71624	-0.0596704	-1.90031	-0.721232	-0.808963	-0.412731	-0.174452	0.193421	2.2927	1.78707	0.131519	0.148372	0.876526	-0.152718	1.7703	1.0932	-0.98708	-0.773778	0.115973	2.27543	-0.98772	-0.786883	-0.397862	0.0921936	1.09253	-0.300469	0.638485	0.130259	
-0.558288	0.082858	-1.70036	-0.612484	-0.351557	-0.462889	0.144867	-0.0585335	2.18018	1.63474	0.136355	-0.160662	1.17205	-0.117812	1.84856	0.838208	-0.869141	-0.577448	0.107771	2.06233	-0.741985	-0.788313	-0.0955621	0.178355	1.25981	-0.499555	0.891029	-0.168492	
-0.249947	0.129699	-1.05596	-0.48058	0.188231	-0.522465	0.365408	-0.371036	1.6284	1.37867	0.0934471	-0.571814	1.26879	-0.124166	1.74138	0.539931	-0.578403	-0.216723	0.0867696	1.55702	-0.267885	-0.650288	0.25106	0.327701	1.17756	-0.783891	0.981402	-0.524881	
0.145269	0.0495949	-0.127787	-0.368267	0.704371	-0.570261	0.44066	-0.697583	0.84001	1.05873	0.122115	-1.03586	1.15493	-0.25344	1.44942	0.224582	-0.198199	0.23391	0.0556748	0.92327	0.335826	-0.401866	0.589261	0.491441	0.89445	-1.11726	0.902191	-0.890554	
0.543355	-0.121893	0.856054	-0.285737	1.09752	-0.574389	0.390226	-0.967172	0.102494	0.741963	0.202378	-1.47871	0.889859	-0.529734	1.04936	-0.0612419	0.170375	0.673621	0.0304507	0.372469	0.927559	-0.103691	0.87084	0.628767	0.536622	-1.42445	0.710733	-1.20221	
0.865789	-0.297312	1.65546	-0.216802	1.31429	-0.505406	0.288231	-1.11431	-0.297105	0.513653	0.231937	-1.81582	0.556487	-0.909239	0.643999	-0.27787	0.43532	1.00699	0.0375234	0.102235	1.36793	0.168695	1.07043	0.710807	0.230967	-1.6154	0.494821	-1.40798	
1.05394	-0.384855	2.08883	-0.158792	1.35488	-0.353606	0.235966	-1.0933	-0.207973	0.443389	0.133142	-1.97562	0.2624	-1.2753	0.34986	-0.385616	0.534123	1.16648	0.104481	0.205612	1.55317	0.336118	1.18814	0.734251	0.123227	-1.64408	0.352663	-1.46695	
1.10128	-0.308058	2.10019	-0.0750682	1.25396	-0.132054	0.309638	-0.902868	0.328435	0.547542	-0.173076	-1.94739	0.0919927	-1.51243	0.248307	-0.373621	0.472574	1.14361	0.244182	0.633023	1.46206	0.366611	1.2408	0.718849	0.230003	-1.49049	0.346244	-1.36794	
1.04524	-0.057796	1.78012	0.0477947	1.09588	0.116777	0.534928	-0.592093	1.10111	0.781564	-0.669115	-1.76803	0.0468377	-1.52171	0.342907	-0.259881	0.307606	0.989221	0.450956	1.21525	1.16677	0.269243	1.26089	0.696973	0.494564	-1.19835	0.473657	-1.14156	
0.934686	0.314618	1.26468	0.20268	0.94283	0.323709	0.874192	-0.244874	1.81476	1.05578	-1.20588	-1.52051	0.11454	-1.28945	0.594439	-0.0832848	0.115185	0.771812	0.694135	1.72201	0.769347	0.0879734	1.26792	0.688758	0.827993	-0.844172	0.688267	-0.845041	
0.818587	0.714543	0.698666	0.364227	0.831734	0.433545	1.23772	0.0523224	2.23261	1.27938	-1.56564	-1.30546	0.217103	-0.901611	0.903769	0.102503	-0.0349392	0.567343	0.93167	1.98064	0.383868	-0.106984	1.26501	0.707509	1.09551	-0.536738	0.899507	-0.548832	
0.722782	1.03025	0.224256	0.498211	0.765898	0.429537	1.51731	0.243877	2.24001	1.38341	-1.61511	-1.18704	0.274947	-0.493439	1.16618	0.264217	-0.102623	0.427431	1.11447	1.91311	0.0954556	-0.249807	1.23228	0.757319	1.22591	-0.361959	1.01468	-0.303133	
0.629755	1.17988	-0.136531	0.556229	0.710762	0.304858	1.62831	0.312476	1.91358	1.36152	-1.29025	-1.18425	0.238664	-0.186662	1.31566	0.390253	-0.106683	0.349826	1.20646	1.59643	-0.0815396	-0.317163	1.13586	0.817867	1.18894	-0.366295	0.979969	-0.138474	
0.499073	1.1264	-0.396327	0.500828	0.623917	0.110688	1.5313	0.298738	1.44933	1.27748	-0.648801	-1.27115	0.0979994	-0.05981	1.3334	0.508554	-0.101721	0.297721	1.19106	1.20023	-0.183699	-0.322186	0.942586	0.86927	1.03018	-0.539156	0.789995	-0.0400876	
0.278117	0.889924	-0.621316	0.317708	0.469238	-0.103102	1.24867	0.268948	1.08491	1.23351	0.0978133	-1.34868	-0.0881292	-0.0863656	1.27102	0.675921	-0.161263	0.205606	1.07356	0.92572	-0.286079	-0.322966	0.63539	0.886607	0.812472	-0.813839	0.499388	0.0337334	
-0.0617894	0.53085	-0.85047	0.0110283	0.239895	-0.294963	0.848395	0.286487	0.997109	1.3297	0.701221	-1.31656	-0.253705	-0.149335	1.20905	0.943491	-0.33854	0.0208776	0.880783	0.925336	-0.447909	-0.392315	0.230101	0.856697	0.594032	-1.10382	0.193133	0.125378	
-0.507685	0.135758	-1.09191	-0.385316	-0.0427463	-0.432882	0.422821	0.386102	1.22723	1.61606	0.994437	-1.10275	-0.314167	-0.110509	1.22905	1.33036	-0.644208	-0.273775	0.649987	1.22853	-0.694004	-0.581471	-0.22661	0.782822	0.402145	-1.31843	-0.0353521	0.264987	
-1.00065	-0.226168	-1.3199	-0.826875	-0.330292	-0.519275	0.057908	0.558653	1.68656	2.07114	0.921242	-0.718396	-0.228835	0.113323	1.37334	1.80527	-1.03806	-0.644425	0.426567	1.7649	-0.994009	-0.900149	-0.662706	0.687544	0.22698	-1.42229	-0.124338	0.447692	
-1.44271	-0.511407	-1.45753	-1.23869	-0.569288	-0.5639	-0.190095	0.7581	2.20953	2.59765	0.541392	-0.257247	-0.0107936	0.524327	1.62878	2.2864	-1.42964	-1.01195	0.248183	2.37847	-1.27036	-1.2921	-1.00204	0.601151	0.0287535	-1.41209	-0.0635295	0.635732	
-1.74921	-0.723679	-1.48147	-1.59168	-0.707658	-0.614399	-0.294869	0.914353	2.64765	3.07238	0.0517443	0.150641	0.281921	1.03177	1.93892	2.667	-1.73603	-1.29546	0.143564	2.91802	-1.44717	-1.68409	-1.18553	0.542248	-0.209711	-1.34492	0.112014	0.763904	
-1.85967	-0.887682	-1.37649	-1.8633	-0.730359	-0.696938	-0.269536	0.978846	2.91511	3.3967	-0.328803	0.351835	0.560762	1.45866	2.21953	2.86154	-1.88932	-1.42978	0.124564	3.28227	-1.46861	-1.98467	-1.19282	0.520093	-0.466779	-1.29973	0.336756	0.775956	
-1.76905	-1.04303	-1.1888	-2.04441	-0.652723	-0.812583	-0.140341	0.943989	3.02395	3.52991	-0.44868	0.266845	0.749041	1.6398	2.40064	2.83562	-1.87444	-1.3973	0.186655	3.45486	-1.33581	-2.13	-1.04621	0.529274	-0.691487	-1.34461	0.537903	0.656079	
-1.53927	-1.22781	-1	-2.17288	-0.511245	-0.965644	0.0635876	0.845037	3.07769	3.51798	-0.277514	-0.111401	0.803457	1.49587	2.46449	2.63781	-1.74159	-1.2433	0.315203	3.51388	-1.10701	-2.1236	-0.801105	0.540038	-0.788482	-1.52538	0.670311	0.42689	
-1.26675	-1.44483	-0.890652	-2.27309	-0.356951	-1.12813	0.317361	0.755946	3.18061	3.47161	0.129033	-0.696715	0.731323	1.06227	2.44437	2.38938	-1.57506	-1.04988	0.485322	3.55187	-0.874561	-2.01434	-0.530039	0.520213	-0.715946	-1.82106	0.728138	0.160647	
-1.06335	-1.68699	-0.926545	-2.38361	-0.22474	-1.26874	0.605806	0.757905	3.39778	3.52165	0.609036	-1.33361	0.588739	0.467061	2.4152	2.23944	-1.47803	-0.910848	0.672426	3.65472	-0.736559	-1.89452	-0.297519	0.447938	-0.454246	-2.18413	0.737052	-0.0489121	
-1.00972	-1.91917	-1.10161	-2.5151	-0.150659	-1.36449	0.918351	0.902485	3.73447	3.75264	0.974085	-1.8491	0.446351	-0.0848652	2.46831	2.31481	-1.52047	-0.896773	0.853329	3.85264	-0.754036	-1.85352	-0.143125	0.315278	-0.0735924	-2.52787	0.7427	-0.121846	
-1.13627	-2.11348	-1.39309	-2.66784	-0.137566	-1.40249	1.24544	1.18653	4.13781	4.1638	1.14499	-2.1368	0.366732	-0.42965	2.6653	2.65012	-1.72932	-1.02661	1.00994	4.11595	-0.938473	-1.94512	-0.070729	0.141445	0.313384	-2.78453	0.787242	-0.0250472	
-1.4103	-2.24254	-1.72144	-2.83192	-0.167799	-1.39061	1.57265	1.54918	4.52303	4.66172	1.11714	-2.16923	0.380326	-0.494902	3.0173	3.18272	-2.06918	-1.26344	1.13051	4.37418	-1.2365	-2.16908	-0.0527376	-0.0397524	0.595451	-2.90632	0.896727	0.207654	
-1.74452	-2.29893	-2.01171	-2.96251	-0.218126	-1.3371	1.87923	1.89318	4.80877	5.08452	0.978968	-2.00429	0.48333	-0.31897	3.47518	3.75269	-2.45081	-1.5243	1.20926	4.53284	-1.55963	-2.45463	-0.0445472	-0.186557	0.681791	-2.88555	1.06376	0.493117	
-2.03488	-2.29316	-2.20455	-3.04439	-0.24661	-1.27181	2.14692	2.11043	4.97572	5.27093	0.851478	-1.7516	0.636691	-0.023712	3.94871	4.163	-2.77243	-1.71779	1.24678	4.54333	-1.80795	-2.70898	0.000205009	-0.27246	0.569658	-2.75831	1.2603	0.711659	
-2.18225	-2.22581	-2.25394	-3.05012	-0.227214	-1.21061	2.35197	2.1221	5.01355	5.10547	0.857192	-1.5241	0.798846	0.238365	4.32615	4.24376	-2.93419	-1.76917	1.24219	4.37386	-1.90031	-2.83471	0.10638	-0.284311	0.32863	-2.56571	1.44992	0.76209	
-2.1241	-2.09724	-2.15159	-2.96118	-0.134423	-1.15627	2.47593	1.90242	4.91593	4.56405	1.05996	-1.39556	0.944566	0.341872	4.50857	3.90083	-2.87605	-1.64417	1.1959	4.02492	-1.79914	-2.76724	0.274329	-0.230137	0.0930883	-2.35465	1.60029	0.591192	
-1.84957	-1.88642	-1.89336	-2.77186	0.0395049	-1.1109	2.50169	1.48144	4.65479	3.71953	1.4328	-1.36074	1.06537	0.266804	4.43717	3.16992	-2.5833	-1.36135	1.10593	3.50698	-1.50942	-2.50331	0.478344	-0.140991	-0.00771129	-2.13546	1.693	0.212773	
-1.39529	-1.56827	-1.50208	-2.47333	0.285036	-1.05644	2.41027	0.935721	4.16134	2.71719	1.89945	-1.35799	1.17816	0.0711383	4.09323	2.18729	-2.08952	-0.973483	0.97062	2.82927	-1.07749	-2.08434	0.676364	-0.0461933	0.106507	-1.90535	1.72386	-0.29322	
-0.836504	-1.12056	-1.0016	-2.0816	0.575628	-0.977566	2.18422	0.359915	3.35789	1.71975	2.37173	-1.27744	1.30205	-0.121903	3.49731	1.15028	-1.46653	-0.555446	0.789068	2.0017	-0.568874	-1.59547	0.820448	0.0296604	0.44182	-1.63327	1.69698	-0.811678	
-0.261568	-0.548889	-0.438888	-1.60629	0.857453	-0.854879	1.80749	-0.16006	2.20104	0.850659	2.77405	-1.03693	1.45098	-0.19499	2.69121	0.246718	-0.797278	-0.172404	0.565564	1.04371	-0.0563655	-1.11591	0.871023	0.0845032	0.922498	-1.29367	1.60927	-1.22301	
0.245989	0.0964506	0.117522	-1.08699	1.07381	-0.689441	1.27984	-0.573214	0.74599	0.170952	3.09853	-0.606601	1.606	-0.0858205	1.73037	-0.397944	-0.167308	0.128548	0.307116	0.0177702	0.397269	-0.709074	0.805784	0.126076	1.42336	-0.883234	1.45035	-1.44953	
0.624257	0.729945	0.58907	-0.578306	1.16957	-0.494593	0.6146	-0.865648	-0.859282	-0.330128	3.37944	-0.0275539	1.73397	0.195755	0.67583	-0.751057	0.356338	0.326692	0.0216288	-0.984382	0.747732	-0.403812	0.619283	0.170459	1.8213	-0.421878	1.20522	-1.46884	
0.840994	1.23316	0.895895	-0.147513	1.1057	-0.296301	-0.149366	-1.0525	-2.38624	-0.693404	3.66058	0.60978	1.78934	0.566083	-0.404121	-0.863307	0.726514	0.42434	-0.27655	-1.83846	0.969059	-0.194624	0.325876	0.23112	2.03235	0.0399216	0.860707	-1.31369	
0.894408	1.49928	0.983609	0.134472	0.873186	-0.131092	-0.952108	-1.16337	-3.5954	-0.969909	3.98805	1.19703	1.73741	0.925264	-1.43121	-0.828999	0.925512	0.433287	-0.576077	-2.43469	1.05412	-0.0596386	-0.045981	0.302692	2.03764	0.444476	0.420165	-1.0551	
0.809235	1.45983	0.843248	0.218313	0.498944	-0.0296758	-1.71796	-1.22866	-4.31551	-1.18641	4.35022	1.64337	1.58078	1.19278	-2.32019	-0.745014	0.95855	0.372602	-0.863122	-2.69949	1.01463	0.0258332	-0.456684	0.374677	1.88794	0.735978	-0.0818914	-0.773273	
0.63108	1.11976	0.525024	0.0880365	0.0512902	-0.0154579	-2.36885	-1.26957	-4.51515	-1.33306	4.70387	1.90956	1.35259	1.34184	-2.98657	-0.670756	0.853832	0.25881	-1.1262	-2.64801	0.879877	0.0722307	-0.859815	0.420348	1.67014	0.886919	-0.58195	-0.534923	
0.412449	0.563474	0.122981	-0.221151	-0.382429	-0.0906493	-2.84241	-1.29075	-4.29216	-1.37149	4.9541	2.00504	1.11636	1.39743	-3.36408	-0.61121	0.655917	0.110195	-1.34897	-2.36161	0.690644	0.0783752	-1.20734	0.419828	1.46932	0.901585	-1.00248	-0.374304	
0.203718	-0.0671137	-0.249191	-0.636395	-0.71457	-0.239625	-3.09757	-1.29109	-3.83023	-1.26179	5.01267	1.98073	0.938906	1.41373	-3.42358	-0.533907	0.41316	-0.0527504	-1.51199	-1.96068	0.493399	0.0333362	-1.45486	0.367942	1.34452	0.810279	-1.27116	-0.29728	
0.0442977	-0.60494	-0.493021	-1.05665	-0.880045	-0.430051	-3.12541	-1.27034	-3.31868	-0.997371	4.83061	1.89654	0.868362	1.44523	-3.18498	-0.407186	0.172986	-0.206059	-1.59571	-1.56684	0.330089	-0.0691599	-1.56958	0.277414	1.31549	0.659841	-1.34168	-0.294009	
-0.0454745	-0.915378	-0.559593	-1.38179	-0.856466	-0.621224	-2.94277	-1.23085	-2.86708	-0.608976	4.40238	1.79181	0.914997	1.50153	-2.71848	-0.227161	-0.0317656	-0.322156	-1.57626	-1.23704	0.229289	-0.221439	-1.53409	0.182096	1.36384	0.495669	-1.21268	-0.347181	
-0.0626159	-0.93417	-0.461784	-1.53915	-0.662754	-0.774604	-2.59067	-1.18099	-2.48715	-0.170203	3.78513	1.68143	1.04221	1.54625	-2.13675	-0.0296669	-0.179591	-0.377219	-1.44136	-0.974803	0.200001	-0.395089	-1.35267	0.113874	1.44525	0.351127	-0.933582	-0.446881	
-0.0233284	-0.685188	-0.262384	-1.50129	-0.360968	-0.861404	-2.12779	-1.1252	-2.09026	0.236798	3.0631	1.55552	1.18724	1.52357	-1.56377	0.120873	-0.269967	-0.359135	-1.19	-0.712364	0.229541	-0.551114	-1.05556	0.101932	1.51776	0.24327	-0.587531	-0.588115	
0.0450492	-0.276405	-0.047822	-1.29699	-0.028964	-0.871277	-1.61681	-1.06534	-1.56991	0.541018	2.33046	1.40263	1.27605	1.38516	-1.10481	0.154629	-0.316036	-0.272327	-0.838331	-0.375009	0.290869	-0.653052	-0.68924	0.15059	1.55242	0.173836	-0.267441	-0.765869	
0.109764	0.144545	0.102422	-0.989008	0.247726	-0.807	-1.12151	-0.98947	-0.863382	0.714137	1.67625	1.22291	1.25321	1.11858	-0.824483	0.0419265	-0.336606	-0.139966	-0.418524	0.0796084	0.344681	-0.677111	-0.314112	0.245255	1.53185	0.141093	-0.0555216	-0.96144	
0.139611	0.427008	0.143549	-0.664348	0.406155	-0.690562	-0.693481	-0.88484	-0.015102	0.759485	1.15868	1.04914	1.09943	0.769774	-0.736947	-0.201747	-0.352777	0.00191996	0.0226531	0.626207	0.356532	-0.625928	0.0132793	0.351134	1.45449	0.139893	0.00523959	-1.14491	
0.113881	0.467853	0.0689189	-0.394821	0.41079	-0.550775	-0.380428	-0.745589	0.809316	0.714008	0.809994	0.9387	0.830401	0.42195	-0.808769	-0.506124	-0.376902	0.112861	0.427951	1.14829	0.301147	-0.520715	0.243533	0.424162	1.31769	0.174327	-0.0859279	-1.27822	
0.0210388	0.24681	-0.0925649	-0.220811	0.259694	-0.413314	-0.210986	-0.566415	1.399	0.633821	0.619225	0.947385	0.49293	0.170366	-0.978174	-0.767412	-0.416928	0.159481	0.748232	1.51576	0.167848	-0.397653	0.348511	0.433309	1.11936	0.252146	-0.293749	-1.31634	
-0.13789	-0.180033	-0.305954	-0.144633	-0.0194957	-0.299446	-0.189482	-0.359658	1.57986	0.556336	0.557528	1.10786	0.143722	0.0805769	-1.17395	-0.896654	-0.473395	0.124248	0.948266	1.60798	-0.0404031	-0.292896	0.322719	0.367317	0.859099	0.378926	-0.556696	-1.23467	
-0.35068	-0.695843	-0.543278	-0.126862	-0.383227	-0.217423	-0.295882	-0.145342	1.30766	0.50132	0.58982	1.40415	-0.167703	0.164783	-1.3356	-0.844845	-0.543517	0.00960941	1.01587	1.3912	-0.311196	-0.227719	0.181318	0.244267	0.543174	0.551715	-0.8165	-1.0345	
-0.597559	-1.17239	-0.794732	-0.115135	-0.774119	-0.16857	-0.482172	0.049198	0.681075	0.457225	0.658567	1.78356	-0.408881	0.384189	-1.42034	-0.631857	-0.625334	-0.166404	0.961302	0.925387	-0.622772	-0.207937	-0.0413066	0.0916405	0.199169	0.755155	-1.02037	-0.746447	
-0.850383	-1.49753	-1.06465	-0.0524841	-1.14429	-0.138497	-0.692325	0.206409	-0.0905822	0.408143	0.719968	2.16082	-0.568825	0.653654	-1.41307	-0.328258	-0.711205	-0.373966	0.811862	0.342464	-0.950808	-0.215634	-0.308451	-0.0533951	-0.141091	0.969692	-1.14565	-0.41734	
-1.07971	-1.60965	-1.34494	0.0919136	-1.4446	-0.111663	-0.863296	0.320854	-0.746342	0.33678	0.732178	2.44836	-0.657227	0.893379	-1.31995	-0.0338762	-0.792845	-0.58054	0.60443	-0.183129	-1.2635	-0.227309	-0.579058	-0.164283	-0.428532	1.16387	-1.18658	-0.104244	
-1.25478	-1.50843	-1.60957	0.323474	-1.64562	-0.0724521	-0.953819	0.398784	-1.1005	0.237648	0.673282	2.58728	-0.68682	1.0463	-1.15912	0.163663	-0.852644	-0.756624	0.375267	-0.532143	-1.52572	-0.218617	-0.822508	-0.228072	-0.62037	1.31658	-1.15091	0.147395	
-1.3534	-1.24058	-1.80294	0.615143	-1.72966	-0.00953227	-0.944441	0.459818	-1.0865	0.122949	0.539277	2.56132	-0.674141	1.09845	-0.957679	0.221675	-0.871731	-0.880908	0.1568	-0.642179	-1.70328	-0.176502	-1.0156	-0.246566	-0.69294	1.41103	-1.05797	0.31949	
-1.36664	-0.884304	-1.86552	0.919443	-1.70046	0.0762299	-0.846716	0.520975	-0.787616	0.00414807	0.35988	2.40403	-0.627267	1.07252	-0.749457	0.147275	-0.831853	-0.945941	-0.032302	-0.56016	-1.77266	-0.105117	-1.15045	-0.236193	-0.644558	1.44157	-0.921249	0.415809	
-1.30254	-0.528976	-1.7522	1.18312	-1.58203	0.17267	-0.705085	0.586364	-0.384899	-0.112939	0.184743	2.17381	-0.557406	0.997081	-0.571872	-0.0132422	-0.723756	-0.953351	-0.186534	-0.395778	-1.7247	-0.0195501	-1.23025	-0.215801	-0.503491	1.41271	-0.762338	0.456874	
-1.18628	-0.249227	-1.45585	1.35984	-1.40756	0.260237	-0.572351	0.648813	-0.0749502	-0.234117	0.0586313	1.93199	-0.47934	0.906698	-0.460466	-0.190597	-0.557792	-0.914787	-0.309082	-0.27163	-1.57197	0.0559519	-1.26567	-0.199636	-0.306879	1.33375	-0.598366	0.471288	
-1.0505	-0.0894221	-1.0257	1.42546	-1.22012	0.319769	-0.497984	0.693904	-0.0058153	-0.374061	0.0194198	1.71821	-0.405649	0.811487	-0.450282	-0.332813	-0.360049	-0.842753	-0.404633	-0.281135	-1.34873	0.102637	-1.27082	-0.182186	-0.100433	1.2205	-0.450643	0.483627	
-0.928511	-0.0676872	-0.550465	1.37598	-1.04808	0.33685	-0.504634	0.702598	-0.20124	-0.555137	0.077603	1.54279	-0.357642	0.701256	-0.559859	-0.426059	-0.172507	-0.748656	-0.47488	-0.443945	-1.10139	0.111645	-1.25215	-0.15138	0.0865744	1.08311	-0.340912	0.499041	
-0.843793	-0.180608	-0.14433	1.23359	-0.915023	0.309174	-0.594096	0.666812	-0.607657	-0.783812	0.212232	1.39156	-0.346121	0.562025	-0.792057	-0.480476	-0.0375749	-0.639516	-0.518003	-0.732777	-0.880537	0.090771	-1.21304	-0.0860308	0.239095	0.939323	-0.287637	0.515959	
-0.800039	-0.396477	0.108915	1.03179	-0.819169	0.248885	-0.740013	0.591453	-1.11841	-1.05007	0.372596	1.23439	-0.377504	0.387909	-1.12415	-0.534356	0.0160712	-0.51553	-0.526949	-1.07583	-0.718915	0.060272	-1.14594	0.0265169	0.353892	0.805617	-0.298321	0.524253	
-0.779809	-0.663133	0.178081	0.813934	-0.739882	0.178514	-0.89363	0.494054	-1.61767	-1.32505	0.515425	1.04229	-0.443484	0.189816	-1.51491	-0.628422	-0.0109815	-0.372901	-0.494868	-1.40485	-0.625542	0.0450388	-1.03915	0.187834	0.440401	0.694516	-0.359759	0.510202	
-0.753813	-0.926791	0.0957284	0.616581	-0.649817	0.119573	-1.00781	0.396698	-2.0336	-1.56707	0.60269	0.802443	-0.52372	-0.0128214	-1.90666	-0.784432	-0.0895722	-0.206024	-0.416379	-1.67271	-0.583314	0.0643782	-0.879262	0.38576	0.504512	0.613687	-0.444564	0.463179	
-0.690727	-1.13357	-0.0490769	0.466399	-0.520328	0.0908124	-1.04498	0.311607	-2.35146	-1.74634	0.629248	0.524805	-0.593863	-0.195463	-2.24059	-1.00265	-0.167946	-0.0125257	-0.295933	-1.86895	-0.554009	0.129012	-0.660403	0.59074	0.551251	0.562527	-0.513836	0.379317	
-0.572601	-1.23768	-0.156456	0.373858	-0.344194	0.0949155	-0.990802	0.237063	-2.58971	-1.84981	0.620946	0.240181	-0.628027	-0.344391	-2.47078	-1.25973	-0.187995	0.199925	-0.14891	-2.00711	-0.499331	0.234175	-0.393596	0.768386	0.578464	0.531207	-0.528827	0.259969	
-0.402666	-1.2164	-0.140861	0.331253	-0.128862	0.119765	-0.856753	0.150799	-2.75862	-1.89809	0.624332	-0.0203448	-0.617037	-0.475365	-2.57552	-1.53	-0.107395	0.412339	-0.00344487	-2.10138	-0.39022	0.360261	-0.106336	0.879701	0.590026	0.500614	-0.46658	0.103637	
-0.207686	-1.07944	0.0248775	0.321278	0.0944341	0.141531	-0.679977	0.0198727	-2.84716	-1.9287	0.681512	-0.229352	-0.570995	-0.607447	-2.55685	-1.78546	0.083135	0.598273	0.103284	-2.15559	-0.223232	0.483495	0.157547	0.902409	0.595042	0.453166	-0.332577	-0.0864243	
-0.0266375	-0.855178	0.309455	0.321487	0.285149	0.137472	-0.506829	-0.180819	-2.82498	-1.98309	0.809005	-0.369468	-0.504869	-0.758031	-2.43964	-2.0081	0.354899	0.727948	0.137885	-2.15804	-0.0199733	0.578161	0.350341	0.830175	0.607193	0.3787	-0.155741	-0.303019	
0.104577	-0.593937	0.639145	0.317981	0.410586	0.0988431	-0.385285	-0.461787	-2.67854	-2.10153	0.994257	-0.429832	-0.441647	-0.929714	-2.26775	-2.20597	0.6567	0.78321	0.0714362	-2.11741	0.185474	0.635056	0.433291	0.675969	0.649057	0.285138	0.0143345	-0.529167	
0.160446	-0.35489	0.919049	0.304143	0.444147	0.0318927	-0.360203	-0.800591	-2.43553	-2.28733	1.197	-0.406764	-0.402588	-1.09518	-2.08365	-2.37252	0.925325	0.757151	-0.105475	-2.05752	0.35059	0.65601	0.385623	0.468217	0.72509	0.197572	0.121836	-0.737172	
0.139168	-0.188728	1.08239	0.283981	0.385534	-0.0380094	-0.456503	-1.14924	-2.1916	-2.51713	1.36954	-0.304097	-0.398687	-1.20231	-1.92949	-2.49716	1.11009	0.662686	-0.381152	-2.03359	0.448213	0.655611	0.215649	0.242649	0.827508	0.151555	0.125814	-0.891143	
0.0610517	-0.119073	1.10445	0.268241	0.254676	-0.0784591	-0.669348	-1.44272	-2.06606	-2.74466	1.47454	-0.134458	-0.429933	-1.19963	-1.82639	-2.56193	1.19021	0.528716	-0.720776	-2.11129	0.471247	0.655051	-0.0406504	0.0371322	0.931867	0.177624	0.0147867	-0.955508	
-0.0427473	-0.151007	1.00494	0.262063	0.0827787	-0.064889	-0.966925	-1.61634	-2.16024	-2.91013	1.50278	0.0795963	-0.484063	-1.0597	-1.7816	-2.53739	1.17198	0.388339	-1.07079	-2.33148	0.429625	0.666034	-0.328616	-0.118305	0.997344	0.285292	-0.192363	-0.906235	
-0.141871	-0.26999	0.833646	0.265023	-0.0957938	0.0110486	-1.29513	-1.63102	-2.51241	-2.96606	1.46938	0.304669	-0.555715	-0.793637	-1.7795	-2.39894	1.08433	0.273246	-1.37184	-2.68613	0.346901	0.693679	-0.587408	-0.205799	0.984021	0.459039	-0.452171	-0.739635	
-0.216771	-0.436399	0.645234	0.266314	-0.254651	0.137258	-1.58034	-1.47577	-3.03255	-2.88481	1.39806	0.494742	-0.635962	-0.456575	-1.78934	-2.13881	0.962087	0.197262	-1.56726	-3.09024	0.24676	0.724219	-0.768304	-0.227741	0.865047	0.655126	-0.704631	-0.476815	
-0.261819	-0.611664	0.48368	0.248301	-0.371868	0.281658	-1.7517	-1.17803	-3.55585	-2.67322	1.30707	0.604485	-0.723912	-0.124508	-1.78395	-1.7796	0.834387	0.161683	-1.62243	-3.41683	0.150532	0.737016	-0.841932	-0.19689	0.64964	0.815388	-0.894294	-0.157241	
-0.285828	-0.756704	0.360814	0.196104	-0.439617	0.407282	-1.75917	-0.785899	-3.85976	-2.34985	1.19995	0.595578	-0.823208	0.125709	-1.73109	-1.35704	0.708559	0.150127	-1.5266	-3.5137	0.0649779	0.708623	-0.808711	-0.134761	0.369778	0.888485	-0.987398	0.170834	
-0.302586	-0.843864	0.266879	0.104678	-0.455337	0.485353	-1.58686	-0.358145	-3.7725	-1.94785	1.05243	0.463528	-0.927166	0.263222	-1.61455	-0.917248	0.574346	0.139968	-1.29724	-3.27673	-0.0115888	0.62138	-0.690887	-0.0639152	0.0809427	0.845489	-0.974422	0.464542	
-0.320643	-0.849675	0.182024	-0.0105279	-0.419505	0.511549	-1.25636	0.0550071	-3.24306	-1.50487	0.829283	0.229242	-1.02307	0.290035	-1.42966	-0.504262	0.417751	0.115453	-0.97488	-2.69907	-0.0813032	0.47849	-0.524452	0.000735631	-0.152378	0.694794	-0.867705	0.70431	
-0.344922	-0.774835	0.087281	-0.127771	-0.338448	0.496052	-0.830322	0.417196	-2.36285	-1.05291	0.51483	-0.0545377	-1.09115	0.258754	-1.19136	-0.145318	0.226151	0.0661536	-0.613741	-1.8763	-0.14879	0.294803	-0.348976	0.0440825	-0.287313	0.47359	-0.700458	0.888911	
-0.373132	-0.631575	-0.0189667	-0.217752	-0.219957	0.462475	-0.389681	0.708919	-1.35305	-0.61337	0.119295	-0.325097	-1.10608	0.236627	-0.923951	0.162806	0.0021481	-0.00314353	-0.266809	-0.980606	-0.213258	0.09687	-0.192787	0.0655878	-0.304053	0.236225	-0.505459	1.02858	
-0.401524	-0.444154	-0.124886	-0.260256	-0.0771652	0.435192	-0.010077	0.927359	-0.446223	-0.206054	-0.312907	-0.531411	-1.04283	0.264848	-0.653804	0.426609	-0.235371	-0.0794224	0.0264851	-0.197072	-0.270533	-0.0883704	-0.0708412	0.0706984	-0.215086	0.0309286	-0.310381	1.13633	
-0.431841	-0.269515	-0.216414	-0.263947	0.0712465	0.415606	0.255912	1.06736	0.154362	0.145441	-0.697004	-0.642952	-0.888835	0.350564	-0.405993	0.653075	-0.459001	-0.144397	0.245889	0.329957	-0.314822	-0.244393	0.0206049	0.0714131	-0.0588255	-0.123476	-0.130796	1.21156	
-0.472486	-0.165407	-0.288548	-0.258537	0.20115	0.387275	0.396363	1.12674	0.394326	0.428534	-0.942804	-0.672561	-0.654646	0.444783	-0.18451	0.845372	-0.644691	-0.185947	0.395286	0.560712	-0.345789	-0.3697	0.0953198	0.0789102	0.111121	-0.237242	0.0290243	1.23523	
-0.533154	-0.191442	-0.343162	-0.29169	0.294215	0.31747	0.438813	1.09586	0.356389	0.612038	-0.983663	-0.656792	-0.36555	0.474771	0.0152062	0.97373	-0.777013	-0.198549	0.492789	0.554673	-0.362274	-0.476432	0.172575	0.0976739	0.249612	-0.350524	0.173981	1.17111	
-0.613122	-0.376553	-0.385925	-0.403176	0.346123	0.176985	0.438987	0.963814	0.19664	0.669266	-0.802954	-0.649776	-0.0550749	0.364441	0.208914	0.990963	-0.849883	-0.178348	0.560433	0.417547	-0.35841	-0.57599	0.270993	0.131186	0.3399	-0.50749	0.315946	0.984946	
-0.70239	-0.721013	-0.426398	-0.614176	0.360413	-0.0483224	0.447599	0.725721	0.0799876	0.579542	-0.418415	-0.688585	0.234712	0.0794962	0.405704	0.846796	-0.870094	-0.128012	0.612838	0.260032	-0.327891	-0.674059	0.395532	0.173896	0.381952	-0.734292	0.452579	0.660112	
-0.774043	-1.16807	-0.457581	-0.900632	0.359581	-0.338254	0.49924	0.391226	0.0907615	0.342349	0.091985	-0.780455	0.477785	-0.358209	0.611535	0.519965	-0.844446	-0.0505946	0.653609	0.144364	-0.259272	-0.763046	0.541357	0.215089	0.401877	-1.02059	0.583269	0.209244	
-0.793058	-1.61144	-0.457201	-1.19515	0.368064	-0.63898	0.592086	-0.0112625	0.211499	-0.0252581	0.635289	-0.898405	0.660729	-0.871079	0.813799	0.0223555	-0.771436	0.0496639	0.669977	0.0557495	-0.141175	-0.819536	0.687958	0.240346	0.43368	-1.31624	0.698876	-0.315694	
-0.731181	-1.9447	-0.398455	-1.41694	0.403318	-0.886879	0.691049	-0.443533	0.309742	-0.490389	1.14505	-0.984955	0.785197	-1.35133	0.982936	-0.589977	-0.644721	0.165861	0.637906	-0.0766427	0.0290619	-0.816873	0.805629	0.237943	0.502671	-1.55401	0.787067	-0.836493	
-0.581579	-2.06204	-0.261496	-1.48584	0.469008	-1.02791	0.745499	-0.857782	0.255084	-0.98088	1.56044	-0.988691	0.862609	-1.69247	1.0934	-1.20878	-0.457492	0.27897	0.533261	-0.3197	0.233551	-0.739445	0.86172	0.193097	0.619089	-1.66923	0.841059	-1.27242	
-0.366625	-1.91533	-0.0492929	-1.36147	0.541542	-1.03851	0.704068	-1.20716	-0.0382363	-1.42463	1.87361	-0.865357	0.906365	-1.82605	1.11668	-1.71436	-0.210867	0.362575	0.338933	-0.694443	0.436846	-0.593232	0.823706	0.104857	0.767164	-1.62282	0.853324	-1.55445	
-0.13518	-1.52755	0.20459	-1.06141	0.587476	-0.940845	0.544721	-1.46221	-0.55036	-1.74565	2.09029	-0.614404	0.928797	-1.74166	1.0531	-2.00731	0.0764955	0.384493	0.0561	-1.14617	0.589708	-0.410147	0.676015	-0.0266135	0.917552	-1.42974	0.82913	-1.65329	
0.0473112	-0.993262	0.433374	-0.663778	0.560097	-0.795171	0.276278	-1.60784	-1.14692	-1.88277	2.24206	-0.267596	0.923478	-1.47214	0.918009	-2.02351	0.363266	0.31476	-0.294047	-1.55142	0.639908	-0.241647	0.417621	-0.188847	1.02209	-1.14292	0.767973	-1.57886	
0.126754	-0.443689	0.568934	-0.278265	0.430625	-0.675722	-0.055742	-1.64603	-1.64222	-1.81078	2.34165	0.113394	0.883869	-1.09492	0.745038	-1.7579	0.597972	0.140575	-0.672088	-1.76954	0.554311	-0.139345	0.0739236	-0.364492	1.04551	-0.842463	0.67906	-1.37945	
0.0796891	-0.0023205	0.559904	-0.00936341	0.194659	-0.640552	-0.393856	-1.59417	-1.87478	-1.55145	2.38339	0.462007	0.799233	-0.685698	0.57091	-1.27574	0.734497	-0.1253	-1.03131	-1.71404	0.333011	-0.133876	-0.311998	-0.534669	0.96843	-0.602522	0.567356	-1.12096	
-0.0752441	0.239873	0.391112	0.0734922	-0.126195	-0.706068	-0.687238	-1.47257	-1.8059	-1.16955	2.36192	0.735342	0.660147	-0.307543	0.413275	-0.682851	0.748372	-0.439703	-1.32683	-1.39963	0.0150759	-0.221606	-0.687266	-0.674109	0.790649	-0.463551	0.430505	-0.859087	
-0.282247	0.271112	0.0941039	-0.0311796	-0.477694	-0.840425	-0.897865	-1.29943	-1.49674	-0.754463	2.24282	0.906644	0.468095	0.00573673	0.281203	-0.1011	0.646759	-0.742305	-1.52094	-0.932154	-0.332292	-0.363711	-0.995052	-0.772464	0.539507	-0.423871	0.270989	-0.633408	
-0.462918	0.152063	-0.258	-0.258727	-0.797672	-0.967202	-1.01742	-1.08611	-1.1114	-0.406612	2.02101	0.989936	0.234781	0.247739	0.154625	0.358842	0.472943	-0.964181	-1.59312	-0.490967	-0.627563	-0.496614	-1.19275	-0.81464	0.253335	-0.431777	0.0874422	-0.448741	
-0.54133	-0.00626682	-0.572549	-0.499095	-1.02505	-0.997774	-1.05792	-0.836032	-0.841504	-0.203503	1.69035	1.00765	-0.0198625	0.424454	0.00783831	0.62326	0.294757	-1.04896	-1.53822	-0.246201	-0.80181	-0.551094	-1.25645	-0.792395	-0.0202476	-0.422888	-0.113446	-0.286242	
-0.474537	-0.0852039	-0.775194	-0.639465	-1.12398	-0.867469	-1.04043	-0.545734	-0.797719	-0.165196	1.26456	0.985008	-0.280472	0.557007	-0.17807	0.683117	0.174486	-0.97365	-1.36468	-0.281456	-0.823814	-0.484581	-1.1888	-0.698733	-0.250273	-0.334982	-0.323856	-0.115956	
-0.262048	-0.00173121	-0.822938	-0.602696	-1.0887	-0.56128	-0.981303	-0.211067	-0.977324	-0.25272	0.769738	0.930787	-0.53236	0.653759	-0.405772	0.588369	0.152081	-0.75263	-1.09085	-0.563823	-0.703349	-0.294206	-1.01338	-0.530941	-0.416616	-0.141257	-0.527684	0.0845886	
0.0537086	0.263254	-0.72033	-0.376865	-0.938256	-0.125082	-0.883534	0.161518	-1.26287	-0.38651	0.231946	0.835533	-0.759779	0.716699	-0.643463	0.412083	0.229147	-0.432965	-0.740385	-0.950716	-0.487653	-0.0214514	-0.76637	-0.289325	-0.516236	0.135128	-0.700481	0.315503	
0.401861	0.658434	-0.511952	-0.0215988	-0.712397	0.349746	-0.740116	0.553505	-1.47637	-0.463056	-0.317603	0.678362	-0.951903	0.742077	-0.843964	0.243821	0.368287	-0.0782145	-0.33882	-1.24919	-0.241665	0.260716	-0.486375	0.0238775	-0.562591	0.428368	-0.817534	0.552493	
0.708217	1.0899	-0.25996	0.358569	-0.449671	0.750359	-0.538126	0.930472	-1.46975	-0.403667	-0.851531	0.433993	-1.09478	0.721458	-0.95431	0.155305	0.509905	0.251355	0.0854176	-1.30267	-0.0250988	0.477354	-0.201672	0.393954	-0.562613	0.654895	-0.851798	0.748238	
0.914194	1.43846	-0.0283972	0.642194	-0.184785	0.979053	-0.278231	1.2423	-1.18582	-0.180913	-1.32964	0.0962787	-1.16549	0.645221	-0.935334	0.176433	0.590965	0.512225	0.499954	-1.05505	0.124644	0.570709	0.0697422	0.791423	-0.522787	0.73765	-0.786437	0.847328	
0.994575	1.60956	0.142153	0.738282	0.0600683	0.984688	0.018002	1.43728	-0.694216	0.166763	-1.70081	-0.314372	-1.14153	0.50319	-0.781752	0.290779	0.57506	0.685305	0.870274	-0.568563	0.203805	0.522504	0.317824	1.16621	-0.43772	0.631518	-0.620163	0.806997	
0.954771	1.55484	0.234404	0.608257	0.275958	0.773944	0.318836	1.47236	-0.140007	0.550495	-1.91893	-0.757576	-1.00186	0.290627	-0.514964	0.448834	0.457177	0.773715	1.16577	0.00503699	0.231654	0.353404	0.540813	1.4591	-0.297702	0.341612	-0.36533	0.609949	
0.827601	1.28583	0.257926	0.28183	0.458316	0.404855	0.585044	1.32665	0.318532	0.861903	-1.94919	-1.17765	-0.741171	0.0050255	-0.183224	0.585101	0.270005	0.793594	1.36102	0.488154	0.241776	0.114787	0.734445	1.61087	-0.0964929	-0.0848478	-0.0511326	0.269687	
0.65898	0.867088	0.238249	-0.155367	0.607651	-0.0321487	0.783919	1.01499	0.568585	1.01389	-1.79316	-1.52094	-0.378189	-0.344329	0.158045	0.641749	0.0707923	0.763794	1.44408	0.754668	0.263674	-0.129005	0.888465	1.58047	0.162558	-0.565081	0.283119	-0.161822	
0.490672	0.387223	0.200795	-0.594589	0.712925	-0.444894	0.894126	0.587472	0.605962	0.983912	-1.48796	-1.74934	0.0386004	-0.72219	0.460674	0.592412	-0.0825605	0.695567	1.41711	0.783573	0.309325	-0.324949	0.985362	1.35866	0.449469	-1.01062	0.586871	-0.611028	
0.354011	-0.059501	0.168208	-0.933988	0.766217	-0.766073	0.920153	0.119489	0.516211	0.816892	-1.0947	-1.84742	0.441242	-1.08126	0.696399	0.445937	-0.148536	0.59335	1.29595	0.655644	0.375059	-0.445173	1.00863	0.97488	0.722566	-1.34597	0.817758	-0.999886	
