-0.344308	0.0350218	0.00132477	0.0948863	-0.304443	0.00480832	0.122298	0.0685075	-0.193484	0.161526	-0.164932	0.526189	-0.333536	0.283016	0.0680645	0.4875	-0.317291	0.194434	-1.52205	0.00322124	-0.6675	-0.656602	-0.325809	0.453431	-0.168976	0.353962	-0.234988	0.286762	
-0.0630923	0.164068	0.203538	0.246547	0.0647687	0.0430994	0.261638	0.133911	-0.133134	0.0912024	-0.0670735	0.513183	-0.395871	0.0917074	-0.116935	0.307002	-0.0952874	0.260838	-0.724267	0.107194	-0.198674	-0.363665	-0.0586074	0.100751	0.0820532	0.289757	-0.172646	0.182339	
0.275201	0.241689	0.434653	0.331945	0.53145	0.0960946	0.387252	0.116796	-0.0768725	-0.0669261	0.163053	0.354977	-0.334513	-0.167323	-0.297986	-0.111602	0.13303	0.388073	-0.000343975	0.147702	0.361927	-0.00797576	0.241392	-0.339749	0.439721	0.18167	-0.0208848	-0.0372904	
0.561372	0.261137	0.641768	0.301812	1.00181	0.134946	0.478014	0.0181995	-0.0338943	-0.292232	0.481373	0.0985894	-0.135234	-0.409534	-0.427659	-0.65808	0.291401	0.521699	0.421766	0.107504	0.854822	0.288823	0.498347	-0.712567	0.826441	0.0488369	0.212263	-0.297167	
0.696197	0.233768	0.771122	0.151426	1.35902	0.149005	0.514717	-0.129379	-0.0132915	-0.530808	0.807855	-0.157	0.151359	-0.539887	-0.46211	-1.15975	0.326597	0.591611	0.4253	-0.000606437	1.12084	0.430918	0.637864	-0.890603	1.13926	-0.063334	0.483171	-0.494526	
0.635062	0.186484	0.797779	-0.0688343	1.50942	0.151182	0.48257	-0.273385	-0.0311929	-0.722209	1.06631	-0.310971	0.445558	-0.489892	-0.399246	-1.45115	0.23742	0.547785	0.0379375	-0.149593	1.07503	0.390207	0.613214	-0.828509	1.30805	-0.101809	0.718616	-0.541914	
0.402577	0.148859	0.721305	-0.26664	1.40549	0.171506	0.377313	-0.362475	-0.0891937	-0.810563	1.20162	-0.284364	0.644592	-0.244897	-0.269765	-1.43124	0.0682282	0.37345	-0.593611	-0.297316	0.729153	0.214503	0.421085	-0.570037	1.29375	-0.0173929	0.843616	-0.398838	
0.0776123	0.130587	0.569056	-0.354865	1.07351	0.235418	0.213743	-0.363778	-0.17635	-0.7676	1.19341	-0.0699151	0.690297	0.145179	-0.127899	-1.09674	-0.111334	0.100082	-1.25936	-0.403336	0.199012	0.000635767	0.108962	-0.218106	1.11985	0.197858	0.813815	-0.0874429	
-0.232844	0.137709	0.386506	-0.278167	0.604449	0.35246	0.0242167	-0.272739	-0.268344	-0.594055	1.06505	0.274797	0.577458	0.584436	-0.0269594	-0.541118	-0.229566	-0.207433	-1.76763	-0.437699	-0.341795	-0.146428	-0.242714	0.0970257	0.857921	0.510628	0.630108	0.314601	
-0.449906	0.149789	0.205274	-0.0525272	0.11298	0.499304	-0.145944	-0.11475	-0.319629	-0.312609	0.860393	0.636571	0.378673	0.959584	0.014377	0.0877502	-0.254791	-0.479079	-2.00759	-0.379169	-0.738997	-0.172317	-0.545347	0.284379	0.590642	0.840681	0.348751	0.700715	
-0.541763	0.142871	0.0436811	0.239394	-0.282621	0.624104	-0.25087	0.0670181	-0.288908	0.0275527	0.620314	0.890362	0.192551	1.17638	0.00747495	0.634818	-0.200598	-0.664039	-1.9594	-0.227969	-0.898028	-0.091015	-0.725889	0.304705	0.402292	1.0873	0.0601432	0.969452	
-0.537466	0.0969391	-0.113956	0.475871	-0.513102	0.664604	-0.258846	0.226156	-0.150854	0.375268	0.361246	0.951284	0.097905	1.19532	-0.00650698	0.996828	-0.12725	-0.750542	-1.67194	-0.00045974	-0.826293	0.0223883	-0.749816	0.194065	0.314849	1.16378	-0.148409	1.06287	
-0.502173	-0.00199871	-0.293636	0.542405	-0.568295	0.570754	-0.155799	0.330253	0.105182	0.680236	0.0884853	0.791089	0.139739	1.03575	0.0272059	1.14035	-0.107059	-0.752566	-1.22758	0.27952	-0.606781	0.0744771	-0.618755	0.0332269	0.302074	1.0217	-0.215008	0.976063	
-0.496268	-0.13819	-0.517829	0.384754	-0.495942	0.333137	0.0472855	0.374055	0.456501	0.911497	-0.190492	0.463463	0.289259	0.777307	0.142246	1.11002	-0.187851	-0.700597	-0.694232	0.58047	-0.360485	0.00406532	-0.36935	-0.0919523	0.297605	0.679801	-0.128228	0.763762	
-0.543293	-0.281195	-0.783556	0.0335786	-0.372127	-0.0092878	0.314864	0.373911	0.851154	1.05056	-0.46243	0.0787679	0.476212	0.516749	0.338367	0.989322	-0.370391	-0.617049	-0.12137	0.863882	-0.184853	-0.180735	-0.0565085	-0.113785	0.220601	0.219122	0.0736615	0.514435	
-0.617014	-0.386605	-1.04888	-0.407632	-0.26549	-0.385056	0.591117	0.350937	1.20898	1.08457	-0.685805	-0.244312	0.607507	0.326905	0.571273	0.8448	-0.598978	-0.510701	0.447039	1.08294	-0.115205	-0.406331	0.257485	-0.0122093	0.0325679	-0.251247	0.31654	0.304626	
-0.661022	-0.426488	-1.25732	-0.802675	-0.231044	-0.713026	0.811707	0.323236	1.46294	1.01819	-0.808153	-0.421002	0.616342	0.229903	0.772504	0.706683	-0.792057	-0.379253	0.959376	1.20355	-0.12692	-0.567165	0.517863	0.19595	-0.271664	-0.630085	0.514975	0.176818	
-0.616298	-0.399092	-1.34752	-1.03901	-0.269618	-0.929131	0.921292	0.299172	1.56894	0.86176	-0.784911	-0.438577	0.495593	0.195939	0.871485	0.559777	-0.873032	-0.2118	1.35071	1.20825	-0.140362	-0.572808	0.692634	0.457826	-0.629316	-0.859156	0.606026	0.126865	
-0.458932	-0.320998	-1.29059	-1.06599	-0.348616	-0.999736	0.885261	0.281651	1.50837	0.648693	-0.606076	-0.338555	0.29159	0.175774	0.82065	0.382481	-0.808992	-0.00965281	1.55985	1.10029	-0.0803143	-0.39314	0.767558	0.725866	-0.942482	-0.926535	0.562663	0.128143	
-0.218535	-0.237392	-1.09913	-0.921159	-0.412635	-0.92955	0.710081	0.272979	1.31944	0.423802	-0.302359	-0.21424	0.107795	0.115538	0.639204	0.155787	-0.6274	0.210995	1.53773	0.91697	0.0894127	-0.0783026	0.754016	0.957108	-1.12357	-0.87218	0.410501	0.140048	
0.027373	-0.19385	-0.828538	-0.70279	-0.408407	-0.751581	0.434699	0.275921	1.04693	0.228543	0.0496945	-0.149211	0.0372752	-0.0036927	0.379079	-0.108721	-0.406714	0.412009	1.29045	0.697939	0.344067	0.258518	0.673574	1.13739	-1.09106	-0.755481	0.211122	0.138055	
0.186781	-0.222591	-0.561362	-0.52778	-0.308489	-0.509028	0.120875	0.298547	0.740739	0.0939045	0.344868	-0.184756	0.122657	-0.157555	0.112742	-0.3631	-0.247596	0.549885	0.884899	0.479644	0.61201	0.492975	0.555711	1.28448	-0.849535	-0.625544	0.0310108	0.126452	
0.192115	-0.324632	-0.377131	-0.481416	-0.122584	-0.241963	-0.163701	0.345783	0.435791	0.0217334	0.500763	-0.304375	0.34713	-0.281661	-0.0947133	-0.551141	-0.228115	0.594252	0.432725	0.283028	0.811167	0.543716	0.428107	1.42892	-0.451621	-0.508325	-0.0806607	0.130506	
0.0332271	-0.471933	-0.322926	-0.575686	0.104518	0.0260854	-0.363949	0.414848	0.140046	-0.0117658	0.482003	-0.430748	0.626187	-0.301535	-0.211035	-0.628833	-0.370978	0.539737	0.0547613	0.10141	0.881074	0.408376	0.309393	1.60249	0.00437536	-0.388066	-0.103965	0.186616	
-0.232877	-0.611592	-0.395194	-0.75188	0.316946	0.281497	-0.45188	0.485431	-0.148552	-0.0577542	0.323734	-0.474702	0.856503	-0.170285	-0.235508	-0.601219	-0.631205	0.412303	-0.17116	-0.0858489	0.818436	0.164151	0.210205	1.80513	0.400858	-0.235007	-0.0497426	0.31052	
-0.509419	-0.684618	-0.548399	-0.905708	0.457248	0.512071	-0.437641	0.520665	-0.440668	-0.164778	0.107864	-0.359296	0.945724	0.104366	-0.201222	-0.515915	-0.917223	0.252469	-0.233381	-0.302231	0.662991	-0.0724016	0.126552	2.02518	0.656973	-0.0206723	0.0466508	0.489035	
-0.698983	-0.657897	-0.710563	-0.947691	0.49451	0.690036	-0.354855	0.475922	-0.714921	-0.365114	-0.0581552	-0.0797368	0.85774	0.454313	-0.134026	-0.455323	-1.12818	0.0997626	-0.192802	-0.546808	0.484004	-0.199956	0.0539372	2.22539	0.721766	0.242286	0.147739	0.666169	
-0.754806	-0.539666	-0.825189	-0.843513	0.423174	0.775714	-0.248428	0.318884	-0.921434	-0.644562	-0.0940647	0.299213	0.641598	0.780248	-0.0472274	-0.487431	-1.20325	-0.0275978	-0.136897	-0.779811	0.337953	-0.181594	-0.0121492	2.36528	0.619698	0.500394	0.229161	0.771818	
-0.691391	-0.377283	-0.862255	-0.631872	0.280909	0.729188	-0.156131	0.0473858	-0.994345	-0.941889	0.0149182	0.661643	0.39494	0.985375	0.069629	-0.62678	-1.139	-0.13354	-0.141271	-0.936418	0.251635	-0.0596377	-0.0660815	2.41092	0.405579	0.67822	0.289233	0.750166	
-0.581366	-0.242871	-0.835445	-0.411625	0.124973	0.525241	-0.0915071	-0.303622	-0.859204	-1.16972	0.218684	0.880112	0.230874	1.01372	0.251323	-0.831342	-0.993043	-0.239601	-0.217127	-0.933624	0.214702	0.0659881	-0.0878221	2.34817	0.161272	0.698151	0.346055	0.579962	
-0.519963	-0.212975	-0.782745	-0.294777	0.0186935	0.176505	-0.0463426	-0.669622	-0.490479	-1.24232	0.412997	0.87012	0.235771	0.865264	0.524758	-1.01208	-0.854218	-0.368908	-0.306215	-0.724517	0.188563	0.0847171	-0.0547838	2.1977	-0.0243434	0.525448	0.426447	0.290691	
-0.577367	-0.32656	-0.751698	-0.353361	0.00597195	-0.263762	-0.00118369	-0.978434	0.075969	-1.11998	0.490467	0.620705	0.421386	0.601995	0.883725	-1.07471	-0.800641	-0.52984	-0.31677	-0.317674	0.140129	-0.0640075	0.0488217	2.01043	-0.117588	0.182803	0.543722	-0.0500384	
-0.767629	-0.575569	-0.777294	-0.585516	0.0903815	-0.706388	0.0594117	-1.17145	0.741177	-0.818962	0.376792	0.204706	0.731711	0.317004	1.27649	-0.964198	-0.866123	-0.704374	-0.174406	0.216323	0.0593503	-0.359137	0.219754	1.86741	-0.115433	-0.245451	0.684216	-0.355519	
-1.03208	-0.903743	-0.85555	-0.909559	0.252359	-1.05185	0.137563	-1.22801	1.3593	-0.423397	0.0756503	-0.250106	1.05018	0.105055	1.62329	-0.69677	-1.01992	-0.849284	0.12187	0.749288	-0.0204159	-0.697833	0.433151	1.83547	-0.0487662	-0.63836	0.817781	-0.554713	
-1.27625	-1.22609	-0.964945	-1.20208	0.429973	-1.22273	0.21722	-1.16792	1.80032	-0.0444418	-0.337106	-0.609839	1.27045	0.0238729	1.84676	-0.354709	-1.19184	-0.918125	0.484375	1.15608	-0.0545951	-0.94349	0.642156	1.95702	0.0294678	-0.884272	0.904735	-0.613111	
-1.40346	-1.44559	-1.06469	-1.34725	0.555214	-1.1856	0.267327	-1.04312	1.98056	0.217562	-0.745915	-0.77638	1.31555	0.0738255	1.90275	-0.0540579	-1.29626	-0.880627	0.752019	1.34357	-0.00979971	-0.98844	0.790591	2.23712	0.0628798	-0.915089	0.913374	-0.539089	
-1.37071	-1.50182	-1.13434	-1.29557	0.564715	-0.971449	0.25992	-0.912118	1.914	0.316912	-1.04217	-0.729017	1.16902	0.210363	1.80676	0.110001	-1.28592	-0.746065	0.759697	1.30896	0.109081	-0.805285	0.834277	2.65035	0.0142961	-0.741811	0.833022	-0.378815	
-1.20888	-1.38935	-1.18122	-1.08414	0.421937	-0.654278	0.183608	-0.812419	1.69022	0.279272	-1.16266	-0.522648	0.896355	0.372642	1.62926	0.104553	-1.17348	-0.561083	0.415445	1.12439	0.246418	-0.465365	0.753532	3.13657	-0.12749	-0.442052	0.680964	-0.189147	
-1.0113	-1.15895	-1.24456	-0.819628	0.13407	-0.327432	0.0512155	-0.741693	1.44893	0.194983	-1.11914	-0.259531	0.590093	0.514216	1.46479	-0.0129016	-1.03116	-0.396552	-0.255371	0.921056	0.316611	-0.109124	0.564102	3.61364	-0.358827	-0.128146	0.496423	-0.0104755	
-0.897502	-0.904233	-1.37845	-0.63818	-0.254307	-0.0715069	-0.103061	-0.659237	1.33146	0.182942	-0.988545	-0.0506455	0.351803	0.615508	1.39257	-0.120525	-0.964266	-0.318966	-1.09888	0.841713	0.238826	0.107862	0.315892	4.01691	-0.644436	0.0886622	0.322454	0.148417	
-0.955298	-0.727227	-1.61557	-0.639648	-0.662488	0.0786221	-0.233718	-0.508213	1.41153	0.332113	-0.878208	0.0374762	0.23115	0.695995	1.44575	-0.0865155	-1.05991	-0.365165	-1.87802	0.965008	-0.0213072	0.0848701	0.0768388	4.30754	-0.931086	0.15143	0.194598	0.311329	
-1.21174	-0.704746	-1.96409	-0.850142	-1.01851	0.133055	-0.306638	-0.244481	1.67684	0.664719	-0.874625	-0.00702215	0.247323	0.794304	1.59039	0.174107	-1.35697	-0.529396	-2.37451	1.28497	-0.439529	-0.1844	-0.0965867	4.48614	-1.18617	0.0663124	0.120889	0.512522	
-1.60936	-0.850044	-2.38228	-1.201	-1.26589	0.143759	-0.312891	0.138171	2.02416	1.1176	-1.01784	-0.127165	0.343564	0.948395	1.73589	0.653726	-1.8135	-0.764029	-2.46122	1.69843	-0.927651	-0.606569	-0.174978	4.58582	-1.38947	-0.0944669	0.0818832	0.780489	
-2.03367	-1.12929	-2.79433	-1.56857	-1.38008	0.163052	-0.26988	0.591638	2.31929	1.57066	-1.28113	-0.24684	0.444131	1.15939	1.78523	1.25032	-2.3285	-0.99907	-2.15912	2.05942	-1.36203	-1.02829	-0.16292	4.64112	-1.5285	-0.238296	0.0422487	1.10653	
-2.35583	-1.46032	-3.11582	-1.8214	-1.38026	0.222838	-0.21315	1.02191	2.45189	1.88552	-1.58015	-0.297768	0.48876	1.39344	1.68669	1.79668	-2.77348	-1.16581	-1.61075	2.23323	-1.63371	-1.30031	-0.0937086	4.65864	-1.61463	-0.290919	-0.0284391	1.44279	
-2.4816	-1.73868	-3.27861	-1.87402	-1.31243	0.318503	-0.179878	1.32124	2.37684	1.96345	-1.81936	-0.246275	0.443144	1.58417	1.45785	2.12727	-3.0373	-1.22894	-1.02465	2.14832	-1.69125	-1.33521	-0.0148596	4.62723	-1.66693	-0.217323	-0.141722	1.71718	
-2.39074	-1.88204	-3.26437	-1.7317	-1.23583	0.398332	-0.194856	1.40046	2.15056	1.78934	-1.92025	-0.120116	0.329939	1.65702	1.19163	2.13955	-3.07314	-1.19402	-0.592441	1.84463	-1.55392	-1.14434	0.0357364	4.52186	-1.69805	-0.0561046	-0.283969	1.84923	
-2.13503	-1.85432	-3.10392	-1.47671	-1.19431	0.398197	-0.257075	1.22134	1.89422	1.4277	-1.86288	0.0204737	0.183492	1.57213	1.01852	1.82911	-2.90577	-1.10396	-0.406628	1.4408	-1.30066	-0.822588	0.0446295	4.30761	-1.70659	0.116165	-0.416552	1.78533	
-1.81289	-1.67198	-2.86898	-1.23454	-1.20804	0.261234	-0.348572	0.806069	1.7409	0.988723	-1.6727	0.100002	0.063491	1.32874	1.05067	1.28314	-2.61978	-1.01373	-0.449332	1.08535	-1.03465	-0.502512	0.0220755	3.96384	-1.69638	0.207659	-0.499131	1.51001	
-1.52505	-1.39407	-2.64055	-1.11514	-1.26479	-0.0251534	-0.444285	0.235013	1.7801	0.592772	-1.42053	0.0749758	0.00164471	0.985037	1.33249	0.653637	-2.31908	-0.965925	-0.612175	0.903942	-0.837027	-0.298052	-0.00437318	3.50374	-1.64561	0.154466	-0.500894	1.06788	
-1.33267	-1.10351	-2.47253	-1.16699	-1.32577	-0.418819	-0.523088	-0.383696	2.01451	0.314791	-1.17697	-0.0542105	0.00664339	0.623313	1.82225	0.0930854	-2.0866	-0.975136	-0.76478	0.937025	-0.739077	-0.256023	-0.00608129	2.99383	-1.53109	-0.0459706	-0.414267	0.54411	
-1.24258	-0.875064	-2.38364	-1.35684	-1.35168	-0.836577	-0.577381	-0.946709	2.37156	0.163661	-0.992917	-0.242357	0.068341	0.332084	2.41095	-0.302541	-1.95736	-1.02004	-0.819971	1.13772	-0.717215	-0.347376	0.0326421	2.51409	-1.34099	-0.345937	-0.25768	0.0358906	
-1.2143	-0.751293	-2.35091	-1.5878	-1.31004	-1.17384	-0.614845	-1.37586	2.70885	0.0871979	-0.884261	-0.420411	0.156348	0.170093	2.94884	-0.508058	-1.91675	-1.0651	-0.774394	1.3776	-0.718018	-0.487796	0.10048	2.15148	-1.08935	-0.653538	-0.0681341	-0.367306	
-1.19157	-0.751442	-2.33011	-1.75676	-1.19355	-1.36293	-0.649335	-1.64662	2.91287	0.0124467	-0.835436	-0.544353	0.247083	0.132941	3.32457	-0.567396	-1.92146	-1.07231	-0.704167	1.52929	-0.681115	-0.588057	0.174671	1.95382	-0.802584	-0.897417	0.109745	-0.622904	
-1.1365	-0.869451	-2.28206	-1.79643	-1.02143	-1.38292	-0.681394	-1.77237	2.94541	-0.0965528	-0.81963	-0.606021	0.331995	0.171255	3.50887	-0.549262	-1.92968	-1.024	-0.713756	1.52406	-0.582433	-0.597109	0.231263	1.89412	-0.531511	-1.03895	0.251474	-0.731475	
-1.04722	-1.07827	-2.18625	-1.71096	-0.827967	-1.27382	-0.690611	-1.79068	2.85743	-0.219342	-0.807335	-0.64257	0.431389	0.196205	3.55695	-0.504164	-1.92206	-0.931649	-0.866645	1.37611	-0.442066	-0.523495	0.261841	1.90549	-0.340901	-1.09104	0.35474	-0.732622	
-0.965061	-1.35616	-2.06132	-1.57836	-0.652452	-1.12489	-0.63753	-1.73752	2.79473	-0.258874	-0.78668	-0.723774	0.581461	0.135739	3.59243	-0.430855	-1.91811	-0.831605	-1.1534	1.20347	-0.312615	-0.432397	0.282692	1.88613	-0.266251	-1.11838	0.443125	-0.683554	
-0.952023	-1.69136	-1.95157	-1.51806	-0.521137	-1.03881	-0.480392	-1.63829	2.92931	-0.0819163	-0.764734	-0.917828	0.792202	-0.0564747	3.74247	-0.272207	-1.96617	-0.775449	-1.48718	1.16892	-0.256036	-0.41139	0.328285	1.75194	-0.32712	-1.19685	0.550007	-0.638347	
-1.0616	-2.08584	-1.90966	-1.64171	-0.446871	-1.1048	-0.197142	-1.50812	3.40545	0.419561	-0.763673	-1.26359	1.06314	-0.372465	4.08913	0.0494928	-2.11599	-0.804499	-1.74714	1.41973	-0.30781	-0.530787	0.437749	1.45386	-0.493419	-1.39584	0.696541	-0.635079	
-1.31094	-2.53672	-1.97545	-1.99825	-0.429795	-1.35171	0.196555	-1.34673	4.25679	1.28139	-0.796622	-1.73529	1.36548	-0.749963	4.63316	0.606347	-2.39237	-0.941971	-1.83612	2.01573	-0.468639	-0.807943	0.626401	1.01354	-0.720058	-1.72684	0.886736	-0.67354	
-1.66834	-3.02886	-2.14706	-2.55291	-0.458657	-1.74729	0.644429	-1.15843	5.40804	2.43528	-0.863575	-2.2572	1.63916	-1.09854	5.29694	1.4264	-2.77173	-1.17947	-1.73423	2.90988	-0.69414	-1.20067	0.882024	0.518866	-0.930198	-2.1456	1.09658	-0.724741	
-2.06712	-3.52426	-2.38934	-3.19155	-0.524278	-2.20331	1.06653	-0.952784	6.69037	3.72067	-0.952312	-2.71895	1.83106	-1.32363	5.96812	2.46289	-3.18884	-1.48576	-1.51737	3.95749	-0.928994	-1.62629	1.15792	0.0765864	-1.06498	-2.55943	1.29111	-0.74594	
-2.43156	-3.96532	-2.64166	-3.77086	-0.620515	-2.60636	1.38432	-0.751118	7.88449	4.92061	-1.0433	-3.01979	1.90284	-1.37369	6.53767	3.60924	-3.56038	-1.81923	-1.31987	4.95474	-1.12948	-1.99896	1.38714	-0.219093	-1.09849	-2.86811	1.433	-0.697342	
-2.70835	-4.30084	-2.84522	-4.17061	-0.741342	-2.86202	1.54953	-0.584438	8.80397	5.81616	-1.12396	-3.11667	1.85115	-1.24583	6.95205	4.71475	-3.8172	-2.13713	-1.28379	5.71029	-1.27566	-2.264	1.51069	-0.334158	-1.03075	-3.00745	1.49865	-0.56244	
-2.88383	-4.49626	-2.9655	-4.33311	-0.881339	-2.9134	1.56688	-0.47733	9.33772	6.2665	-1.20075	-3.02333	1.70437	-0.995966	7.2245	5.6334	-3.93048	-2.40975	-1.47922	6.10458	-1.38609	-2.41454	1.49787	-0.302716	-0.91101	-2.95903	1.49331	-0.349146	
-2.98137	-4.54634	-2.99981	-4.2796	-1.01914	-2.75593	1.49622	-0.432971	9.47377	6.23772	-1.2913	-2.81445	1.52245	-0.706413	7.4101	6.26026	-3.91922	-2.61412	-1.86431	6.11907	-1.49262	-2.48323	1.36634	-0.207094	-0.79394	-2.76243	1.44725	-0.083045	
-3.04497	-4.47582	-2.98482	-4.08844	-1.12206	-2.42714	1.43284	-0.42888	9.27231	5.79287	-1.41262	-2.5806	1.37445	-0.454906	7.57183	6.53298	-3.84095	-2.73764	-2.28789	5.81797	-1.62327	-2.51709	1.17398	-0.135644	-0.734764	-2.48615	1.41265	0.198186	
-3.11108	-4.33175	-2.97466	-3.85963	-1.15089	-1.98975	1.46417	-0.424604	8.82739	5.07076	-1.57339	-2.39842	1.28533	-0.286922	7.71798	6.44719	-3.76548	-2.76931	-2.55586	5.31896	-1.77678	-2.54661	0.997656	-0.139624	-0.765508	-2.19999	1.42802	0.461789	
-3.1907	-4.1646	-3.02248	-3.66732	-1.07254	-1.51117	1.63171	-0.377406	8.2079	4.21615	-1.7712	-2.29252	1.26187	-0.202068	7.77265	6.02722	-3.74399	-2.70029	-2.51262	4.72887	-1.91765	-2.56789	0.898809	-0.21425	-0.883185	-1.94245	1.5038	0.684149	
-3.26114	-4.00505	-3.15582	-3.53319	-0.8793	-1.03568	1.9168	-0.251508	7.43422	3.35204	-1.97621	-2.22373	1.27252	-0.150889	7.5981	5.32216	-3.78831	-2.52676	-2.08965	4.11505	-1.99451	-2.54235	0.900405	-0.297364	-1.05774	-1.70562	1.61941	0.864513	
-3.2731	-3.84402	-3.35976	-3.4175	-0.583592	-0.581388	2.24251	-0.0317589	6.48319	2.54456	-2.15015	-2.11426	1.2443	-0.0570401	7.02771	4.39321	-3.86063	-2.24694	-1.34014	3.4936	-1.95205	-2.41499	0.982924	-0.300844	-1.23712	-1.44258	1.72032	1.01798	
-3.17235	-3.63459	-3.5792	-3.24471	-0.225892	-0.142048	2.50527	0.272445	5.30847	1.81141	-2.25785	-1.87275	1.11603	0.152274	5.93871	3.30582	-3.8887	-1.87141	-0.408179	2.84158	-1.76595	-2.14274	1.08871	-0.147897	-1.37032	-1.09092	1.74515	1.16474	
-2.92563	-3.31694	-3.73689	-2.94904	0.135494	0.294973	2.6076	0.629896	3.88477	1.14607	-2.27813	-1.44613	0.842172	0.509766	4.29818	2.14128	-3.79984	-1.41976	0.5265	2.13155	-1.45232	-1.72006	1.14759	0.188609	-1.42537	-0.615991	1.63661	1.32048	
-2.53799	-2.84764	-3.75966	-2.50573	0.445194	0.732533	2.49534	0.992383	2.23526	0.524064	-2.20738	-0.84194	0.424104	0.99367	2.19333	0.977875	-3.5478	-0.92281	1.31205	1.34893	-1.06126	-1.18899	1.10315	0.650559	-1.39306	-0.0325899	1.36854	1.47901	
-2.04746	-2.22492	-3.59363	-1.95046	0.67319	1.16084	2.17579	1.31158	0.442879	-0.0554821	-2.05693	-0.138117	-0.103488	1.53066	-0.182835	-0.0990358	-3.1304	-0.413422	1.87925	0.515654	-0.653785	-0.6215	0.937898	1.13325	-1.28039	0.595364	0.956207	1.62297	
-1.51555	-1.49913	-3.22815	-1.36328	0.816897	1.55379	1.70804	1.55376	-1.36082	-0.573703	-1.83656	0.550127	-0.650202	2.02368	-2.5831	-1.00346	-2.59054	0.0820131	2.2439	-0.311766	-0.275885	-0.0954668	0.676285	1.52001	-1.10277	1.17308	0.44957	1.73044	
-1.00306	-0.758483	-2.68792	-0.84363	0.913562	1.88127	1.18554	1.69964	-3.03037	-1.00159	-1.54346	1.10625	-1.10799	2.38471	-4.75286	-1.68359	-1.99945	0.544941	2.48177	-1.06532	0.0569313	0.331275	0.377834	1.73413	-0.858612	1.60776	-0.0662191	1.78069	
-0.555151	-0.112655	-2.03504	-0.470572	1.00654	2.11387	0.691029	1.74187	-4.44181	-1.32479	-1.16473	1.45047	-1.39349	2.55895	-6.50304	-2.12835	-1.43508	0.963187	2.66859	-1.68955	0.354839	0.634164	0.107698	1.78316	-0.549714	1.84186	-0.511759	1.75895	
-0.192035	0.351489	-1.34788	-0.271688	1.1327	2.2311	0.266641	1.67671	-5.53682	-1.55918	-0.689544	1.57326	-1.43996	2.54851	-7.74508	-2.37282	-0.953763	1.32289	2.82409	-2.16965	0.64377	0.823135	-0.0952977	1.74322	-0.175063	1.87625	-0.831266	1.66203	
0.0876908	0.592111	-0.695078	-0.218959	1.30601	2.22457	-0.0940965	1.49758	-6.3173	-1.74901	-0.122511	1.52299	-1.2468	2.40164	-8.489	-2.49707	-0.580325	1.60886	2.91254	-2.52902	0.940558	0.928768	-0.224741	1.73698	0.2656	1.76448	-1.00576	1.49342	
0.299653	0.634418	-0.128576	-0.234896	1.50115	2.09903	-0.431987	1.20201	-6.82387	-1.94717	0.512614	1.39641	-0.842758	2.19747	-8.81394	-2.5961	-0.302698	1.80673	2.85109	-2.80327	1.23327	0.981604	-0.309544	1.86379	0.749709	1.59453	-1.0572	1.25936	
0.472521	0.567515	0.348046	-0.229371	1.68923	1.87178	-0.792444	0.78689	-7.12595	-2.1988	1.15238	1.28872	-0.305698	2.00437	-8.83347	-2.76237	-0.0772101	1.9109	2.5675	-3.03671	1.4967	1.006	-0.388673	2.17358	1.26194	1.45415	-1.02579	0.959093	
0.629099	0.49553	0.752203	-0.129586	1.81188	1.5598	-1.2101	0.259572	-7.28709	-2.5224	1.73051	1.27026	0.283459	1.85763	-8.66182	-3.05025	0.145454	1.92677	2.03573	-3.25635	1.68647	1.01016	-0.503134	2.6416	1.75808	1.39442	-0.972665	0.585184	
0.787548	0.511667	1.123	0.0889954	1.83853	1.17862	-1.68482	-0.363896	-7.35761	-2.90245	2.17703	1.35585	0.844251	1.73937	-8.3922	-3.47522	0.404645	1.87294	1.29429	-3.47041	1.77831	0.992688	-0.671739	3.14979	2.20527	1.40989	-0.947515	0.121306	
0.963805	0.658099	1.50236	0.40472	1.76202	0.747937	-2.1822	-1.04916	-7.36305	-3.3014	2.45741	1.50574	1.29734	1.59096	-8.08812	-4.00877	0.721486	1.78554	0.44877	-3.67014	1.78231	0.959589	-0.882021	3.55735	2.57746	1.45112	-0.979703	-0.441505	
1.17491	0.922606	1.91256	0.767644	1.60625	0.298409	-2.64969	-1.73887	-7.32063	-3.66376	2.59118	1.66207	1.61962	1.3496	-7.79046	-4.56872	1.09866	1.71262	-0.373931	-3.84052	1.75211	0.934182	-1.1015	3.74444	2.86236	1.45688	-1.0751	-1.07943	
1.43802	1.25082	2.36326	1.11838	1.42782	-0.130601	-3.03584	-2.37448	-7.23545	-3.94945	2.63977	1.76448	1.79959	0.973351	-7.51883	-5.06857	1.52545	1.6978	-1.06628	-3.97285	1.76878	0.954118	-1.28378	3.66835	3.08043	1.37988	-1.21001	-1.74518	
1.76131	1.56267	2.82924	1.41777	1.27275	-0.497262	-3.3144	-2.9012	-7.10976	-4.14547	2.69587	1.78501	1.8676	0.468784	-7.28336	-5.43049	1.98064	1.76251	-1.58903	-4.06878	1.89919	1.05325	-1.39836	3.37798	3.24853	1.21539	-1.3544	-2.36719	
2.13969	1.79909	3.27343	1.65625	1.17728	-0.766756	-3.49582	-3.28966	-6.96166	-4.27236	2.82894	1.73044	1.84535	-0.105403	-7.09424	-5.60428	2.44386	1.89177	-1.97176	-4.15473	2.18066	1.24828	-1.4417	2.98539	3.3879	0.999759	-1.48401	-2.87169	
2.54492	1.93977	3.65132	1.85773	1.13475	-0.926861	-3.62192	-3.54142	-6.79913	-4.37112	3.06913	1.6417	1.75392	-0.652675	-6.95699	-5.58734	2.89542	2.04057	-2.2922	-4.25586	2.58723	1.52371	-1.43792	2.61942	3.49202	0.795406	-1.59852	-3.20558	
2.93414	2.01548	3.93019	2.06431	1.11258	-0.987019	-3.73868	-3.68451	-6.62841	-4.47839	3.39218	1.5749	1.62995	-1.07701	-6.86471	-5.41679	3.31907	2.15133	-2.62883	-4.38842	3.03921	1.83265	-1.42666	2.36472	3.54785	0.667072	-1.71054	-3.35477	
3.26563	2.10103	4.11144	2.31887	1.06394	-0.977849	-3.87602	-3.76647	-6.44283	-4.61448	3.72389	1.57661	1.48552	-1.32249	-6.80116	-5.16758	3.70876	2.17477	-3.01939	-4.55006	3.43429	2.11478	-1.44161	2.24842	3.53782	0.653279	-1.83705	-3.3553	
3.50692	2.27048	4.21832	2.64667	0.940845	-0.945574	-4.04095	-3.83592	-6.2455	-4.77748	3.97964	1.66851	1.33326	-1.39259	-6.75291	-4.92557	4.05933	2.08777	-3.44168	-4.73182	3.68027	2.31667	-1.50512	2.22891	3.4485	0.74652	-2.00085	-3.27905	
3.64418	2.56863	4.29118	3.03835	0.723258	-0.938772	-4.21677	-3.93293	-6.0398	-4.94324	4.08582	1.83406	1.1787	-1.35458	-6.71706	-4.77111	4.36401	1.89812	-3.82521	-4.91165	3.73423	2.41137	-1.61511	2.22143	3.28475	0.892547	-2.21366	-3.21538	
3.68923	2.98232	4.36701	3.45771	0.424894	-0.990168	-4.37317	-4.07037	-5.83568	-5.07887	4.01098	2.02415	1.0174	-1.30767	-6.70713	-4.75536	4.61268	1.65076	-4.0819	-5.06108	3.61908	2.41277	-1.74649	2.15027	3.07676	1.01502	-2.47063	-3.23236	
3.6788	3.4438	4.47046	3.85474	0.0925425	-1.09708	-4.48146	-4.22572	-5.67021	-5.15382	3.7919	2.18198	0.845082	-1.34033	-6.74713	-4.87489	4.80086	1.41155	-4.13525	-5.16783	3.41494	2.37185	-1.86564	1.99829	2.87072	1.05252	-2.74859	-3.3463	
3.66066	3.84928	4.60067	4.18087	-0.205959	-1.22731	-4.52588	-4.3545	-5.55206	-5.14474	3.49543	2.26173	0.645182	-1.49407	-6.85364	-5.08345	4.92642	1.24718	-3.95912	-5.20506	3.23017	2.36023	-1.93018	1.82233	2.70978	0.983329	-3.00768	-3.51698	
3.67698	4.09725	4.7316	4.40507	-0.411607	-1.32806	-4.51132	-4.40351	-5.48747	-5.05095	3.21018	2.23876	0.419787	-1.74258	-7.0279	-5.30326	4.99131	1.20125	-3.58478	-5.15819	3.15613	2.43989	-1.91604	1.7167	2.62772	0.832963	-3.20945	-3.6613	
3.7532	4.12291	4.82435	4.52014	-0.482877	-1.34449	-4.46235	-4.33262	-5.46291	-4.88546	2.98696	2.11498	0.157296	-2.00789	-7.25417	-5.45016	5.00323	1.28003	-3.09409	-5.01833	3.24771	2.64331	-1.81812	1.77234	2.61489	0.667942	-3.32849	-3.68686	
3.88649	3.92183	4.83677	4.54131	-0.4247	-1.24357	-4.41092	-4.12905	-5.44598	-4.67402	2.83436	1.91337	-0.147048	-2.1892	-7.49472	-5.46242	4.96961	1.45528	-2.5819	-4.78443	3.49399	2.96139	-1.65466	2.01667	2.63344	0.558725	-3.36771	-3.53247	
4.05279	3.55498	4.7448	4.4999	-0.270904	-1.01886	-4.37281	-3.81167	-5.3921	-4.44101	2.72016	1.67436	-0.463703	-2.20727	-7.69298	-5.32174	4.90301	1.67854	-2.12444	-4.46667	3.83054	3.3478	-1.45425	2.37816	2.62013	0.56302	-3.34317	-3.19194	
4.21772	3.13081	4.54827	4.43586	-0.0828723	-0.692677	-4.34328	-3.42562	-5.25575	-4.2075	2.57778	1.44182	-0.772192	-2.03953	-7.78536	-5.05886	4.81571	1.89878	-1.76161	-4.0844	4.16422	3.73935	-1.2487	2.70119	2.51728	0.699148	-3.2807	-2.72036	
4.34639	2.77233	4.27286	4.3886	0.0703298	-0.307246	-4.29792	-3.02577	-5.0366	-3.99811	2.36193	1.25913	-1.03858	-1.72764	-7.72672	-4.73926	4.72392	2.07214	-1.4992	-3.69619	4.40077	4.07191	-1.07522	2.78911	2.28548	0.94013	-3.21017	-2.21378	
4.40703	2.56593	3.94882	4.3799	0.135555	0.0872203	-4.20737	-2.66656	-4.74831	-3.8326	2.04152	1.15762	-1.24155	-1.36211	-7.49465	-4.44065	4.63375	2.17355	-1.32569	-3.36133	4.47083	4.29942	-0.958321	2.48542	1.91137	1.23023	-3.14986	-1.77335	
4.37296	2.54691	3.60119	4.41246	0.0793769	0.446665	-4.04832	-2.38428	-4.43605	-3.73409	1.63389	1.15088	-1.36888	-1.04085	-7.09498	-4.21738	4.53826	2.19466	-1.22963	-3.14301	4.33918	4.3958	-0.917065	1.72274	1.43214	1.50008	-3.10706	-1.46861	
4.22916	2.68213	3.24301	4.47077	-0.0880924	0.747321	-3.81223	-2.18929	-4.15547	-3.71746	1.18237	1.23729	-1.43015	-0.824419	-6.55034	-4.08018	4.42321	2.14068	-1.21437	-3.08753	4.01245	4.35471	-0.955477	0.565068	0.90474	1.7042	-3.06772	-1.30762	
3.96733	2.88622	2.86512	4.52231	-0.339297	0.977976	-3.51108	-2.06604	-3.92756	-3.78015	0.746049	1.39982	-1.45785	-0.713261	-5.88424	-3.98173	4.26102	2.01924	-1.28922	-3.18764	3.52179	4.18365	-1.05999	-0.77594	0.394658	1.8235	-3.00891	-1.24116	
3.58796	3.05996	2.4453	4.52782	-0.623432	1.13914	-3.17061	-1.98532	-3.7362	-3.89723	0.367452	1.60695	-1.47989	-0.640233	-5.11877	-3.83493	4.02304	1.83649	-1.46484	-3.39287	2.9153	3.89591	-1.20196	-2.03573	-0.0458284	1.87172	-2.90858	-1.1801	
3.09902	3.11884	1.95889	4.44554	-0.891774	1.23419	-2.82817	-1.91725	-3.53429	-4.02085	0.0476355	1.81411	-1.5299	-0.50911	-4.27203	-3.55151	3.67877	1.59479	-1.73581	-3.61283	2.24276	3.50704	-1.34648	-2.95233	-0.393358	1.88085	-2.75685	-1.04018	
2.51996	3.01941	1.39079	4.24442	-1.10627	1.26081	-2.51374	-1.83933	-3.26027	-4.09511	-0.236105	1.97897	-1.6224	-0.237639	-3.36404	-3.06883	3.20953	1.29776	-2.07192	-3.75121	1.55027	3.03526	-1.4574	-3.35093	-0.651621	1.87637	-2.56154	-0.775203	
1.88355	2.76977	0.745495	3.90882	-1.25077	1.21732	-2.2419	-1.74048	-2.84666	-4.05892	-0.525024	2.06495	-1.74064	0.204823	-2.41559	-2.38578	2.61703	0.956977	-2.40941	-3.71649	0.873772	2.50776	-1.50092	-3.19148	-0.852996	1.87167	-2.33978	-0.394519	
1.2326	2.42731	0.0514002	3.45086	-1.32907	1.10764	-2.00545	-1.61162	-2.25623	-3.86396	-0.847333	2.05492	-1.85167	0.776711	-1.45949	-1.55239	1.92412	0.59581	-2.6625	-3.45381	0.249489	1.96558	-1.45441	-2.57454	-1.03179	1.855	-2.11573	0.0455749	
0.611994	2.06838	-0.652364	2.90603	-1.35966	0.953782	-1.78013	-1.44103	-1.50397	-3.4847	-1.21386	1.95357	-1.92191	1.38422	-0.536048	-0.658249	1.17505	0.243092	-2.74502	-2.96333	-0.297998	1.45265	-1.3152	-1.71211	-1.22233	1.80455	-1.911	0.471483	
0.0498027	1.75268	-1.33075	2.32101	-1.38052	0.785979	-1.54093	-1.2131	-0.65221	-2.9296	-1.6009	1.78849	-1.93217	1.90248	0.307426	0.195797	0.417039	-0.0773561	-2.59491	-2.29024	-0.767587	1.00422	-1.10241	-0.810286	-1.45632	1.6961	-1.73849	0.817691	
-0.451569	1.50282	-1.96565	1.74312	-1.43072	0.641006	-1.26761	-0.909131	0.215856	-2.23388	-1.97281	1.59058	-1.88861	2.23369	1.0296	0.937587	-0.30871	-0.350638	-2.19021	-1.50799	-1.17522	0.633438	-0.848976	-0.0573246	-1.74495	1.51543	-1.60829	1.05869	
-0.910769	1.29943	-2.55144	1.20739	-1.54212	0.555042	-0.9527	-0.51261	1.01835	-1.43973	-2.2987	1.39084	-1.82496	2.33852	1.61018	1.53604	-0.975957	-0.576781	-1.55249	-0.68776	-1.55186	0.327459	-0.594404	0.432902	-2.08446	1.27204	-1.51733	1.21357	
-1.35872	1.08846	-3.0949	0.731984	-1.72559	0.543203	-0.601419	-0.017027	1.7081	-0.59432	-2.55935	1.21026	-1.79387	2.25041	2.05352	2.01939	-1.57538	-0.766809	-0.743316	0.117894	-1.92733	0.0541007	-0.367708	0.652627	-2.453	0.991016	-1.45937	1.33701	
-1.82285	0.808166	-3.60177	0.310239	-1.97506	0.598262	-0.235122	0.559247	2.28246	0.265812	-2.76514	1.04663	-1.84152	2.0574	2.38656	2.44026	-2.1099	-0.940727	0.153526	0.884968	-2.32574	-0.228517	-0.185009	0.661595	-2.82023	0.708914	-1.42702	1.48749	
-2.31797	0.420977	-4.07159	-0.0796681	-2.26844	0.685657	0.114375	1.17569	2.76952	1.11275	-2.94466	0.887572	-1.98879	1.86055	2.64132	2.85389	-2.59356	-1.1183	1.0378	1.60693	-2.75332	-0.551806	-0.0505338	0.553997	-3.15146	0.452301	-1.41666	1.69945	
-2.831	-0.07855	-4.49105	-0.466582	-2.56655	0.757147	0.416965	1.77227	3.21024	1.91729	-3.134	0.709624	-2.22961	1.73324	2.85246	3.28724	-3.03637	-1.31045	1.81746	2.2787	-3.19346	-0.926705	0.0436789	0.405467	-3.41044	0.230233	-1.4274	1.96406	
-3.32478	-0.650853	-4.83889	-0.870674	-2.83291	0.76687	0.647723	2.28328	3.63429	2.64412	-3.34457	0.500729	-2.51511	1.69244	3.04291	3.72386	-3.43921	-1.51562	2.4176	2.88522	-3.61423	-1.33384	0.108659	0.2746	-3.57994	0.0349704	-1.44754	2.23324	
-3.7473	-1.2228	-5.08898	-1.29213	-3.02954	0.690126	0.798953	2.66077	4.05351	3.2528	-3.55838	0.254422	-2.7663	1.70589	3.22057	4.12132	-3.78863	-1.71657	2.80121	3.39892	-3.96683	-1.72647	0.161021	0.183101	-3.64719	-0.152083	-1.46358	2.44676	
-4.04502	-1.71393	-5.22018	-1.7116	-3.12185	0.538773	0.879683	2.88035	4.44531	3.70544	-3.73779	-0.0153086	-2.91078	1.70926	3.38594	4.4172	-4.0619	-1.88986	2.9782	3.78401	-4.20763	-2.04979	0.214891	0.122459	-3.61577	-0.342577	-1.44646	2.55336	
-4.18827	-2.06459	-5.2332	-2.09382	-3.09626	0.348892	0.91297	2.95024	4.76551	3.96502	-3.83337	-0.283607	-2.90472	1.64551	3.53315	4.56858	-4.2394	-2.01545	2.98928	4.00462	-4.31399	-2.25986	0.277793	0.0998514	-3.51289	-0.53647	-1.3689	2.5378	
-4.17833	-2.26335	-5.14283	-2.40591	-2.95194	0.165782	0.925705	2.8935	4.96785	4.00983	-3.8143	-0.532176	-2.72888	1.48675	3.65982	4.5524	-4.30998	-2.08189	2.90206	4.04268	-4.28431	-2.34507	0.353626	0.122542	-3.36814	-0.724282	-1.21038	2.41528	
-4.04655	-2.33568	-4.98285	-2.62521	-2.7097	0.027925	0.945241	2.74525	5.03498	3.85682	-3.6774	-0.750853	-2.40889	1.25197	3.76934	4.38718	-4.28054	-2.08769	2.78557	3.91854	-4.13652	-2.32232	0.44514	0.210608	-3.21733	-0.888178	-0.965007	2.22901	
-3.83477	-2.33785	-4.7781	-2.74463	-2.38642	-0.0487537	0.994095	2.53568	4.97627	3.54951	-3.45676	-0.940752	-1.99759	0.998444	3.87132	4.12109	-4.16503	-2.0362	2.69448	3.6761	-3.8932	-2.22842	0.557798	0.379295	-3.06619	-1.00746	-0.645536	2.0298	
-3.58437	-2.32229	-4.54344	-2.77492	-2.00952	-0.0740343	1.07806	2.27732	4.81708	3.14973	-3.2035	-1.10334	-1.54712	0.79183	3.97558	3.80307	-3.98451	-1.93596	2.65159	3.3691	-3.58246	-2.10669	0.690094	0.642153	-2.90037	-1.06549	-0.274466	1.84921	
-3.32553	-2.31512	-4.28573	-2.74092	-1.61575	-0.0810883	1.18254	1.97397	4.5987	2.72341	-2.96738	-1.24326	-1.1041	0.679673	4.07545	3.47621	-3.76336	-1.79941	2.63259	3.04718	-3.22993	-1.98883	0.831172	0.984442	-2.69354	-1.06146	0.105129	1.69521	
-3.06958	-2.31437	-3.99997	-2.67192	-1.22894	-0.111197	1.27955	1.62043	4.35108	2.31898	-2.782	-1.35447	-0.695303	0.659362	4.14923	3.1521	-3.52068	-1.64214	2.58885	2.7382	-2.855	-1.8897	0.963174	1.35014	-2.4029	-1.01216	0.452629	1.54223	
-2.81476	-2.28918	-3.68851	-2.59013	-0.880784	-0.193234	1.33883	1.22546	4.08642	1.96082	-2.63694	-1.42455	-0.337924	0.693876	4.16658	2.83135	-3.27135	-1.47833	2.46101	2.44527	-2.47663	-1.79955	1.0606	1.67783	-2.01857	-0.941247	0.737139	1.36263	
-2.55382	-2.20092	-3.35661	-2.50656	-0.586242	-0.332703	1.3393	0.815429	3.80361	1.64844	-2.50353	-1.43121	-0.0292028	0.722579	4.09943	2.50485	-3.02169	-1.32036	2.22097	2.15806	-2.10684	-1.69919	1.10531	1.90389	-1.54771	-0.872672	0.946086	1.13981	
-2.28243	-2.02239	-3.02525	-2.41989	-0.354126	-0.508025	1.2831	0.437145	3.50417	1.37448	-2.33117	-1.36113	0.235446	0.686677	3.93882	2.16597	-2.77598	-1.17929	1.89286	1.87506	-1.76111	-1.57033	1.09413	1.99725	-1.04028	-0.822458	1.091	0.881487	
-2.00802	-1.76682	-2.72301	-2.32207	-0.178726	-0.684806	1.19157	0.144745	3.19194	1.13049	-2.09002	-1.21562	0.445795	0.561181	3.69501	1.82701	-2.53847	-1.06197	1.53971	1.60624	-1.44992	-1.40926	1.03921	1.95413	-0.571294	-0.800105	1.19519	0.621084	
-1.75128	-1.48613	-2.47435	-2.21109	-0.0426705	-0.833478	1.10342	-0.0244878	2.88454	0.910924	-1.78368	-1.02285	0.611659	0.349843	3.40931	1.49892	-2.31832	-0.969498	1.25566	1.37595	-1.18022	-1.23749	0.970046	1.80898	-0.209327	-0.813744	1.29171	0.392263	
-1.54115	-1.25549	-2.30142	-2.09807	0.066515	-0.944649	1.05763	-0.0629049	2.62215	0.729785	-1.44516	-0.837656	0.736913	0.0909878	3.13549	1.19741	-2.13239	-0.896596	1.11728	1.22429	-0.953812	-1.09275	0.92175	1.61129	-0.0176643	-0.874465	1.40052	0.218105	
-1.39928	-1.14704	-2.19667	-2.00227	0.177543	-1.02828	1.08576	0.00183396	2.43928	0.610575	-1.14152	-0.71552	0.841748	-0.171129	2.92471	0.934021	-1.99163	-0.831998	1.15697	1.18045	-0.764863	-1.01784	0.92568	1.4067	0.00761124	-0.991365	1.53433	0.0946911	
-1.33213	-1.19062	-2.13357	-1.94351	0.301507	-1.10347	1.19705	0.114505	2.34887	0.568687	-0.921623	-0.699306	0.960445	-0.395252	2.81601	0.704129	-1.90074	-0.759057	1.34299	1.24262	-0.612807	-1.03813	0.99133	1.23753	-0.0906855	-1.1633	1.69331	-0.00312242	
-1.33502	-1.36356	-2.07731	-1.94093	0.439781	-1.19171	1.36883	0.20907	2.33739	0.607003	-0.822172	-0.796313	1.12024	-0.560545	2.81564	0.501762	-1.8602	-0.668818	1.58462	1.3781	-0.500061	-1.1607	1.10215	1.11902	-0.234014	-1.37925	1.85915	-0.113201	
-1.39353	-1.59666	-1.99804	-2.00548	0.579599	-1.30226	1.55736	0.23061	2.36742	0.704648	-0.830055	-0.98614	1.3536	-0.676505	2.89952	0.313075	-1.86692	-0.565624	1.77032	1.52685	-0.444825	-1.37062	1.22026	1.03801	-0.337736	-1.61775	2.01004	-0.269183	
-1.4909	-1.80821	-1.88114	-2.1323	0.700383	-1.42531	1.70665	0.154597	2.37937	0.825064	-0.897465	-1.2164	1.64	-0.755113	3.01357	0.141249	-1.91641	-0.464513	1.80462	1.62065	-0.46069	-1.63113	1.29662	0.954341	-0.341127	-1.84432	2.11871	-0.479108	
-1.60857	-1.92524	-1.72953	-2.30159	0.785295	-1.52872	1.77498	0.00109072	2.3286	0.925952	-0.964625	-1.42165	1.94418	-0.80525	3.10442	0.00477872	-2.00103	-0.386476	1.65845	1.61379	-0.55078	-1.89531	1.29717	0.826085	-0.229789	-2.01283	2.16712	-0.713322	
-1.73035	-1.91638	-1.5684	-2.48368	0.816971	-1.57337	1.74388	-0.177544	2.20654	0.983756	-0.965797	-1.54634	2.20151	-0.814938	3.12858	-0.0630768	-2.11417	-0.350476	1.38284	1.51024	-0.696268	-2.11521	1.21469	0.629886	-0.0437251	-2.08226	2.1443	-0.911383	
-1.84017	-1.8106	-1.42812	-2.64704	0.801741	-1.52991	1.62369	-0.312893	2.03547	1.00381	-0.877912	-1.56075	2.34348	-0.760966	3.06518	-0.0231009	-2.24497	-0.364052	1.08722	1.35714	-0.852477	-2.25604	1.07391	0.370617	0.149634	-2.03157	2.05464	-1.00895	
-1.919	-1.66858	-1.33205	-2.76302	0.749314	-1.39109	1.44486	-0.354978	1.86593	0.99748	-0.712529	-1.46905	2.32712	-0.622637	2.92346	0.128878	-2.37638	-0.416708	0.896408	1.22071	-0.960742	-2.29546	0.921025	0.0868213	0.273755	-1.86547	1.90734	-0.964324	
-1.95138	-1.5663	-1.28807	-2.81983	0.683798	-1.1828	1.24795	-0.291475	1.75162	0.986651	-0.523653	-1.30276	2.14011	-0.393915	2.73217	0.368148	-2.49053	-0.486671	0.890572	1.16356	-0.959434	-2.23594	0.806242	-0.165142	0.285941	-1.61964	1.71739	-0.779928	
-1.92162	-1.54587	-1.28514	-2.81406	0.625914	-0.947567	1.06858	-0.146527	1.7186	0.984051	-0.375929	-1.1063	1.82718	-0.101358	2.527	0.636544	-2.56093	-0.547245	1.07569	1.20689	-0.81904	-2.09494	0.760742	-0.318919	0.178523	-1.34836	1.50477	-0.498923	
-1.82428	-1.60502	-1.2979	-2.7524	0.590092	-0.731875	0.926154	0.0261349	1.7492	0.984996	-0.322321	-0.920943	1.46371	0.205293	2.33579	0.865535	-2.56494	-0.575445	1.37263	1.32168	-0.548912	-1.89885	0.784712	-0.309937	-0.000667606	-1.10648	1.29158	-0.191118	
-1.66801	-1.68812	-1.3013	-2.64802	0.58006	-0.57188	0.822823	0.166431	1.79153	0.960838	-0.387122	-0.774546	1.15219	0.463252	2.17638	0.991574	-2.48826	-0.564363	1.65278	1.43478	-0.207186	-1.68139	0.849391	-0.0958145	-0.192034	-0.935451	1.10033	0.0706571	
-1.48232	-1.72076	-1.28004	-2.52643	0.581849	-0.487652	0.744116	0.225557	1.77635	0.872742	-0.543729	-0.681836	0.972501	0.61292	2.04781	0.983264	-2.33883	-0.528651	1.78678	1.45872	0.113689	-1.48005	0.905069	0.327266	-0.329179	-0.860132	0.94833	0.233492	
