-0.418431	-0.951554	-0.364412	-0.0843138	-0.156463	0.0143509	0.122708	0.457607	1.16337	1.21743	-0.093205	-0.366329	-0.177495	-0.275482	-0.30546	0.746662	-0.71215	-0.0997791	0.278879	1.27926	-0.544762	-0.486885	-0.0628927	0.158472	-0.0998623	-0.0581404	-0.618273	0.437165	
-0.230996	-0.399922	-0.281551	-0.564413	-0.0200992	-0.0603993	-0.0180995	0.354425	1.07472	1.14168	-0.470856	-1.17965	-0.133393	-0.232102	-0.400521	0.564268	0.0165099	-0.0358519	0.175275	1.16505	0.0259018	-0.331932	-0.0750699	0.0769308	0.045539	0.0494736	-0.734724	0.479814	
-7.78811e-06	0.177351	-0.104879	-0.892046	0.128985	-0.133715	-0.143301	0.159129	0.90151	0.918515	-0.660402	-1.89708	0.0947624	-0.341581	-0.50326	0.294497	0.775454	0.0231023	0.0464943	0.890092	0.560742	-0.124783	-0.0640916	-5.8331e-05	0.227753	0.144956	-0.927408	0.449268	
0.230887	0.704822	0.12296	-1.06247	0.268878	-0.197901	-0.227989	-0.0892116	0.688403	0.609103	-0.636891	-2.41457	0.471566	-0.577884	-0.625424	0.0156503	1.44054	0.0706295	-0.0643295	0.527465	0.967381	0.0828653	-0.0311829	-0.0361308	0.418387	0.209183	-1.222	0.357258	
0.411786	1.13981	0.338518	-1.10093	0.369831	-0.244154	-0.267488	-0.3322	0.476738	0.287497	-0.461924	-2.64608	0.89324	-0.82845	-0.746821	-0.202344	1.89568	0.101423	-0.137018	0.164164	1.18173	0.241623	0.00271457	-0.0199729	0.585236	0.232943	-1.57422	0.238668	
0.504589	1.47648	0.477726	-1.05698	0.405665	-0.277292	-0.280944	-0.517348	0.289104	0.0278413	-0.252861	-2.54786	1.25108	-0.925789	-0.868977	-0.305555	2.08796	0.107291	-0.173705	-0.118991	1.20456	0.314889	0.0108701	0.034435	0.701021	0.214643	-1.90611	0.124252	
0.494426	1.74507	0.490097	-0.972929	0.35955	-0.295883	-0.292884	-0.608926	0.136341	-0.12138	-0.146419	-2.13073	1.40578	-0.759997	-0.961893	-0.276001	2.02183	0.0864852	-0.193615	-0.27211	1.07802	0.297819	-0.0287032	0.101571	0.720011	0.169626	-2.09816	0.0529923	
0.394484	1.99527	0.373626	-0.873675	0.236405	-0.309181	-0.33677	-0.607379	0.00115036	-0.165914	-0.205028	-1.48177	1.33422	-0.254881	-1.00794	-0.158728	1.7537	0.0367325	-0.234293	-0.304171	0.872519	0.20956	-0.126924	0.135628	0.650342	0.110576	-2.07317	0.035597	
0.242049	2.24638	0.16188	-0.776951	0.0635263	-0.31794	-0.421372	-0.537925	-0.124701	-0.134543	-0.41946	-0.744969	1.06664	0.481833	-0.977128	-0.012895	1.37561	-0.0343947	-0.312623	-0.251503	0.665938	0.0889038	-0.26712	0.113307	0.509695	0.048795	-1.798	0.0669528	
0.082093	2.49039	-0.0775217	-0.674894	-0.126029	-0.316651	-0.538317	-0.440815	-0.252337	-0.0897403	-0.676492	-0.0821747	0.709679	1.25954	-0.836423	0.0822032	0.976667	-0.111539	-0.432516	-0.184609	0.505221	-0.0200159	-0.416287	0.0282823	0.335298	-0.0100281	-1.30869	0.125678	
-0.041038	2.67922	-0.271129	-0.57191	-0.293627	-0.299815	-0.66013	-0.354152	-0.372206	-0.0749158	-0.835052	0.360093	0.38908	1.84837	-0.594351	0.0852219	0.64317	-0.173349	-0.56178	-0.154364	0.421076	-0.085517	-0.528117	-0.0930732	0.158068	-0.0650511	-0.729898	0.175136	
-0.106385	2.74989	-0.367479	-0.476473	-0.395386	-0.260637	-0.742937	-0.297707	-0.459286	-0.111557	-0.792017	0.498804	0.158462	2.04799	-0.265816	-0.0111742	0.417218	-0.198032	-0.651671	-0.184079	0.408563	-0.0996058	-0.562118	-0.201112	0.0148161	-0.121285	-0.183828	0.19281	
-0.114754	2.66057	-0.346693	-0.40257	-0.417828	-0.198691	-0.756149	-0.271367	-0.493812	-0.195776	-0.501201	0.33948	0.0629045	1.79188	0.0956092	-0.177987	0.311225	-0.173844	-0.661291	-0.267605	0.443838	-0.0743214	-0.499636	-0.255833	-0.0801599	-0.172507	0.202957	0.153518	
-0.0888828	2.40653	-0.236915	-0.373311	-0.358483	-0.126463	-0.681806	-0.258553	-0.459406	-0.293137	-0.0426972	-0.0269204	0.0689423	1.13915	0.441165	-0.350514	0.302355	-0.102218	-0.56608	-0.363916	0.498071	-0.0387758	-0.348953	-0.229716	-0.128243	-0.222251	0.385657	0.0553171	
-0.0623358	2.04152	-0.0858736	-0.402894	-0.245202	-0.0699193	-0.53612	-0.241047	-0.371306	-0.379207	0.458099	-0.469655	0.146938	0.325799	0.738529	-0.487238	0.343486	-0.00434721	-0.387946	-0.437663	0.536429	-0.0258123	-0.151793	-0.143657	-0.133045	-0.275924	0.412451	-0.0923173	
-0.0619762	1.64162	0.0463793	-0.496059	-0.112238	-0.0516212	-0.347305	-0.207941	-0.253121	-0.428478	0.855021	-0.853635	0.255241	-0.409785	0.972247	-0.554734	0.387395	0.0881722	-0.169046	-0.4552	0.542125	-0.0558544	0.0413779	-0.0339547	-0.116461	-0.333293	0.378838	-0.267771	
-0.096962	1.28398	0.122003	-0.633722	0.0124376	-0.0839768	-0.152451	-0.160049	-0.143861	-0.444144	1.05007	-1.10065	0.372109	-0.885369	1.155	-0.554213	0.397333	0.146077	0.0308781	-0.41551	0.513157	-0.127509	0.185456	0.051445	-0.0891787	-0.395034	0.397641	-0.435026	
-0.15437	1.03194	0.13127	-0.78645	0.107486	-0.169063	0.0125913	-0.114912	-0.0796309	-0.447011	1.0312	-1.19197	0.527755	-0.99859	1.28552	-0.516673	0.357578	0.149713	0.160346	-0.346039	0.464196	-0.219684	0.256799	0.0676688	-0.0562365	-0.456143	0.519862	-0.567226	
-0.207592	0.886426	0.092666	-0.926732	0.181628	-0.293044	0.137117	-0.0910152	-0.071945	-0.458877	0.858093	-1.17828	0.703267	-0.816582	1.3907	-0.473187	0.274224	0.10227	0.200834	-0.281613	0.42213	-0.304045	0.263486	0.00700677	-0.00800889	-0.519155	0.747823	-0.637672	
-0.224843	0.808755	0.0470731	-1.02999	0.239364	-0.415779	0.215697	-0.0992038	-0.123851	-0.507745	0.647837	-1.15227	0.910338	-0.481154	1.47348	-0.458495	0.169515	0.0278196	0.157569	-0.268972	0.410217	-0.347144	0.233701	-0.11915	0.0619907	-0.567808	1.02703	-0.63406	
-0.190699	0.731021	0.0213021	-1.08995	0.289867	-0.501932	0.25976	-0.135782	-0.208619	-0.591776	0.503872	-1.18761	1.11875	-0.168178	1.53878	-0.471594	0.0752419	-0.0408077	0.0719976	-0.323104	0.446279	-0.33796	0.203579	-0.264755	0.130249	-0.588442	1.2641	-0.553679	
-0.112336	0.59453	0.0275474	-1.10884	0.322669	-0.52399	0.277085	-0.181074	-0.295376	-0.686739	0.495111	-1.32198	1.27565	0.0196411	1.58379	-0.489889	0.0183039	-0.0753804	-0.0103676	-0.43339	0.529557	-0.287327	0.195473	-0.381854	0.163694	-0.570288	1.38373	-0.408047	
-0.0194095	0.384787	0.0509333	-1.10326	0.319263	-0.477761	0.270117	-0.209846	-0.352986	-0.752907	0.618717	-1.53213	1.35502	0.0720842	1.59752	-0.481958	0.00997543	-0.0652348	-0.0534407	-0.561994	0.63941	-0.224009	0.212811	-0.435718	0.138031	-0.509501	1.33669	-0.225307	
0.0455111	0.124159	0.0626585	-1.08834	0.253669	-0.381812	0.234441	-0.196452	-0.362802	-0.748314	0.827	-1.75448	1.35154	0.0430462	1.59436	-0.410182	0.0398202	-0.0226659	-0.046005	-0.6534	0.738164	-0.187918	0.235087	-0.414237	0.0279133	-0.42002	1.14388	-0.0347418	
0.0454542	-0.114512	0.0320811	-1.07728	0.107972	-0.271997	0.161251	-0.132069	-0.327071	-0.655051	1.04555	-1.91314	1.30054	0.0764898	1.58102	-0.273597	0.0727985	0.0207842	-0.00853769	-0.665842	0.782819	-0.207529	0.230261	-0.34405	-0.164076	-0.329099	0.896124	0.130584	
-0.0383174	-0.261171	-0.0592211	-1.08328	-0.111527	-0.190502	0.0524835	-0.0297186	-0.250129	-0.472951	1.21729	-1.96533	1.25518	0.25986	1.59655	-0.0929111	0.0723085	0.0278426	0.0269856	-0.568229	0.74684	-0.296482	0.171696	-0.257379	-0.41177	-0.26655	0.683553	0.244754	
-0.191373	-0.260737	-0.198367	-1.10986	-0.369176	-0.158558	-0.0781833	0.0862895	-0.147979	-0.236356	1.32096	-1.91734	1.24887	0.597119	1.66266	0.0887413	0.000162704	-0.0234909	0.0284756	-0.369195	0.628282	-0.436139	0.0554721	-0.19168	-0.651977	-0.256458	0.586805	0.292899	
-0.37663	-0.108852	-0.359466	-1.16839	-0.597458	-0.188244	-0.197878	0.180568	-0.0254492	0.00544733	1.3539	-1.82303	1.31077	1.00978	1.788	0.220437	-0.153985	-0.133681	-0.0161122	-0.101894	0.458749	-0.593417	-0.093693	-0.166512	-0.817184	-0.309242	0.628216	0.275099	
-0.542439	0.139159	-0.505717	-1.2659	-0.747285	-0.2571	-0.274735	0.228954	0.114656	0.202938	1.35469	-1.76914	1.4157	1.35948	1.98013	0.267804	-0.377091	-0.275346	-0.0962512	0.184115	0.288553	-0.726101	-0.236551	-0.177698	-0.866408	-0.41125	0.777173	0.21553	
-0.639423	0.409182	-0.605791	-1.40748	-0.761908	-0.336578	-0.275833	0.221728	0.266231	0.307514	1.3264	-1.82585	1.47388	1.51439	2.22461	0.214867	-0.633062	-0.400466	-0.183897	0.425329	0.179075	-0.79805	-0.321605	-0.208919	-0.77367	-0.540828	1.0146	0.135389	
-0.643021	0.625087	-0.651092	-1.58709	-0.638124	-0.398415	-0.191317	0.162353	0.419465	0.296406	1.27179	-2.01483	1.40143	1.3928	2.51744	0.0839814	-0.868367	-0.46504	-0.247079	0.575938	0.175837	-0.800689	-0.320313	-0.234597	-0.566534	-0.661107	1.30951	0.0554303	
-0.55557	0.751018	-0.653401	-1.77814	-0.413785	-0.424054	-0.0406131	0.0728017	0.550228	0.171038	1.16888	-2.29526	1.15401	1.02909	2.81989	-0.086896	-1.0321	-0.441586	-0.265169	0.605385	0.29343	-0.741946	-0.233073	-0.236056	-0.31113	-0.745741	1.64452	-0.00593182	
-0.405745	0.784088	-0.637143	-1.94763	-0.152895	-0.41758	0.134808	-0.0277368	0.628584	-0.0398376	1.00725	-2.58891	0.74915	0.548464	3.092	-0.253896	-1.07965	-0.333329	-0.2373	0.513429	0.514555	-0.650958	-0.088945	-0.198786	-0.0672627	-0.781995	1.9822	-0.0451163	
-0.236524	0.781738	-0.623522	-2.04858	0.0744853	-0.39474	0.284443	-0.117706	0.618814	-0.298923	0.79419	-2.79004	0.235279	0.10235	3.29	-0.381399	-1.00489	-0.171224	-0.183332	0.32016	0.790213	-0.559976	0.0652853	-0.123586	0.112784	-0.779156	2.30787	-0.0641893	
-0.0891584	0.817628	-0.63084	-2.04399	0.213032	-0.380586	0.365091	-0.187569	0.497892	-0.564481	0.561336	-2.81723	-0.251011	-0.163608	3.35155	-0.456912	-0.825119	-0.00486835	-0.135167	0.0605566	1.05775	-0.48999	0.181224	-0.0190438	0.18985	-0.752171	2.58953	-0.073888	
0.00912241	0.939855	-0.655613	-1.92301	0.234422	-0.389226	0.352436	-0.239826	0.271781	-0.795126	0.3847	-2.6588	-0.58908	-0.197922	3.26278	-0.48911	-0.578255	0.117919	-0.118945	-0.216219	1.2676	-0.447655	0.226338	0.105051	0.169458	-0.717649	2.75523	-0.0804633	
0.0530131	1.18175	-0.688023	-1.69938	0.163611	-0.421598	0.258191	-0.276304	-0.0249623	-0.96367	0.299066	-2.34704	-0.725221	-0.0379896	3.01062	-0.502652	-0.314657	0.17078	-0.142139	-0.467273	1.39699	-0.420208	0.202084	0.244926	0.0803809	-0.688573	2.74464	-0.0865696	
0.0541528	1.5121	-0.715804	-1.42688	0.0412843	-0.466922	0.115679	-0.306306	-0.326791	-1.05332	0.339412	-1.96511	-0.655931	0.215857	2.62703	-0.520646	-0.0726261	0.15343	-0.188388	-0.652541	1.45478	-0.393643	0.132444	0.40237	-0.0405764	-0.657949	2.48505	-0.0903679	
0.0324594	1.87211	-0.736653	-1.17051	-0.0895537	-0.5009	-0.0314904	-0.327046	-0.561472	-1.06523	0.468661	-1.60744	-0.426012	0.443088	2.18604	-0.563671	0.11444	0.0915777	-0.231384	-0.748226	1.46159	-0.35299	0.0542854	0.572146	-0.1704	-0.613391	1.97934	-0.0795966	
0.00919857	2.1846	-0.76155	-0.994613	-0.19804	-0.508392	-0.143452	-0.337132	-0.671138	-1.01351	0.632667	-1.33768	-0.138587	0.57467	1.78545	-0.637484	0.229316	0.0249823	-0.242013	-0.748184	1.44513	-0.297541	0.00299438	0.745419	-0.301595	-0.545216	1.29713	-0.0556678	
-0.0100291	2.40523	-0.808594	-0.940463	-0.262266	-0.492589	-0.190707	-0.336565	-0.629862	-0.925232	0.735103	-1.17998	0.0706475	0.5879	1.55661	-0.733308	0.259616	-0.0139077	-0.205927	-0.6625	1.42301	-0.249455	9.64579e-05	0.896148	-0.426239	-0.464086	0.62783	-0.0307212	
-0.0295914	2.52161	-0.900604	-1.00696	-0.305834	-0.46893	-0.17403	-0.324097	-0.456985	-0.83034	0.714383	-1.10946	0.181711	0.552894	1.56697	-0.83583	0.203122	-0.0133984	-0.133729	-0.518452	1.37829	-0.232663	0.0367894	0.99846	-0.557799	-0.385798	0.15279	-0.0227598	
-0.0627695	2.54101	-1.04045	-1.16376	-0.350412	-0.461272	-0.112101	-0.306346	-0.203624	-0.748372	0.569462	-1.08729	0.198905	0.557646	1.83885	-0.923105	0.0656903	0.0154109	-0.0475258	-0.345922	1.28827	-0.273776	0.0901131	1.0377	-0.679145	-0.344371	-0.00415917	-0.0489146	
-0.120149	2.51649	-1.2139	-1.35252	-0.404352	-0.4854	-0.0288554	-0.285121	0.0558573	-0.693422	0.330634	-1.07913	0.149091	0.682263	2.297	-0.976288	-0.141187	0.046341	0.0196601	-0.178049	1.12868	-0.377309	0.134497	1.01353	-0.761215	-0.36659	0.204198	-0.115042	
-0.204748	2.48404	-1.38755	-1.5204	-0.467693	-0.543227	0.0493067	-0.26372	0.257457	-0.660772	0.103382	-1.07685	0.11777	0.961194	2.769	-0.97768	-0.386586	0.0497833	0.0497729	-0.0382338	0.897339	-0.525769	0.149525	0.949008	-0.787437	-0.449234	0.662009	-0.209972	
-0.309482	2.4552	-1.52034	-1.63363	-0.527106	-0.608669	0.107961	-0.235082	0.366051	-0.632388	-0.0213324	-1.128	0.175862	1.31616	3.10334	-0.914708	-0.630277	0.00686573	0.0395686	0.0649231	0.617731	-0.680351	0.130546	0.874176	-0.730918	-0.568376	1.18294	-0.300957	
-0.413356	2.40194	-1.5751	-1.69862	-0.547466	-0.647117	0.147905	-0.187876	0.391075	-0.582406	0.028101	-1.29772	0.332023	1.64906	3.13509	-0.783458	-0.806783	-0.0769611	0.0138376	0.137429	0.356946	-0.792371	0.0934825	0.825859	-0.593629	-0.673335	1.50829	-0.345139	
-0.495105	2.27235	-1.53304	-1.7484	-0.503184	-0.62032	0.176947	-0.111929	0.378891	-0.486313	0.253442	-1.64723	0.566706	1.80655	2.79518	-0.585791	-0.849899	-0.177774	0.0114925	0.19909	0.202984	-0.828543	0.0623016	0.8298	-0.398157	-0.709112	1.43526	-0.296498	
-0.531501	2.02152	-1.39003	-1.82617	-0.380841	-0.51478	0.20084	-0.00553017	0.38449	-0.343026	0.610158	-2.19204	0.849101	1.69589	2.10678	-0.345284	-0.70595	-0.260255	0.0585132	0.263145	0.230001	-0.772015	0.0560834	0.87649	-0.178059	-0.637396	0.869701	-0.140151	
-0.512069	1.62125	-1.16469	-1.96592	-0.190629	-0.349553	0.222298	0.113852	0.455456	-0.169379	1.01193	-2.8793	1.13598	1.28645	1.20787	-0.0982442	-0.355062	-0.293855	0.165439	0.337835	0.484455	-0.639	0.0825343	0.934093	0.0295348	-0.457745	-0.117047	0.103202	
-0.435685	1.10806	-0.88547	-2.16802	0.0416753	-0.168316	0.232634	0.212828	0.59988	-0.00809404	1.35827	-3.60646	1.39107	0.616137	0.317812	0.110292	0.177969	-0.265301	0.304706	0.411044	0.958503	-0.46626	0.131871	0.947105	0.193311	-0.2079	-1.28547	0.383476	
-0.314828	0.556455	-0.580958	-2.40185	0.282392	-0.0352458	0.219291	0.244889	0.784544	0.0889433	1.59241	-4.22569	1.5947	-0.154152	-0.382802	0.232421	0.829876	-0.187144	0.426812	0.453078	1.59089	-0.30105	0.178549	0.867189	0.308125	0.0554293	-2.35333	0.630724	
-0.16975	0.0741863	-0.278839	-2.59985	0.484636	-0.000697715	0.164283	0.170806	0.938999	0.0851287	1.70136	-4.59959	1.76388	-0.877126	-0.745427	0.24827	1.49692	-0.0930007	0.468862	0.429295	2.27252	-0.184739	0.189473	0.67703	0.391151	0.270957	-3.05658	0.77748	
-0.0186176	-0.230394	0.00204947	-2.70043	0.62914	-0.0837039	0.0569387	-0.0223704	0.98867	-0.0278956	1.70816	-4.64303	1.88453	-1.36574	-0.77686	0.165832	2.08199	-0.0209288	0.38792	0.312124	2.89367	-0.12946	0.143211	0.392851	0.468274	0.410603	-3.29839	0.79151	
0.118379	-0.306075	0.237978	-2.6602	0.692388	-0.250518	-0.103622	-0.310859	0.87691	-0.220808	1.66691	-4.36248	1.97027	-1.51958	-0.584764	0.0323656	2.50835	-0.00382066	0.175532	0.0939282	3.36204	-0.125202	0.0312486	0.0743528	0.546751	0.494479	-3.13269	0.698356	
0.226386	-0.150323	0.405833	-2.47419	0.669606	-0.437801	-0.305717	-0.634114	0.590811	-0.430807	1.62487	-3.83376	2.00782	-1.30395	-0.327872	-0.0793724	2.73473	-0.0567597	-0.138724	-0.206841	3.61862	-0.142496	-0.136525	-0.210314	0.607873	0.569409	-2.7425	0.55573	
0.290754	0.155089	0.475373	-2.19165	0.559055	-0.573846	-0.520677	-0.910193	0.180263	-0.572413	1.60725	-3.19678	1.97789	-0.759693	-0.165507	-0.0874544	2.7694	-0.173626	-0.484784	-0.536972	3.65801	-0.152172	-0.334914	-0.392528	0.625479	0.692118	-2.37941	0.441551	
0.304524	0.478694	0.424141	-1.89168	0.372674	-0.596252	-0.719727	-1.0591	-0.255506	-0.560848	1.60253	-2.61305	1.89538	-0.0277	-0.190325	0.0751604	2.65851	-0.326304	-0.777905	-0.82298	3.51936	-0.135591	-0.529838	-0.429268	0.544238	0.89779	-2.26941	0.432093	
0.264402	0.684658	0.248702	-1.66536	0.130271	-0.490097	-0.871467	-1.03018	-0.596551	-0.34537	1.59909	-2.20262	1.78129	0.727187	-0.409405	0.427328	2.46625	-0.481262	-0.945216	-0.991339	3.26743	-0.0955214	-0.690584	-0.325213	0.352273	1.17151	-2.54387	0.56326	
0.170277	0.663373	-0.0357324	-1.57884	-0.137846	-0.293214	-0.950765	-0.827932	-0.740416	0.0748741	1.56842	-2.03253	1.67934	1.34153	-0.707436	0.937068	2.2471	-0.60887	-0.954014	-0.990469	2.96822	-0.0592624	-0.795331	-0.124132	0.0554568	1.45206	-3.13147	0.810131	
0.032206	0.390569	-0.383994	-1.65652	-0.396914	-0.0818866	-0.951701	-0.504283	-0.628026	0.649086	1.49217	-2.07634	1.64622	1.68883	-0.934417	1.52557	2.03645	-0.692897	-0.819306	-0.804328	2.67394	-0.0588342	-0.83823	0.0965948	-0.29358	1.65114	-3.86534	1.1034	
-0.138425	-0.0846638	-0.740124	-1.87059	-0.612339	0.0612199	-0.879941	-0.151113	-0.269493	1.28114	1.38403	-2.25239	1.70436	1.72241	-0.951199	2.08612	1.84601	-0.736254	-0.598033	-0.463935	2.41507	-0.125354	-0.829782	0.265106	-0.61786	1.69386	-4.49905	1.36078	
-0.324931	-0.639426	-1.04474	-2.14607	-0.750617	0.0689898	-0.755467	0.132403	0.264372	1.86331	1.26226	-2.43021	1.83536	1.48463	-0.694214	2.52138	1.66149	-0.753886	-0.368696	-0.0333986	2.19354	-0.271675	-0.786977	0.330717	-0.854837	1.54518	-4.81291	1.50398	
-0.510024	-1.11823	-1.2614	-2.39343	-0.811987	-0.0729567	-0.608068	0.277295	0.867354	2.29924	1.15882	-2.4873	1.99953	1.08845	-0.209424	2.76639	1.46834	-0.767982	-0.200181	0.408766	1.99698	-0.48475	-0.732848	0.282329	-0.967108	1.24236	-4.73385	1.50326	
-0.678338	-1.40895	-1.38088	-2.53967	-0.793159	-0.324576	-0.463654	0.257115	1.42565	2.52399	1.075	-2.36484	2.13219	0.696226	0.379552	2.79756	1.26066	-0.793811	-0.130009	0.78567	1.81515	-0.733462	-0.679639	0.146718	-0.96387	0.876307	-4.30096	1.38358	
-0.817225	-1.44518	-1.42248	-2.54666	-0.724669	-0.611643	-0.337806	0.108101	1.85425	2.51998	1.02326	-2.05196	2.1815	0.415425	0.912435	2.64552	1.04422	-0.835238	-0.1524	1.04822	1.6366	-0.97599	-0.62996	-0.0255881	-0.897589	0.550315	-3.67265	1.20674	
-0.924194	-1.2463	-1.42908	-2.4238	-0.631935	-0.850965	-0.231662	-0.103993	2.11038	2.30646	0.982642	-1.6093	2.11047	0.348685	1.25897	2.35933	0.840514	-0.884149	-0.221311	1.1773	1.4647	-1.18219	-0.576268	-0.171349	-0.826257	0.351825	-3.04277	1.0438	
-0.991635	-0.912171	-1.42954	-2.23382	-0.523622	-0.98068	-0.1318	-0.29223	2.20286	1.9352	0.934401	-1.15301	1.9601	0.459774	1.33692	1.99986	0.676065	-0.914538	-0.264947	1.189	1.31726	-1.33	-0.493159	-0.23819	-0.770836	0.303476	-2.60053	0.945306	
-1.01772	-0.578602	-1.44249	-2.05238	-0.403071	-0.97503	-0.00934997	-0.387047	2.17345	1.46441	0.878571	-0.797083	1.76809	0.659993	1.1653	1.60226	0.576281	-0.897231	-0.211114	1.11675	1.2187	-1.41844	-0.35327	-0.191643	-0.737241	0.365365	-2.44779	0.929832	
-0.999554	-0.378935	-1.45446	-1.95402	-0.242603	-0.863822	0.163118	-0.362583	2.0646	0.939694	0.822161	-0.636624	1.59444	0.83051	0.821187	1.17872	0.545497	-0.805724	-0.0199841	0.993254	1.18874	-1.46051	-0.130665	-0.0311069	-0.671464	0.450768	-2.54092	0.959789	
-0.932157	-0.365771	-1.43546	-1.96908	-0.0311795	-0.697494	0.397719	-0.226564	1.9057	0.390311	0.791103	-0.679558	1.47978	0.831518	0.402542	0.724344	0.569786	-0.625198	0.306694	0.839033	1.23152	-1.46792	0.180966	0.21817	-0.526047	0.472512	-2.76653	0.980755	
-0.819083	-0.531751	-1.35172	-2.08804	0.24145	-0.535563	0.684033	-0.0309605	1.69443	-0.17268	0.808163	-0.883955	1.44071	0.630073	-0.0052136	0.21603	0.620488	-0.361091	0.723972	0.654201	1.33705	-1.45422	0.563603	0.5161	-0.25013	0.37999	-2.96919	0.94281	
-0.665994	-0.783275	-1.18672	-2.25263	0.545791	-0.417413	0.984444	0.171691	1.40694	-0.740273	0.906367	-1.13399	1.45072	0.252775	-0.375024	-0.341611	0.660247	-0.0328974	1.16111	0.42877	1.47081	-1.41753	0.977579	0.814528	0.118451	0.186831	-3.01813	0.82792	
-0.489634	-0.987613	-0.956775	-2.36933	0.813561	-0.340249	1.23363	0.331939	1.00629	-1.30434	1.0907	-1.28163	1.4693	-0.14025	-0.738178	-0.934833	0.669829	0.320617	1.53953	0.145284	1.595	-1.3531	1.35625	1.07829	0.496703	-0.0240824	-2.90059	0.673161	
-0.30228	-1.03841	-0.697714	-2.36787	0.982361	-0.276771	1.36607	0.430439	0.469829	-1.84441	1.35047	-1.22789	1.46841	-0.388679	-1.16971	-1.51526	0.63987	0.662872	1.79959	-0.199579	1.67589	-1.24647	1.64044	1.28267	0.785743	-0.148265	-2.67278	0.540913	
-0.116599	-0.883038	-0.464544	-2.19641	0.987714	-0.181757	1.33746	0.479297	-0.189089	-2.32644	1.65428	-0.92019	1.41904	-0.361224	-1.7147	-2.02258	0.584269	0.962795	1.91752	-0.588251	1.69405	-1.08886	1.78563	1.42257	0.862724	-0.107503	-2.45389	0.507181	
0.0610095	-0.556806	-0.300678	-1.86241	0.803102	-0.0214023	1.12268	0.500716	-0.929716	-2.71594	1.96698	-0.406393	1.36803	0.00182175	-2.39318	-2.40291	0.533248	1.20087	1.90231	-0.986166	1.65733	-0.881328	1.77187	1.51307	0.697661	0.127209	-2.3866	0.615115	
0.237552	-0.157174	-0.218608	-1.41426	0.464425	0.213133	0.744424	0.527834	-1.68083	-2.98305	2.24773	0.205817	1.32278	0.612806	-3.17397	-2.61663	0.521445	1.37836	1.79757	-1.34575	1.60194	-0.631982	1.62262	1.57779	0.340008	0.50049	-2.55382	0.858821	
0.422279	0.168007	-0.197049	-0.93608	0.0555963	0.496066	0.264328	0.573377	-2.35927	-3.10948	2.45199	0.755592	1.30433	1.31214	-3.97028	-2.66435	0.585128	1.50687	1.66004	-1.61975	1.58284	-0.360254	1.39117	1.65301	-0.0703903	0.903554	-2.98196	1.18199	
0.628699	0.321933	-0.189888	-0.501368	-0.318446	0.769866	-0.240453	0.635006	-2.90226	-3.09983	2.55284	1.13639	1.27131	1.89351	-4.69472	-2.56399	0.73542	1.60729	1.53643	-1.77857	1.64364	-0.0835987	1.14473	1.75711	-0.382905	1.22229	-3.58578	1.4848	
0.861602	0.288414	-0.146405	-0.148065	-0.570706	0.983565	-0.696502	0.69155	-3.27964	-2.98012	2.51865	1.30789	1.1648	2.18065	-5.28382	-2.36104	0.971915	1.69241	1.44833	-1.82239	1.8106	0.182315	0.938146	1.89522	-0.459016	1.3772	-4.24654	1.68041	
1.11488	0.137774	-0.0341429	0.121238	-0.666106	1.09033	-1.05332	0.712479	-3.49344	-2.78403	2.35209	1.31629	0.912961	2.11032	-5.7056	-2.10521	1.26828	1.76569	1.39137	-1.7699	2.06844	0.428356	0.798616	2.0483	-0.271498	1.35677	-4.81827	1.70677	
1.36837	0.0169437	0.147195	0.35129	-0.627168	1.06999	-1.2938	0.672041	-3.57446	-2.54798	2.07639	1.29573	0.463719	1.74036	-5.97212	-1.84168	1.58691	1.81473	1.33552	-1.65908	2.36778	0.646962	0.718009	2.16889	0.102075	1.20635	-5.18571	1.55215	
1.59445	0.0948851	0.359702	0.608049	-0.546693	0.947317	-1.44622	0.555443	-3.56389	-2.29714	1.73441	1.41011	-0.143356	1.22714	-6.12969	-1.60388	1.89508	1.81547	1.24111	-1.53081	2.6392	0.836852	0.649333	2.21593	0.490941	1.03426	-5.3575	1.2689	
1.77253	0.49796	0.552742	0.950854	-0.52607	0.762588	-1.55717	0.370833	-3.4985	-2.04487	1.39507	1.80074	-0.833656	0.747664	-6.24216	-1.4035	2.15984	1.75017	1.07572	-1.41539	2.81416	0.99926	0.539039	2.14564	0.710947	0.92686	-5.38673	0.934846	
1.89184	1.23844	0.676483	1.38657	-0.629155	0.567411	-1.66258	0.135533	-3.39041	-1.79105	1.11841	2.48707	-1.47062	0.434215	-6.33109	-1.24871	2.36466	1.612	0.829218	-1.32734	2.85184	1.13461	0.350201	1.94348	0.636965	0.931618	-5.36719	0.627004	
1.95363	2.22737	0.703032	1.88431	-0.88411	0.395323	-1.79512	-0.129032	-3.24161	-1.53322	0.961801	3.40602	-1.8984	0.367281	-6.37635	-1.14083	2.49947	1.4107	0.51173	-1.26575	2.7412	1.23961	0.0681564	1.61841	0.226101	1.0381	-5.37749	0.389069	
1.96959	3.26579	0.642986	2.3655	-1.22822	0.2656	-1.94813	-0.398657	-3.04108	-1.26609	0.942459	4.38692	-2.04777	0.489399	-6.33576	-1.07188	2.56487	1.17183	0.155685	-1.21727	2.52101	1.30907	-0.276265	1.21014	-0.400355	1.17784	-5.43491	0.227092	
1.94474	4.11066	0.529039	2.74366	-1.55786	0.16767	-2.08244	-0.658168	-2.76953	-0.981935	1.03024	5.22947	-1.94118	0.686406	-6.12091	-1.02617	2.55968	0.924342	-0.191256	-1.15578	2.2446	1.33047	-0.623717	0.780614	-1.06938	1.26704	-5.48373	0.112843	
1.86898	4.58071	0.404815	2.96633	-1.76056	0.0679948	-2.15553	-0.8956	-2.42922	-0.686342	1.16256	5.81408	-1.66123	0.837978	-5.68467	-0.982478	2.46935	0.684293	-0.49614	-1.06607	1.95762	1.28592	-0.912535	0.372174	-1.57121	1.24313	-5.41295	-0.00199446	
1.71528	4.5961	0.293776	3.03296	-1.77055	-0.0521655	-2.12567	-1.10075	-2.03052	-0.385341	1.24673	6.10746	-1.37466	0.862968	-5.00006	-0.918329	2.27668	0.448815	-0.73561	-0.936358	1.67865	1.16138	-1.09958	0.0215392	-1.7809	1.11323	-5.10616	-0.139524	
1.44194	4.20389	0.196376	3.00326	-1.59488	-0.220747	-1.98054	-1.26548	-1.6015	-0.0909869	1.20767	6.20893	-1.216	0.80537	-4.08637	-0.818564	1.9558	0.191999	-0.911958	-0.763494	1.3886	0.939889	-1.18209	-0.277824	-1.67892	0.916133	-4.4625	-0.308631	
1.01654	3.53301	0.0919553	2.9653	-1.29289	-0.434636	-1.72346	-1.37817	-1.16556	0.187354	1.01352	6.26796	-1.29169	0.728885	-3.00142	-0.681337	1.49803	-0.120273	-1.03907	-0.551091	1.05451	0.620485	-1.18802	-0.546882	-1.35127	0.734405	-3.45901	-0.487804	
0.435936	2.78508	-0.0530796	3.01459	-0.978215	-0.665934	-1.40192	-1.43221	-0.751511	0.437479	0.671947	6.4447	-1.55965	0.752064	-1.85663	-0.527142	0.921125	-0.512668	-1.13794	-0.312551	0.640637	0.222004	-1.17565	-0.806105	-0.960959	0.649956	-2.21333	-0.630639	
-0.248223	2.12714	-0.250036	3.18919	-0.748293	-0.870651	-1.07036	-1.41932	-0.378283	0.64871	0.248139	6.805	-1.89049	0.937416	-0.800037	-0.394763	0.277444	-0.971822	-1.2224	-0.066111	0.145505	-0.206622	-1.19231	-1.06265	-0.645895	0.701553	-0.93716	-0.705289	
-0.940043	1.6413	-0.485051	3.45928	-0.644393	-0.999858	-0.76854	-1.34327	-0.0536672	0.813857	-0.164411	7.26659	-2.14992	1.25259	0.0406019	-0.332769	-0.346534	-1.4433	-1.28481	0.171022	-0.38194	-0.598975	-1.25287	-1.28655	-0.489789	0.872917	0.149366	-0.701463	
-1.51058	1.3362	-0.705755	3.7198	-0.638717	-1.02586	-0.529756	-1.22002	0.202693	0.90976	-0.476111	7.63782	-2.15249	1.6091	0.546915	-0.393825	-0.853409	-1.83719	-1.31209	0.365545	-0.854019	-0.879678	-1.33472	-1.43424	-0.461133	1.09169	0.85098	-0.651534	
-1.83593	1.1352	-0.847183	3.83498	-0.653286	-0.915862	-0.352311	-1.06059	0.382608	0.929978	-0.633827	7.67325	-1.87984	1.81819	0.647112	-0.595185	-1.15149	-2.04995	-1.27142	0.497654	-1.1683	-0.980852	-1.37529	-1.4286	-0.478306	1.28225	1.05825	-0.581883	
-1.84456	0.942148	-0.854438	3.68268	-0.577373	-0.685398	-0.213077	-0.882908	0.474914	0.873361	-0.649222	7.19005	-1.39302	1.72615	0.341882	-0.913164	-1.19784	-2.00544	-1.13718	0.554393	-1.24989	-0.880553	-1.30145	-1.21684	-0.406829	1.35967	0.797928	-0.534621	
-1.54104	0.686766	-0.706075	3.21047	-0.344774	-0.366329	-0.0812989	-0.694484	0.479275	0.748759	-0.565707	6.15678	-0.817911	1.24866	-0.300859	-1.28491	-1.00936	-1.68651	-0.902664	0.537525	-1.09325	-0.60041	-1.06249	-0.790711	-0.171406	1.29356	0.188558	-0.530805	
-1.01896	0.384909	-0.442426	2.4692	0.0412914	-0.00329831	0.0633139	-0.495092	0.405693	0.583388	-0.461651	4.74113	-0.346166	0.427297	-1.15071	-1.61214	-0.666166	-1.15319	-0.583604	0.46944	-0.773415	-0.214319	-0.660179	-0.193012	0.207829	1.10759	-0.580335	-0.54706	
-0.431826	0.0961665	-0.141681	1.58068	0.506369	0.341775	0.226908	-0.279187	0.281748	0.408972	-0.423253	3.24447	-0.0854166	-0.543194	-2.00949	-1.80231	-0.301196	-0.527764	-0.225205	0.383346	-0.433155	0.170777	-0.151217	0.46788	0.647448	0.846218	-1.29564	-0.552857	
0.0375588	-0.0979423	0.0883959	0.728669	0.922159	0.625347	0.402802	-0.0348991	0.160905	0.275717	-0.498248	2.03382	-0.13238	-1.44177	-2.65486	-1.77511	-0.0552364	0.0295736	0.121652	0.330605	-0.232047	0.439468	0.36258	1.06619	0.987342	0.574368	-1.77146	-0.493823	
0.250946	-0.118098	0.157125	0.068079	1.1698	0.810807	0.567555	0.235733	0.0887495	0.210468	-0.70057	1.38059	-0.411929	-2.03745	-2.89687	-1.508	-0.0363535	0.381149	0.402166	0.339314	-0.29986	0.511884	0.76915	1.479	1.1018	0.33601	-1.90891	-0.342915	
0.152568	0.0550245	0.0181008	-0.31257	1.1625	0.901557	0.6907	0.52862	0.107598	0.236025	-1.00302	1.3837	-0.784052	-2.16873	-2.66216	-1.03383	-0.279605	0.453127	0.583448	0.426761	-0.687534	0.37062	0.982059	1.63972	0.909369	0.161474	-1.74044	-0.0916566	
-0.221834	0.356473	-0.314028	-0.426333	0.913494	0.911878	0.765639	0.822397	0.237544	0.353673	-1.34758	1.90739	-1.14173	-1.82472	-1.95609	-0.429927	-0.743101	0.257785	0.663166	0.583733	-1.33668	0.0551127	0.977882	1.55062	0.448803	0.045059	-1.33403	0.22476	
-0.74938	0.663818	-0.760942	-0.374202	0.51442	0.873529	0.797969	1.09215	0.459806	0.533819	-1.67591	2.63153	-1.3606	-1.13284	-0.909499	0.197832	-1.32265	-0.108304	0.658497	0.767883	-2.10798	-0.337503	0.801195	1.27221	-0.154012	-0.0378803	-0.77888	0.545285	
-1.27898	0.870217	-1.22349	-0.288852	0.0947313	0.828552	0.805107	1.31062	0.728434	0.742679	-1.93595	3.213	-1.43983	-0.317571	0.267755	0.754133	-1.88105	-0.508752	0.607744	0.927666	-2.82552	-0.699907	0.540252	0.918705	-0.750372	-0.0926193	-0.18366	0.816321	
-1.67146	0.898629	-1.60224	-0.295827	-0.211114	0.800201	0.814026	1.45849	0.98226	0.940244	-2.1092	3.369	-1.40686	0.389655	1.35544	1.17511	-2.30672	-0.806997	0.547205	1.01131	-3.33856	-0.944234	0.302914	0.600142	-1.19148	-0.129066	0.377238	0.991248	
-1.84866	0.758338	-1.83159	-0.447731	-0.333083	0.797719	0.839982	1.52966	1.16899	1.10266	-2.18402	3.0167	-1.3438	0.819521	2.15243	1.44515	-2.53029	-0.919635	0.501933	0.995438	-3.56453	-1.03006	0.170089	0.395894	-1.40785	-0.141405	0.83424	1.05327	
-1.8095	0.537677	-1.89544	-0.715127	-0.269741	0.809565	0.886843	1.52606	1.24882	1.20881	-2.16405	2.27674	-1.32851	0.912189	2.56671	1.58261	-2.54716	-0.839314	0.472171	0.874469	-3.50849	-0.975005	0.170371	0.3308	-1.40656	-0.116672	1.15229	1.01881	
-1.6126	0.358001	-1.8171	-1.00364	-0.0946406	0.819239	0.932654	1.47109	1.21445	1.2589	-2.07135	1.41357	-1.37692	0.709815	2.597	1.63825	-2.40869	-0.624766	0.437998	0.674647	-3.25114	-0.833743	0.274499	0.372257	-1.25587	-0.058498	1.30781	0.928151	
-1.35964	0.350612	-1.65146	-1.19106	0.0851693	0.801923	0.943716	1.38069	1.08796	1.26267	-1.92687	0.757239	-1.49255	0.365706	2.35062	1.65974	-2.19455	-0.38239	0.373145	0.43743	-2.90932	-0.686637	0.407411	0.45843	-1.04063	0.0187834	1.27434	0.81888	
-1.1363	0.576275	-1.45426	-1.1821	0.168227	0.750352	0.885455	1.2806	0.901626	1.22921	-1.75335	0.535961	-1.59836	0.0153212	1.97441	1.68392	-1.97973	-0.207034	0.255246	0.201312	-2.59109	-0.588116	0.488417	0.520683	-0.857622	0.0850356	1.06733	0.727936	
-0.98796	1.02818	-1.26322	-0.950081	0.0964402	0.67118	0.72923	1.18298	0.692199	1.16966	-1.5793	0.827589	-1.63528	-0.182273	1.57456	1.71379	-1.78994	-0.153712	0.0854535	-0.00429468	-2.35034	-0.5551	0.456996	0.526878	-0.733094	0.1235	0.639731	0.665598	
-0.90875	1.61048	-1.0944	-0.54723	-0.113354	0.593537	0.481519	1.10115	0.488994	1.08995	-1.43561	1.50842	-1.5952	-0.163759	1.2011	1.73139	-1.61816	-0.212301	-0.105504	-0.169803	-2.17898	-0.560898	0.309415	0.491157	-0.67772	0.132947	0.00167143	0.639306	
-0.852772	2.18824	-0.94052	-0.0771285	-0.399941	0.552441	0.174221	1.04579	0.308207	0.993016	-1.34433	2.32897	-1.50924	0.0299823	0.829671	1.7129	-1.42705	-0.31929	-0.269953	-0.297907	-2.02865	-0.548413	0.0933049	0.460176	-0.667612	0.125596	-0.803901	0.643576	
-0.771507	2.65322	-0.797229	0.342966	-0.67379	0.566981	-0.134568	1.01302	0.154275	0.876313	-1.32081	3.04022	-1.45056	0.315911	0.409984	1.6247	-1.18069	-0.396428	-0.357122	-0.40069	-1.8424	-0.472268	-0.116562	0.495489	-0.683135	0.133045	-1.69665	0.667658	
-0.626243	2.92495	-0.660573	0.62099	-0.86498	0.644636	-0.380172	1.00608	0.035834	0.747055	-1.35432	3.43097	-1.47885	0.558367	-0.109734	1.45749	-0.871116	-0.373387	-0.329021	-0.477324	-1.58747	-0.303314	-0.239996	0.637653	-0.736081	0.190018	-2.56387	0.701775	
-0.419028	3.01907	-0.539657	0.721738	-0.931055	0.756052	-0.508821	1.01191	-0.0315016	0.61495	-1.42526	3.45398	-1.64782	0.686855	-0.745564	1.21138	-0.520806	-0.230426	-0.175246	-0.516461	-1.27309	-0.0604669	-0.229332	0.893952	-0.809519	0.300478	-3.3375	0.730569	
-0.182893	2.98248	-0.453222	0.665835	-0.87812	0.867468	-0.484604	1.0237	-0.0319665	0.486323	-1.48964	3.1628	-1.95033	0.629584	-1.43114	0.90772	-0.187945	0.00604641	0.0794941	-0.500821	-0.947025	0.208842	-0.0787965	1.22431	-0.938908	0.452618	-3.89499	0.75257	
0.0377302	2.87667	-0.408395	0.501007	-0.740431	0.930476	-0.316071	1.02896	0.0454723	0.365794	-1.51658	2.68135	-2.30555	0.40558	-2.04514	0.579269	0.0677983	0.272456	0.379755	-0.414327	-0.665466	0.445738	0.167666	1.55007	-1.07456	0.592738	-4.19121	0.748564	
0.202023	2.76007	-0.410749	0.280446	-0.552574	0.911942	-0.0384086	1.01205	0.198023	0.250704	-1.48829	2.14114	-2.61668	0.0749978	-2.44204	0.25697	0.198305	0.497846	0.662098	-0.256775	-0.476623	0.599202	0.443822	1.7863	-1.18591	0.662688	-4.17104	0.699853	
0.299711	2.6404	-0.439428	0.0473702	-0.358991	0.810143	0.277901	0.965708	0.392368	0.13195	-1.39209	1.61546	-2.76273	-0.288547	-2.52555	-0.0280595	0.196033	0.635341	0.864786	-0.0532938	-0.391541	0.658739	0.677938	1.8672	-1.21318	0.620505	-3.84818	0.599435	
0.349472	2.4914	-0.46425	-0.187408	-0.166473	0.647504	0.560587	0.885559	0.575827	-9.21589e-05	-1.2559	1.11387	-2.6676	-0.626964	-2.28861	-0.256688	0.106381	0.67646	0.956467	0.150544	-0.371763	0.644286	0.823843	1.77971	-1.07947	0.450544	-3.30174	0.453884	
0.393968	2.25768	-0.452692	-0.426149	0.0230675	0.474625	0.748952	0.782603	0.688917	-0.144121	-1.10831	0.577287	-2.33329	-0.889297	-1.83261	-0.410687	-0.00444715	0.656037	0.938951	0.30409	-0.353379	0.608681	0.873901	1.55667	-0.790759	0.204518	-2.62809	0.283272	
0.469318	1.92206	-0.382704	-0.657933	0.207114	0.338041	0.800222	0.672311	0.6806	-0.288904	-0.984203	-0.00844229	-1.79041	-1.08041	-1.33498	-0.479925	-0.063739	0.622797	0.838487	0.363277	-0.274577	0.600097	0.845659	1.26807	-0.370953	-0.055762	-1.98479	0.129082	
0.591609	1.49817	-0.260421	-0.857004	0.368299	0.269583	0.716704	0.5726	0.53509	-0.412019	-0.902689	-0.629316	-1.13161	-1.23159	-0.956114	-0.463785	-0.0288504	0.621735	0.700362	0.315727	-0.105329	0.645205	0.776429	0.991379	0.0575379	-0.247205	-1.46031	0.0252039	
0.754386	1.02359	-0.101049	-0.985263	0.469416	0.265944	0.521051	0.499746	0.278013	-0.479738	-0.867647	-1.22666	-0.443533	-1.34871	-0.807005	-0.366711	0.109912	0.672429	0.563897	0.185756	0.154646	0.742813	0.696944	0.781222	0.394596	-0.313785	-1.16293	-0.011932	
0.920912	0.579105	0.0587541	-1.00403	0.492749	0.290539	0.272745	0.455157	-0.0199581	-0.465132	-0.883655	-1.6986	0.164143	-1.453	-0.890285	-0.205685	0.325393	0.759654	0.460718	0.0268492	0.464795	0.852349	0.631278	0.661138	0.549589	-0.251072	-1.10465	0.00961003	
1.04823	0.231276	0.185462	-0.890345	0.410826	0.299372	0.0292036	0.436694	-0.278306	-0.360127	-0.921049	-1.9632	0.621465	-1.53404	-1.11158	-0.00551684	0.562445	0.84496	0.394704	-0.102041	0.766325	0.926001	0.578766	0.612239	0.484163	-0.0920688	-1.24334	0.0688784	
1.1054	0.00811077	0.261781	-0.672343	0.244354	0.240833	-0.155744	0.428007	-0.422263	-0.180493	-0.983194	-2.00793	0.911136	-1.58539	-1.31185	0.204446	0.773671	0.886485	0.355535	-0.152046	1.0151	0.921416	0.531214	0.589158	0.275913	0.0783082	-1.48131	0.121116	
1.08132	-0.104361	0.2747	-0.418898	0.0390431	0.0881792	-0.243951	0.410416	-0.412751	0.033306	-1.06189	-1.89929	1.01251	-1.55498	-1.30352	0.393495	0.913361	0.856748	0.322248	-0.106008	1.17554	0.821669	0.477881	0.534388	-0.00097613	0.181857	-1.6319	0.121286	
0.990952	-0.150512	0.237923	-0.219101	-0.140668	-0.148951	-0.231063	0.3668	-0.259814	0.225848	-1.14385	-1.75346	0.959062	-1.44556	-0.991269	0.535431	0.972208	0.75517	0.274789	0.0123722	1.24739	0.644494	0.41542	0.415835	-0.208553	0.157865	-1.57337	0.0540435	
0.862748	-0.178392	0.161586	-0.155528	-0.227023	-0.428798	-0.131444	0.288673	-0.00995317	0.349626	-1.22936	-1.69496	0.802233	-1.27805	-0.380708	0.621596	0.960481	0.605191	0.211112	0.157509	1.2429	0.428791	0.352887	0.237707	-0.266945	-0.00729644	-1.22495	-0.070209	
0.728736	-0.242395	0.0596567	-0.26482	-0.201542	-0.685285	0.0163744	0.186641	0.272058	0.385644	-1.29466	-1.81762	0.618469	-1.06664	0.412967	0.661137	0.8995	0.443389	0.138398	0.282306	1.18539	0.227212	0.30189	0.0333189	-0.17328	-0.261679	-0.637551	-0.208175	
0.606972	-0.352702	-0.0608002	-0.524871	-0.0733818	-0.8707	0.176542	0.0743078	0.535124	0.348483	-1.33033	-2.12101	0.479375	-0.867189	1.21345	0.676547	0.811716	0.301467	0.0779159	0.361344	1.08865	0.0767006	0.278119	-0.144765	0.0105708	-0.538342	0.0821213	-0.315878	
0.495636	-0.499768	-0.204364	-0.852082	0.0859098	-0.949128	0.311757	-0.0239266	0.744686	0.274578	-1.31036	-2.53309	0.46467	-0.713074	1.87943	0.685576	0.704052	0.192186	0.0432817	0.394163	0.954914	-0.0103969	0.277945	-0.25471	0.156063	-0.756843	0.789776	-0.347438	
0.393875	-0.696747	-0.357693	-1.15515	0.201744	-0.930362	0.404995	-0.0920946	0.906306	0.217943	-1.24854	-2.98816	0.616254	-0.622085	2.32895	0.704753	0.595689	0.117452	0.0439348	0.417414	0.802759	-0.0384007	0.294896	-0.27843	0.186222	-0.861951	1.33883	-0.302956	
0.294806	-0.957369	-0.518781	-1.35577	0.207868	-0.853161	0.456766	-0.119867	1.04643	0.22121	-1.18262	-3.40833	0.91669	-0.565661	2.60129	0.740934	0.498385	0.0651557	0.0734513	0.477771	0.649478	-0.0329245	0.310605	-0.235838	0.0266761	-0.838387	1.6823	-0.201657	
0.210985	-1.32643	-0.657476	-1.42543	0.088201	-0.763965	0.479077	-0.106383	1.18734	0.293211	-1.15166	-3.7939	1.30688	-0.528634	2.77323	0.780353	0.440628	0.0327438	0.11392	0.605956	0.545997	-0.0131193	0.315213	-0.170612	-0.273918	-0.709516	1.82955	-0.0827846	
0.170141	-1.85671	-0.741245	-1.39409	-0.117274	-0.712697	0.489208	-0.0655708	1.33471	0.410656	-1.22188	-4.19468	1.69982	-0.489489	2.95897	0.803327	0.455124	0.0300992	0.144458	0.804564	0.550759	0.0126776	0.30956	-0.139465	-0.599439	-0.531088	1.88683	0.00217876	
0.204673	-2.58051	-0.741915	-1.33177	-0.333876	-0.718113	0.499034	-0.0148646	1.45501	0.508345	-1.41379	-4.69284	2.0107	-0.423286	3.26157	0.777702	0.563446	0.0774442	0.141587	1.02648	0.713513	0.050353	0.302956	-0.195031	-0.826011	-0.357589	2.00624	0.0300021	
0.342025	-3.45747	-0.637735	-1.31718	-0.46302	-0.77595	0.510652	0.0231427	1.49884	0.521118	-1.70621	-5.33083	2.17997	-0.374675	3.66581	0.688002	0.774408	0.198073	0.099421	1.20111	1.05267	0.119509	0.318642	-0.347044	-0.828994	-0.236954	2.28799	-0.0058387	
0.574903	-4.35205	-0.435502	-1.38461	-0.443461	-0.850561	0.50778	0.0305934	1.40772	0.398422	-2.02531	-6.05354	2.22146	-0.378637	4.08066	0.527732	1.05919	0.393373	0.0235539	1.24652	1.53031	0.228293	0.365765	-0.566211	-0.556382	-0.193207	2.71602	-0.0733366	
0.878642	-5.09499	-0.151433	-1.52086	-0.259544	-0.89379	0.471218	0.00175753	1.15666	0.136895	-2.26211	-6.76468	2.20496	-0.496102	4.33664	0.311224	1.37316	0.647075	-0.0634156	1.11651	2.06602	0.385374	0.447314	-0.786721	-0.0451675	-0.212625	3.14941	-0.131946	
1.18932	-5.48578	0.17143	-1.65612	0.0366419	-0.87356	0.386875	-0.0596348	0.770458	-0.211486	-2.30449	-7.27989	2.19739	-0.741538	4.2907	0.0746192	1.64162	0.906367	-0.133658	0.816991	2.53284	0.57371	0.542683	-0.92981	0.577973	-0.2721	3.38746	-0.149512	
1.43319	-5.37317	0.492272	-1.69616	0.368272	-0.777655	0.251955	-0.138693	0.309727	-0.570047	-2.08505	-7.43456	2.25426	-1.09093	3.86008	-0.149118	1.78996	1.10398	-0.168957	0.398692	2.81007	0.758461	0.619293	-0.936954	1.17434	-0.347262	3.25501	-0.111503	
1.54739	-4.73135	0.775167	-1.56439	0.640949	-0.62018	0.0826852	-0.215855	-0.12228	-0.836498	-1.61563	-7.14468	2.37384	-1.48238	3.08281	-0.320636	1.7736	1.17766	-0.155939	-0.0368034	2.81577	0.903104	0.643524	-0.778882	1.60924	-0.410038	2.65145	-0.0421475	
1.49428	-3.65627	0.99065	-1.23604	0.783633	-0.432927	-0.0872106	-0.269453	-0.430909	-0.939524	-0.990974	-6.4265	2.46777	-1.77682	2.11499	-0.41865	1.58091	1.09016	-0.0985166	-0.38929	2.53181	0.972826	0.589931	-0.48086	1.7861	-0.439854	1.64029	0.0299585	
