0.178656	0.54027	0.0349538	0.385923	0.0517867	0.232173	-0.245868	-0.281434	-0.118811	-0.102577	0.598165	0.122495	0.153697	-0.61076	-0.210271	-0.594346	-0.0449055	0.165725	-0.490712	-0.365964	-0.0883284	0.22718	-0.0409329	0.054907	0.266715	0.0949173	0.195493	-0.10817	
0.0446731	0.450886	-0.517992	0.381955	0.0138978	0.275278	0.105855	-0.0516041	0.331454	0.239272	-0.21032	-0.163084	-0.0958425	-0.891628	-0.129523	-0.483868	-0.128937	0.324979	-0.089196	0.0819987	-0.195638	0.270954	0.188341	0.284124	-0.317889	-0.00967621	0.224037	0.0674826	
-0.0381204	0.212163	-0.897564	0.317966	-0.023919	0.246657	0.422143	0.129637	0.751532	0.556853	-0.781467	-0.478878	-0.29404	-1.07338	-0.0495479	-0.328438	-0.165506	0.419042	0.254425	0.516895	-0.251377	0.286712	0.3737	0.427751	-0.810011	-0.118003	0.221281	0.173498	
-0.0474662	-0.120224	-0.95625	0.229135	-0.0332082	0.153719	0.622402	0.230913	1.02817	0.779383	-0.990171	-0.768691	-0.474502	-1.16223	-0.0394993	-0.211823	-0.100539	0.459503	0.472044	0.842591	-0.191416	0.295284	0.489452	0.472208	-1.06649	-0.234339	0.164916	0.157143	
0.000484283	-0.452724	-0.667847	0.164365	-0.0058825	0.0360064	0.656154	0.254914	1.08668	0.861687	-0.854844	-0.957897	-0.675785	-1.17459	-0.144689	-0.18134	0.0823826	0.466666	0.547119	0.995128	-0.00401258	0.319995	0.523717	0.438032	-1.04044	-0.339793	0.0366415	0.0299011	
0.0566858	-0.687225	-0.141603	0.157751	0.0456556	-0.0588674	0.53161	0.237858	0.923862	0.802845	-0.524063	-0.996091	-0.923505	-1.11357	-0.342482	-0.230069	0.341124	0.459062	0.51221	0.966004	0.257895	0.3694	0.487867	0.369061	-0.789575	-0.411328	-0.155701	-0.144766	
0.0658661	-0.771663	0.431921	0.208606	0.1001	-0.0915998	0.31003	0.228571	0.604931	0.645824	-0.214764	-0.874289	-1.20687	-0.972697	-0.567063	-0.290899	0.5889	0.442679	0.432442	0.797942	0.499908	0.424674	0.406012	0.312419	-0.440646	-0.423391	-0.377135	-0.269757	
-0.0103145	-0.715199	0.863157	0.273563	0.145809	-0.0553352	0.0830028	0.266105	0.240564	0.459947	-0.0989371	-0.636482	-1.47326	-0.754939	-0.726133	-0.288794	0.727077	0.407946	0.369579	0.570043	0.629514	0.446693	0.31075	0.296406	-0.134269	-0.370837	-0.56565	-0.259947	
-0.171186	-0.594541	1.03774	0.28184	0.185313	0.0216334	-0.0604632	0.358847	-0.0604517	0.313756	-0.23137	-0.37275	-1.64866	-0.473042	-0.751361	-0.163539	0.684067	0.346525	0.360725	0.363106	0.601311	0.39242	0.233323	0.319895	0.0425709	-0.276799	-0.654055	-0.0847755	
-0.375137	-0.511635	0.950603	0.166294	0.237361	0.0896904	-0.0686229	0.483588	-0.232623	0.248796	-0.525644	-0.183623	-1.66798	-0.169964	-0.619175	0.0784487	0.450986	0.258295	0.40587	0.231585	0.440613	0.237602	0.198329	0.358453	0.0812853	-0.183524	-0.594906	0.215129	
-0.551744	-0.554817	0.690818	-0.10572	0.322494	0.0971181	0.0606856	0.597342	-0.264082	0.272175	-0.813903	-0.157818	-1.50527	0.0979259	-0.362105	0.382808	0.0849186	0.161893	0.476556	0.191161	0.232308	-0.00508154	0.21838	0.377202	0.0416278	-0.147669	-0.376431	0.539337	
-0.644729	-0.76607	0.385181	-0.510325	0.441728	0.0213307	0.279575	0.657743	-0.190235	0.362045	-0.926462	-0.317614	-1.17574	0.273028	-0.0587245	0.673139	-0.313959	0.0821328	0.534186	0.226129	0.0741181	-0.289657	0.282771	0.347429	0.00995267	-0.199179	-0.037835	0.780161	
-0.636904	-1.10625	0.127459	-0.964485	0.56807	-0.123936	0.515042	0.646985	-0.0609778	0.48685	-0.77386	-0.61206	-0.746966	0.326464	0.210293	0.880723	-0.64652	0.0343161	0.55008	0.306943	0.0236859	-0.551427	0.364766	0.261675	0.0400072	-0.32956	0.345631	0.86409	
-0.549593	-1.4797	-0.0624719	-1.35187	0.64852	-0.289225	0.701351	0.575124	0.0813569	0.617388	-0.403945	-0.935508	-0.307186	0.275113	0.395335	0.978246	-0.853184	0.0171258	0.523551	0.405479	0.0685707	-0.731642	0.427514	0.134248	0.136525	-0.490161	0.688138	0.781048	
-0.446776	-1.7572	-0.238059	-1.56134	0.621571	-0.405867	0.797756	0.478193	0.221934	0.730949	0.0363199	-1.15184	0.0615736	0.181886	0.498372	0.985008	-0.934092	-0.00164221	0.470839	0.501566	0.124135	-0.802332	0.432454	-0.00456558	0.239371	-0.592169	0.917844	0.596269	
-0.395395	-1.83144	-0.481509	-1.53225	0.443417	-0.419279	0.800952	0.399779	0.366887	0.817424	0.363997	-1.15466	0.319615	0.132561	0.568355	0.962196	-0.943891	-0.0690317	0.420169	0.585711	0.0735207	-0.777248	0.351814	-0.125379	0.270206	-0.560423	1.00132	0.41276	
-0.435453	-1.65184	-0.839768	-1.27613	0.118261	-0.309494	0.73945	0.370381	0.531955	0.870482	0.445171	-0.904649	0.462362	0.19164	0.671037	0.957905	-0.952909	-0.22611	0.391757	0.654595	-0.171542	-0.706008	0.184224	-0.204158	0.172512	-0.35834	0.950262	0.324601	
-0.547485	-1.24467	-1.27689	-0.872659	-0.293998	-0.100805	0.647637	0.397861	0.710319	0.885073	0.256991	-0.45312	0.514425	0.365467	0.825707	0.997	-1.00569	-0.480198	0.385995	0.699111	-0.613479	-0.644892	-0.0450553	-0.229971	-0.0554542	-0.0131755	0.811334	0.380831	
-0.661069	-0.706775	-1.67337	-0.440876	-0.695104	0.14992	0.550963	0.460722	0.87009	0.847523	-0.106967	0.0738735	0.512495	0.59029	0.995026	1.05703	-1.09366	-0.784346	0.389246	0.701752	-1.15235	-0.626495	-0.284695	-0.202684	-0.34884	0.383964	0.639233	0.555329	
-0.688293	-0.154516	-1.87326	-0.0888844	-0.980587	0.377559	0.449389	0.526457	0.948385	0.73967	-0.473307	0.518141	0.466124	0.76469	1.08676	1.0763	-1.15136	-1.04624	0.376649	0.636855	-1.61048	-0.639564	-0.470299	-0.123024	-0.613931	0.716532	0.469082	0.76139	
-0.555931	0.304891	-1.75102	0.120376	-1.07585	0.533024	0.325722	0.565704	0.880766	0.553986	-0.682625	0.742561	0.362662	0.759029	0.991175	0.988299	-1.08319	-1.1487	0.337786	0.487339	-1.79601	-0.626757	-0.541283	0.00746363	-0.758605	0.868896	0.305346	0.885201	
-0.256287	0.60942	-1.28311	0.189195	-0.965052	0.604927	0.157554	0.572022	0.633623	0.30321	-0.669521	0.690508	0.161911	0.50444	0.623533	0.762606	-0.815388	-1.00065	0.280183	0.256909	-1.58885	-0.513265	-0.463081	0.194405	-0.754645	0.79152	0.123455	0.850689	
0.147335	0.751753	-0.572045	0.17446	-0.696199	0.617794	-0.0629756	0.566491	0.222037	0.0319143	-0.482962	0.397611	-0.169273	0.0130825	-0.0298654	0.426007	-0.340293	-0.57459	0.236599	-0.0192275	-0.995169	-0.243573	-0.23879	0.437689	-0.642922	0.508986	-0.112317	0.648731	
0.536347	0.766416	0.178527	0.156628	-0.356854	0.616361	-0.307645	0.583615	-0.271184	-0.196033	-0.274679	-0.0251819	-0.633505	-0.621058	-0.879572	0.0404845	0.263044	0.0725565	0.255731	-0.278153	-0.157255	0.184581	0.0979862	0.729964	-0.516228	0.113457	-0.415949	0.337902	
0.773931	0.70241	0.739668	0.199434	-0.0444912	0.645268	-0.525885	0.660113	-0.742637	-0.31319	-0.217929	-0.428516	-1.18938	-1.23315	-1.77232	-0.290581	0.848757	0.806908	0.375658	-0.450324	0.692779	0.705023	0.483242	1.04782	-0.474929	-0.262533	-0.768255	0.0334238	
0.768621	0.60069	0.943705	0.320876	0.169103	0.72601	-0.655123	0.810542	-1.07553	-0.277135	-0.434632	-0.680431	-1.74695	-1.66353	-2.52018	-0.485168	1.25381	1.46217	0.613241	-0.481084	1.31344	1.20151	0.848046	1.35033	-0.580509	-0.508399	-1.11793	-0.155145	
0.502153	0.475564	0.747508	0.483195	0.263272	0.845179	-0.647842	1.01907	-1.20045	-0.0824349	-0.927855	-0.712306	-2.1994	-1.78734	-2.96704	-0.511257	1.35827	1.88795	0.942478	-0.349991	1.54054	1.54084	1.13353	1.59269	-0.826969	-0.564194	-1.39335	-0.161459	
0.0495158	0.319625	0.252194	0.617835	0.263393	0.965846	-0.498765	1.24329	-1.11214	0.229595	-1.57625	-0.539382	-2.45645	-1.58974	-3.0553	-0.391146	1.13709	2.00685	1.30532	-0.0807959	1.34726	1.6288	1.30538	1.73703	-1.1403	-0.442887	-1.53588	0.0103694	
-0.455216	0.12275	-0.345022	0.657666	0.224655	1.04369	-0.25142	1.4242	-0.869727	0.581424	-2.18982	-0.243902	-2.47491	-1.1461	-2.83605	-0.19897	0.672179	1.83628	1.62224	0.2627	0.846994	1.44952	1.35744	1.76838	-1.41525	-0.212947	-1.52083	0.290428	
-0.869586	-0.105807	-0.820888	0.575251	0.197964	1.04724	0.00666946	1.50584	-0.58453	0.876122	-2.57105	0.0646749	-2.27759	-0.587874	-2.44409	-0.0179671	0.129646	1.47624	1.81236	0.591309	0.248065	1.07453	1.30287	1.69299	-1.55231	0.0330229	-1.37547	0.572757	
-1.08922	-0.322051	-1.01576	0.400333	0.207623	0.971701	0.180095	1.45144	-0.365289	1.0253	-2.59886	0.288044	-1.93169	-0.0758379	-2.03135	0.0744609	-0.301517	1.07235	1.82096	0.81602	-0.225486	0.641962	1.16967	1.53934	-1.50382	0.215123	-1.16359	0.750473	
-1.09726	-0.471925	-0.879626	0.202844	0.246313	0.837286	0.192989	1.25988	-0.300279	0.981343	-2.27097	0.379237	-1.53063	0.279598	-1.72144	0.0685075	-0.474863	0.756197	1.63074	0.875023	-0.417752	0.300894	0.982837	1.34421	-1.28123	0.300432	-0.963235	0.771308	
-0.946655	-0.503141	-0.475585	0.0697092	0.284205	0.680675	0.0232674	0.958254	-0.411693	0.736459	-1.68924	0.344035	-1.15169	0.436991	-1.55823	-0.0109363	-0.337803	0.603148	1.27006	0.745171	-0.286789	0.158643	0.763079	1.13647	-0.946218	0.302826	-0.832811	0.638239	
-0.743357	-0.398819	0.0581917	0.0595863	0.296624	0.531574	-0.283323	0.593071	-0.663786	0.338786	-1.01142	0.222734	-0.83359	0.420286	-1.49529	-0.113914	0.0526493	0.608324	0.80254	0.451327	0.0919345	0.238042	0.528223	0.929702	-0.568751	0.262605	-0.779897	0.406406	
-0.593542	-0.195184	0.578475	0.181593	0.274843	0.404701	-0.633437	0.215823	-0.980959	-0.141774	-0.390006	0.0676753	-0.570807	0.303964	-1.4333	-0.18099	0.559777	0.703026	0.312212	0.0488626	0.570116	0.474284	0.295472	0.72167	-0.19545	0.221061	-0.769515	0.151881	
-0.559541	0.0285123	0.985663	0.385765	0.236974	0.296223	-0.913733	-0.129478	-1.27071	-0.622589	0.0747976	-0.0853572	-0.325664	0.175686	-1.26976	-0.191909	1.01998	0.79148	-0.118431	-0.3873	0.986364	0.74457	0.0863665	0.502003	0.160634	0.199032	-0.738031	-0.0610545	
-0.639774	0.163302	1.25207	0.58185	0.220707	0.18466	-1.03251	-0.412088	-1.45759	-1.027	0.365295	-0.22772	-0.05247	0.0885728	-0.943296	-0.158187	1.30293	0.79077	-0.424363	-0.777172	1.22588	0.915114	-0.0741815	0.264695	0.517752	0.179307	-0.623414	-0.202623	
-0.767589	0.129167	1.4047	0.683715	0.256252	0.0574579	-0.948191	-0.615142	-1.49839	-1.30264	0.518812	-0.374879	0.266903	0.0462287	-0.472468	-0.130706	1.35014	0.670962	-0.568987	-1.05449	1.25349	0.901154	-0.161948	0.0238821	0.884612	0.130245	-0.400064	-0.281698	
-0.854485	-0.102758	1.48861	0.637375	0.352212	-0.0855374	-0.683354	-0.727845	-1.38794	-1.41252	0.592307	-0.54531	0.606216	0.00702553	0.0492276	-0.153512	1.18437	0.460349	-0.548659	-1.17027	1.10391	0.694365	-0.163891	-0.188138	1.23555	0.0220728	-0.0913756	-0.317457	
-0.824361	-0.486236	1.53336	0.447888	0.480236	-0.224356	-0.313908	-0.751642	-1.14979	-1.35354	0.632892	-0.738655	0.913197	-0.0728502	0.494026	-0.260638	0.887626	0.226752	-0.393337	-1.10503	0.855424	0.36277	-0.0863836	-0.33097	1.50765	-0.149686	0.233863	-0.333743	
-0.656501	-0.912734	1.51965	0.167704	0.585924	-0.326657	0.0687866	-0.689112	-0.820148	-1.13469	0.649412	-0.936532	1.1234	-0.232125	0.76527	-0.447648	0.55341	0.0474117	-0.149778	-0.864081	0.584581	0.0157327	0.0484631	-0.370354	1.6106	-0.356642	0.494588	-0.337361	
-0.397192	-1.26277	1.39627	-0.133937	0.611698	-0.366104	0.388321	-0.544512	-0.435523	-0.782391	0.619002	-1.10031	1.19866	-0.47511	0.832608	-0.664151	0.249462	-0.0283004	0.13294	-0.47587	0.338085	-0.246823	0.20874	-0.290873	1.47059	-0.551484	0.628761	-0.319201	
-0.137803	-1.44585	1.11286	-0.401826	0.525344	-0.329523	0.613121	-0.324329	-0.0259448	-0.33255	0.500395	-1.19965	1.13279	-0.76611	0.738064	-0.840975	-0.0075875	0.00545594	0.41517	0.0135532	0.123023	-0.374303	0.365365	-0.104834	1.06804	-0.683061	0.619506	-0.257746	
0.0189224	-1.4468	0.652739	-0.62163	0.341114	-0.236158	0.763429	-0.0394627	0.388091	0.182061	0.27271	-1.23054	0.965472	-1.05875	0.58485	-0.91562	-0.246156	0.112496	0.680467	0.553994	-0.0801004	-0.386059	0.50362	0.149726	0.461273	-0.736085	0.508964	-0.141956	
0.0053946	-1.31682	0.0604869	-0.813806	0.112741	-0.123411	0.893707	0.290087	0.786099	0.718197	-0.059889	-1.2211	0.752699	-1.31355	0.484271	-0.85521	-0.510209	0.238505	0.931636	1.09164	-0.287551	-0.350211	0.631525	0.423337	-0.219637	-0.733133	0.373334	0.011493	
-0.190304	-1.16325	-0.568223	-1.02145	-0.0840068	-0.0378477	1.06132	0.639325	1.1448	1.23213	-0.465369	-1.22589	0.548503	-1.4918	0.513014	-0.659639	-0.827731	0.339578	1.1846	1.57488	-0.496048	-0.350159	0.769568	0.668509	-0.825075	-0.726822	0.289191	0.168845	
-0.516845	-1.09279	-1.10775	-1.27101	-0.18282	-0.0125078	1.2879	0.978011	1.43314	1.68348	-0.894882	-1.29061	0.385229	-1.59024	0.667137	-0.372251	-1.17805	0.396519	1.45122	1.96689	-0.673734	-0.436132	0.936125	0.85533	-1.22603	-0.775932	0.298207	0.283041	
-0.872943	-1.15515	-1.4523	-1.54506	-0.152429	-0.0525658	1.54694	1.27003	1.61386	2.03664	-1.30685	-1.43579	0.252246	-1.62735	0.872126	-0.0613503	-1.49228	0.428856	1.72639	2.2413	-0.769151	-0.597323	1.1357	0.975647	-1.37008	-0.914076	0.389608	0.31602	
-1.14783	-1.32608	-1.55097	-1.77927	-0.0106197	-0.132368	1.76336	1.48144	1.65787	2.26618	-1.67409	-1.62651	0.105405	-1.61972	1.00221	0.203144	-1.67382	0.474635	1.97844	2.38359	-0.739388	-0.761515	1.34458	1.03987	-1.30027	-1.12213	0.499797	0.264735	
-1.25552	-1.50529	-1.41716	-1.87783	0.186563	-0.206283	1.83971	1.57848	1.54399	2.35177	-1.97607	-1.79064	-0.0982957	-1.58312	0.935609	0.366672	-1.63744	0.570812	2.14982	2.38794	-0.566757	-0.827286	1.51644	1.06425	-1.11764	-1.33282	0.542009	0.15876	
-1.17061	-1.56833	-1.12789	-1.75941	0.368597	-0.226907	1.69588	1.54126	1.27355	2.28742	-2.19313	-1.83652	-0.372698	-1.50702	0.60941	0.399887	-1.34763	0.731818	2.17976	2.2566	-0.27512	-0.710608	1.59328	1.06032	-0.944084	-1.45169	0.445082	0.0494661	
-0.932132	-1.41553	-0.789962	-1.39393	0.479093	-0.161862	1.30414	1.37162	0.865772	2.07524	-2.29874	-1.69007	-0.695174	-1.38447	0.0480959	0.307557	-0.837962	0.938401	2.02658	2.00023	0.0775903	-0.383028	1.5349	1.03359	-0.858423	-1.39441	0.186285	-0.0126854	
-0.627024	-1.03032	-0.500299	-0.830356	0.497905	-0.0102636	0.706184	1.09607	0.364197	1.73548	-2.26292	-1.33519	-1.00247	-1.18664	-0.646018	0.115939	-0.212583	1.14705	1.68957	1.64036	0.418541	0.103913	1.33343	0.983925	-0.870497	-1.12457	-0.197498	0.00480159	
-0.371055	-0.498431	-0.324641	-0.185919	0.44159	0.206737	0.00464122	0.773271	-0.167181	1.31696	-2.07717	-0.819249	-1.20919	-0.906648	-1.33034	-0.122437	0.382758	1.30182	1.21983	1.22131	0.67263	0.636478	1.01959	0.914798	-0.928617	-0.663377	-0.619061	0.111636	
-0.266765	0.027576	-0.283685	0.392868	0.351665	0.446946	-0.66127	0.469924	-0.65644	0.883296	-1.75855	-0.245259	-1.23767	-0.567897	-1.86454	-0.355068	0.806086	1.36251	0.710396	0.803977	0.796128	1.07593	0.662101	0.835801	-0.94371	-0.0962091	-0.966334	0.278941	
-0.378103	0.373117	-0.361964	0.777652	0.266367	0.668947	-1.16159	0.253928	-1.02289	0.506898	-1.36976	0.267778	-1.06701	-0.198065	-2.15575	-0.525175	0.96288	1.31585	0.270849	0.45549	0.777798	1.31238	0.339249	0.764299	-0.851518	0.466314	-1.15314	0.46592	
-0.708629	0.421098	-0.517526	0.911385	0.203867	0.84152	-1.4178	0.164978	-1.21079	0.244978	-1.00529	0.625164	-0.725551	0.156064	-2.17519	-0.587943	0.837029	1.17863	-0.0134309	0.231045	0.64112	1.30486	0.112032	0.717027	-0.638608	0.922966	-1.14599	0.633743	
-1.19868	0.160379	-0.697545	0.822588	0.158105	0.948083	-1.41962	0.199002	-1.18251	0.133812	-0.759923	0.792389	-0.297494	0.446955	-1.96502	-0.535153	0.495961	0.988107	-0.110582	0.163084	0.432479	1.09233	0.0019386	0.698107	-0.358829	1.20796	-0.970173	0.75502	
-1.74454	-0.311437	-0.854466	0.610161	0.104949	0.985204	-1.21981	0.308067	-0.937355	0.162253	-0.69818	0.795526	0.106418	0.643581	-1.59815	-0.37467	0.0647132	0.781266	-0.0540547	0.237189	0.2022	0.774479	-0.0120098	0.692842	-0.105777	1.30883	-0.696741	0.830297	
-2.2192	-0.822186	-0.941843	0.399052	0.022532	0.948556	-0.910331	0.404161	-0.505031	0.276041	-0.807936	0.700879	0.399336	0.738107	-1.15124	-0.157277	-0.317131	0.582877	0.0688518	0.399125	0.000955869	0.468191	0.0167978	0.663527	0.0404524	1.25201	-0.409403	0.860913	
-2.51618	-1.1936	-0.926699	0.287323	-0.0932497	0.838484	-0.586998	0.399739	0.0538717	0.392354	-1.01613	0.588854	0.53862	0.749021	-0.674306	0.0601961	-0.537689	0.394982	0.152624	0.563285	-0.140771	0.261921	0.0249809	0.565943	0.0452102	1.08927	-0.174544	0.854283	
-2.5752	-1.30854	-0.792898	0.308002	-0.219026	0.656384	-0.31416	0.236594	0.653077	0.417718	-1.20079	0.515192	0.538456	0.704647	-0.179929	0.213839	-0.545874	0.20669	0.116547	0.635711	-0.205417	0.186073	-0.0269073	0.366992	-0.0515586	0.873324	-0.015643	0.807502	
-2.39511	-1.16439	-0.552632	0.413109	-0.313446	0.408922	-0.107552	-0.0827572	1.21732	0.292784	-1.24724	0.488161	0.455193	0.645419	0.338527	0.259215	-0.366459	0.0062237	-0.0576327	0.551963	-0.197617	0.204373	-0.137736	0.0692591	-0.161692	0.635471	0.0885797	0.710558	
-2.04238	-0.869231	-0.252302	0.504855	-0.335843	0.121449	0.0592183	-0.486174	1.67554	0.00612848	-1.10481	0.472859	0.376569	0.59794	0.893012	0.200315	-0.0893883	-0.207405	-0.317069	0.292645	-0.143382	0.238313	-0.268372	-0.280838	-0.192925	0.394926	0.188561	0.568611	
-1.62909	-0.58963	0.0317855	0.486693	-0.26774	-0.160422	0.235541	-0.857411	1.98811	-0.395443	-0.80649	0.420637	0.377041	0.569822	1.45692	0.0644071	0.16907	-0.412183	-0.556101	-0.102667	-0.0783665	0.211231	-0.354668	-0.600106	-0.0997665	0.16584	0.338244	0.395562	
-1.27905	-0.483603	0.21187	0.310031	-0.121788	-0.378432	0.46425	-1.06876	2.13383	-0.832702	-0.466658	0.293502	0.482938	0.552611	1.97591	-0.0915519	0.308619	-0.568567	-0.654764	-0.562303	-0.0407751	0.0831237	-0.334289	-0.790428	0.0992889	-0.0364041	0.564896	0.230034	
-1.08211	-0.631912	0.219738	0.00422849	0.0576288	-0.476648	0.75264	-1.03346	2.10521	-1.22724	-0.224908	0.0889931	0.67193	0.533739	2.38084	-0.213373	0.280066	-0.629797	-0.533821	-1.00694	-0.0550647	-0.123196	-0.176421	-0.779122	0.318491	-0.184087	0.850544	0.114894	
-1.06689	-0.999089	0.0405922	-0.329918	0.220893	-0.419926	1.06619	-0.735218	1.89826	-1.52651	-0.195248	-0.147885	0.879857	0.484704	2.58916	-0.277899	0.10878	-0.560623	-0.187079	-1.38269	-0.123482	-0.332161	0.10566	-0.538036	0.443209	-0.246195	1.13957	0.0927976	
-1.18767	-1.44999	-0.272067	-0.559432	0.333835	-0.209436	1.33897	-0.237243	1.50086	-1.73611	-0.406584	-0.355389	1.02078	0.386531	2.542	-0.303338	-0.117382	-0.348427	0.314636	-1.68478	-0.214575	-0.444693	0.460244	-0.102914	0.390036	-0.199678	1.35768	0.184974	
-1.3335	-1.80946	-0.601108	-0.575227	0.398099	0.110376	1.49617	0.333901	0.907245	-1.90942	-0.785234	-0.479992	1.02143	0.232616	2.20677	-0.348324	-0.276921	-0.0074688	0.847851	-1.95084	-0.267745	-0.376887	0.819016	0.440487	0.151817	-0.0507188	1.44219	0.365719	
-1.36759	-1.92152	-0.797436	-0.335392	0.452634	0.465993	1.48051	0.832912	0.110112	-2.12877	-1.18721	-0.497777	0.854339	0.0232918	1.60034	-0.492957	-0.256125	0.42445	1.28269	-2.24658	-0.20793	-0.0960005	1.12105	0.982016	-0.190663	0.161605	1.36196	0.572894	
-1.17451	-1.71241	-0.734393	0.118748	0.551838	0.783615	1.27125	1.14589	-0.877589	-2.46846	-1.45824	-0.423433	0.53339	-0.21213	0.762163	-0.804424	0.0136952	0.902148	1.52679	-2.63449	0.0293343	0.371652	1.33441	1.42759	-0.506958	0.385722	1.12334	0.726316	
-0.705544	-1.22804	-0.35492	0.669955	0.74955	1.00895	0.89466	1.23086	-2.01136	-2.9456	-1.49723	-0.30431	0.116757	-0.460241	-0.256671	-1.30676	0.527458	1.38469	1.56489	-3.13474	0.469021	0.943409	1.46919	1.73492	-0.660564	0.563038	0.776529	0.762962	
0.00519517	-0.606853	0.296506	1.17391	1.06	1.13061	0.410586	1.12375	-3.21863	-3.51541	-1.29228	-0.194567	-0.314629	-0.6846	-1.39905	-1.95208	1.20147	1.84131	1.45186	-3.71433	1.0778	1.51255	1.56022	1.91497	-0.581696	0.660351	0.390557	0.663329	
0.838856	-0.0183248	1.09253	1.51767	1.45605	1.18214	-0.107077	0.917148	-4.40539	-4.07617	-0.926374	-0.120126	-0.684886	-0.867283	-2.63105	-2.65121	1.90558	2.2571	1.28614	-4.29506	1.76851	1.98692	1.6518	2.02871	-0.292104	0.690711	0.031053	0.465007	
1.63564	0.400578	1.8582	1.65804	1.86979	1.2249	-0.592697	0.72004	-5.48342	-4.51496	-0.527089	-0.0734787	-0.945955	-0.993502	-3.90523	-3.29436	2.50029	2.62745	1.16751	-4.78649	2.4233	2.31339	1.77395	2.14947	0.105689	0.701028	-0.258856	0.247646	
2.24117	0.58645	2.43376	1.63182	2.21618	1.32188	-1.00693	0.614056	-6.38466	-4.74716	-0.204817	-0.0154011	-1.09525	-1.05326	-5.16458	-3.77298	2.88145	2.94806	1.15243	-5.11764	2.92543	2.49194	1.9266	2.32993	0.473542	0.758113	-0.469739	0.10046	
2.55234	0.567407	2.729	1.5319	2.4275	1.50949	-1.33872	0.626273	-7.07783	-4.74595	-0.00626334	0.108094	-1.15361	-1.06438	-6.32042	-4.03314	3.00913	3.20934	1.23587	-5.2629	3.19696	2.56122	2.08037	2.57754	0.693924	0.915552	-0.617932	0.0901054	
2.54949	0.442942	2.74573	1.46765	2.46653	1.78436	-1.59996	0.728608	-7.56521	-4.55666	0.100137	0.331157	-1.17622	-1.02117	-7.27977	-4.0717	2.91296	3.39544	1.35788	-5.25118	3.22163	2.57908	2.18365	2.85147	0.71335	1.19573	-0.741385	0.236319	
2.28457	0.314873	2.5696	1.51185	2.34909	2.09979	-1.80855	0.857798	-7.86369	-4.25893	0.201393	0.645368	-1.22603	-0.938209	-7.95471	-3.93304	2.67249	3.48808	1.43844	-5.1351	3.04424	2.59122	2.19229	3.08123	0.571036	1.57322	-0.8692	0.501753	
1.86726	0.255769	2.32325	1.67291	2.12282	2.38474	-1.9756	0.948909	-7.99165	-3.94117	0.377215	0.995111	-1.34199	-0.823918	-8.27788	-3.67469	2.38289	3.47239	1.41232	-4.97114	2.75362	2.61546	2.08161	3.19377	0.363885	1.97641	-1.01242	0.810968	
1.41143	0.279913	2.11361	1.90016	1.84379	2.57297	-2.10103	0.964519	-7.94886	-3.65541	0.645763	1.3058	-1.54066	-0.67439	-8.23974	-3.34677	2.12251	3.34669	1.25884	-4.78713	2.44455	2.6417	1.85724	3.14758	0.197109	2.32724	-1.16925	1.0827	
1.00264	0.338579	1.98638	2.10123	1.55955	2.62515	-2.17152	0.913017	-7.7146	-3.3943	0.942715	1.50475	-1.7985	-0.498016	-7.87709	-2.97375	1.92546	3.12461	1.01096	-4.56839	2.18393	2.63648	1.55409	2.95081	0.131471	2.55777	-1.31677	1.26422	
0.677581	0.354319	1.91329	2.18864	1.29011	2.54121	-2.1697	0.832052	-7.2607	-3.10415	1.14247	1.55499	-2.0684	-0.292425	-7.28502	-2.54513	1.77686	2.83276	0.737843	-4.26585	1.99216	2.56783	1.22272	2.65351	0.159178	2.63515	-1.42619	1.34577	
0.422724	0.267675	1.82034	2.11463	1.03471	2.35737	-2.08407	0.765696	-6.57279	-2.71607	1.11537	1.47061	-2.28317	-0.0740225	-6.57022	-2.05537	1.63187	2.50545	0.510445	-3.82929	1.84358	2.41875	0.913271	2.32851	0.207691	2.57299	-1.47312	1.35731	
0.205128	0.0789956	1.62711	1.89458	0.778003	2.12942	-1.91629	0.738935	-5.67791	-2.19751	0.794246	1.30554	-2.38975	0.13479	-5.83305	-1.51375	1.44661	2.18066	0.373441	-3.24346	1.69477	2.2022	0.661952	2.04409	0.181072	2.41063	-1.45265	1.34304	
-0.0126472	-0.170338	1.29335	1.59377	0.513037	1.90659	-1.68257	0.738837	-4.6485	-1.57145	0.239715	1.12525	-2.36396	0.310991	-5.13604	-0.957736	1.20183	1.8865	0.3269	-2.54302	1.50473	1.95176	0.484929	1.83477	0.0189797	2.19858	-1.37429	1.33088	
-0.242348	-0.397774	0.84434	1.29586	0.252076	1.71542	-1.40734	0.728385	-3.59381	-0.92169	-0.395546	0.978218	-2.20256	0.418111	-4.49503	-0.456942	0.916289	1.64083	0.33224	-1.81276	1.2634	1.70967	0.380225	1.69678	-0.275921	1.96856	-1.25747	1.31965	
-0.4734	-0.527828	0.358697	1.07065	0.0218198	1.55362	-1.11429	0.662164	-2.62718	-0.360285	-0.904528	0.876639	-1.94209	0.45125	-3.89972	-0.0908743	0.637809	1.44914	0.337972	-1.15638	0.995883	1.51044	0.335489	1.59435	-0.630748	1.72823	-1.12874	1.27276	
-0.678527	-0.530555	-0.0582582	0.937806	-0.139591	1.39507	-0.815555	0.520894	-1.82785	0.0300428	-1.11465	0.782944	-1.64208	0.400237	-3.32812	0.0812718	0.420732	1.30318	0.307008	-0.650675	0.746609	1.36113	0.337098	1.48541	-0.934268	1.46496	-1.00012	1.1467	
-0.832467	-0.443924	-0.323941	0.865916	-0.200284	1.2062	-0.508567	0.324238	-1.21683	0.232132	-0.973823	0.635694	-1.36207	0.255755	-2.77564	0.0584385	0.297692	1.1888	0.239319	-0.311148	0.563202	1.24398	0.377995	1.34079	-1.08173	1.1525	-0.864163	0.912772	
-0.928441	-0.352506	-0.411798	0.789117	-0.157122	0.966443	-0.185397	0.130972	-0.749862	0.309541	-0.570224	0.381399	-1.15242	0.0316122	-2.25703	-0.104634	0.264359	1.08614	0.170935	-0.0889954	0.465578	1.12453	0.450586	1.15888	-1.03442	0.783388	-0.706725	0.586932	
-0.981356	-0.348664	-0.362489	0.642664	-0.0348856	0.67859	0.15847	0.0201089	-0.34478	0.379711	-0.116009	0.0130855	-1.03378	-0.256534	-1.80642	-0.313647	0.280682	0.979056	0.15749	0.111621	0.440281	0.968381	0.546799	0.965344	-0.828594	0.37477	-0.514292	0.225231	
-1.02239	-0.499312	-0.259222	0.390799	0.127094	0.363969	0.518386	0.0447226	0.0869061	0.566383	0.1598	-0.431007	-0.98851	-0.592767	-1.45431	-0.465714	0.286059	0.853384	0.242598	0.39034	0.445179	0.755406	0.655135	0.794113	-0.55847	-0.0373172	-0.274441	-0.0959904	
-1.06754	-0.797394	-0.183469	0.0515993	0.290852	0.0576018	0.871651	0.21057	0.588611	0.93515	0.0863513	-0.870602	-0.969338	-0.970542	-1.2167	-0.506336	0.233559	0.707892	0.431091	0.79605	0.433736	0.494931	0.758778	0.673409	-0.337187	-0.404833	0.00938398	-0.306455	
-1.11429	-1.16945	-0.183764	-0.303717	0.429739	-0.202187	1.18048	0.46221	1.13591	1.45403	-0.364522	-1.21096	-0.928678	-1.36761	-1.08021	-0.431554	0.11144	0.55152	0.682753	1.29855	0.379307	0.225532	0.838283	0.60762	-0.241194	-0.684765	0.307187	-0.380842	
-1.12957	-1.49654	-0.245657	-0.57704	0.542744	-0.390014	1.40133	0.6971	1.63757	1.99615	-1.04921	-1.38492	-0.840183	-1.75665	-1.01381	-0.310904	-0.0432092	0.403797	0.919205	1.79133	0.291255	0.00501452	0.878638	0.575861	-0.277239	-0.852554	0.575438	-0.347115	
-1.06867	-1.66891	-0.307545	-0.683029	0.649101	-0.496495	1.49894	0.812274	1.97055	2.38291	-1.73704	-1.37164	-0.697223	-2.09551	-0.982444	-0.234074	-0.163178	0.290511	1.05694	2.12811	0.21238	-0.113153	0.875695	0.541694	-0.380002	-0.90879	0.766319	-0.276918	
-0.89298	-1.62312	-0.288339	-0.584016	0.771665	-0.526013	1.46008	0.741007	2.02926	2.4612	-2.17698	-1.2148	-0.541079	-2.33204	-0.969837	-0.287535	-0.177969	0.234778	1.04377	2.1845	0.20081	-0.0955803	0.838984	0.476499	-0.451394	-0.875219	0.841903	-0.246759	
-0.593347	-1.37765	-0.130167	-0.309015	0.92423	-0.492324	1.30046	0.490984	1.77237	2.16986	-2.20824	-0.993876	-0.430743	-2.42868	-0.992878	-0.50513	-0.0485683	0.248723	0.879384	1.91336	0.296666	0.0509908	0.786891	0.374006	-0.40801	-0.777122	0.791063	-0.302437	
-0.202415	-1.02426	0.172838	0.0516314	1.09726	-0.4117	1.06486	0.137597	1.25926	1.57654	-1.81874	-0.799888	-0.434315	-2.37358	-1.08924	-0.837398	0.204048	0.322297	0.619455	1.37653	0.500071	0.279716	0.739959	0.253869	-0.222393	-0.640129	0.634495	-0.43558	
0.218046	-0.686812	0.564432	0.378053	1.25952	-0.300137	0.81102	-0.201506	0.623718	0.853586	-1.13447	-0.693584	-0.588563	-2.17333	-1.30051	-1.19564	0.505158	0.428512	0.35238	0.717234	0.761025	0.517354	0.710595	0.155878	0.0592432	-0.479346	0.418954	-0.580042	
0.586316	-0.474801	0.938775	0.556706	1.3604	-0.170131	0.594073	-0.407484	0.0413076	0.219226	-0.37455	-0.67861	-0.883057	-1.84958	-1.62486	-1.45128	0.740751	0.519369	0.166636	0.119359	0.987972	0.678528	0.693573	0.115696	0.34074	-0.298199	0.199332	-0.645441	
0.837408	-0.440929	1.18629	0.517957	1.36389	-0.0400423	0.457251	-0.415955	-0.332163	-0.141463	0.262939	-0.716605	-1.25187	-1.47005	-2.0055	-1.51713	0.803651	0.546649	0.116557	-0.258262	1.08592	0.696972	0.675921	0.152228	0.521149	-0.109344	0.0353818	-0.560102	
0.94886	-0.567701	1.22827	0.254954	1.25814	0.0681429	0.418341	-0.231089	-0.409944	-0.145058	0.65548	-0.746067	-1.584	-1.10017	-2.3373	-1.35818	0.629544	0.474275	0.202593	-0.338012	0.983724	0.537934	0.638074	0.25175	0.536043	0.0660081	-0.0313222	-0.302531	
0.94438	-0.77129	1.04774	-0.168563	1.05936	0.130818	0.468653	0.0660891	-0.195849	0.166737	0.806144	-0.716229	-1.77708	-0.792056	-2.49594	-1.01945	0.222558	0.28997	0.376873	-0.140022	0.667625	0.216616	0.563286	0.371382	0.393947	0.197515	0.0103851	0.0771476	
0.874188	-0.952009	0.688357	-0.645929	0.812808	0.1257	0.58072	0.359324	0.218725	0.648334	0.819284	-0.606964	-1.73954	-0.580025	-2.37879	-0.601647	-0.341797	0.0124478	0.562429	0.232542	0.182872	-0.212316	0.447407	0.454556	0.168684	0.252749	0.14721	0.471416	
0.79105	-1.03654	0.237398	-1.06245	0.573084	0.0437875	0.720738	0.544075	0.70738	1.1164	0.816531	-0.447158	-1.45439	-0.46437	-1.95035	-0.205368	-0.947952	-0.312162	0.688844	0.644982	-0.375264	-0.66751	0.305588	0.455003	-0.0312466	0.208616	0.343008	0.759	
0.720942	-1.01078	-0.208815	-1.33617	0.390394	-0.109125	0.860771	0.567902	1.14943	1.43428	0.889077	-0.301584	-0.968174	-0.427826	-1.26996	0.0905004	-1.47658	-0.624594	0.720131	0.987527	-0.8984	-1.06704	0.165876	0.361388	-0.116159	0.0621802	0.558362	0.857169	
0.650777	-0.92848	-0.568159	-1.44047	0.29081	-0.307739	0.983264	0.451928	1.47716	1.56305	1.03221	-0.240777	-0.386612	-0.442233	-0.476953	0.271958	-1.84575	-0.871559	0.665866	1.2238	-1.29797	-1.35437	0.0576469	0.197071	-0.0541648	-0.159648	0.758826	0.751248	
0.533422	-0.884043	-0.799094	-1.40255	0.270273	-0.51267	1.08326	0.27444	1.69831	1.56769	1.15527	-0.310041	0.153829	-0.48646	0.250126	0.385684	-2.03185	-1.0208	0.572823	1.38837	-1.5286	-1.50532	0.00226294	0.0161814	0.112166	-0.406992	0.919132	0.505881	
0.320387	-0.962364	-0.899461	-1.28894	0.300936	-0.684126	1.16159	0.136147	1.86821	1.57676	1.13781	-0.508171	0.542466	-0.548449	0.748734	0.497588	-2.06436	-1.06686	0.502216	1.55896	-1.59669	-1.53529	0.00373887	-0.120962	0.290922	-0.626629	1.02565	0.230886	
-0.0137757	-1.19137	-0.894712	-1.17442	0.340802	-0.790956	1.21903	0.113309	2.05916	1.71484	0.890425	-0.785154	0.70584	-0.62178	0.939701	0.662928	-2.00578	-1.02994	0.500929	1.80683	-1.54523	-1.48313	0.0468436	-0.172028	0.379512	-0.77771	1.0713	0.0352175	
-0.446429	-1.5287	-0.82378	-1.11592	0.352739	-0.820743	1.25172	0.231232	2.30904	2.04096	0.415068	-1.05516	0.648577	-0.711633	0.840941	0.891057	-1.91654	-0.946488	0.583054	2.15367	-1.43348	-1.39707	0.102912	-0.124796	0.30774	-0.843388	1.05231	-0.0162096	
-0.896135	-1.86735	-0.718123	-1.12621	0.314007	-0.776264	1.24929	0.455592	2.60065	2.51126	-0.198012	-1.23306	0.415488	-0.808406	0.541628	1.13956	-1.82864	-0.847287	0.726559	2.55065	-1.31047	-1.30943	0.145249	-0.000733723	0.0637394	-0.830098	0.959444	0.0777646	
-1.25142	-2.06754	-0.600893	-1.17295	0.220064	-0.675731	1.20014	0.7072	2.86507	2.99878	-0.789282	-1.264	0.078736	-0.884246	0.164313	1.31958	-1.73606	-0.751414	0.885528	2.89289	-1.20207	-1.22705	0.154278	0.156828	-0.304428	-0.761343	0.786356	0.259306	
-1.40694	-2.01245	-0.476045	-1.19074	0.087237	-0.545354	1.09798	0.8996	2.99525	3.33836	-1.19938	-1.14057	-0.282824	-0.918214	-0.189751	1.34072	-1.60065	-0.656854	1.01136	3.06232	-1.10305	-1.13451	0.129847	0.300175	-0.704224	-0.667395	0.535067	0.43169	
-1.31049	-1.66412	-0.348665	-1.11081	-0.0571605	-0.405325	0.950203	0.977814	2.90316	3.39247	-1.35445	-0.904715	-0.624344	-0.884512	-0.47093	1.16212	-1.37847	-0.544036	1.0748	2.97123	-0.988161	-0.997281	0.092229	0.402156	-1.04663	-0.570244	0.218342	0.51645	
-0.978421	-1.075	-0.218702	-0.887847	-0.180915	-0.268003	0.776747	0.936693	2.54599	3.11032	-1.27838	-0.626329	-0.935285	-0.787851	-0.704388	0.792885	-1.04022	-0.386519	1.07741	2.60427	-0.826495	-0.783584	0.072743	0.46432	-1.27381	-0.473547	-0.134419	0.478943	
-0.500392	-0.379086	-0.0802998	-0.522243	-0.254264	-0.136898	0.607672	0.818372	1.95632	2.54686	-1.09439	-0.383344	-1.23203	-0.65763	-0.950122	0.307307	-0.594064	-0.167962	1.04482	2.02955	-0.59949	-0.481682	0.100133	0.509568	-1.37604	-0.373123	-0.478082	0.341159	
-0.00427234	0.251371	0.071506	-0.0581859	-0.257069	-0.0101659	0.47223	0.686764	1.23232	1.8351	-0.96158	-0.228422	-1.53221	-0.549223	-1.26834	-0.191952	-0.0834801	0.106265	1.0121	1.36745	-0.30648	-0.108766	0.18776	0.568475	-1.37978	-0.25742	-0.763701	0.170308	
0.386841	0.671665	0.246559	0.432893	-0.182651	0.113702	0.386819	0.595326	0.501256	1.12951	-1.00126	-0.175367	-1.82947	-0.53031	-1.67725	-0.609826	0.427224	0.409557	1.00262	0.746501	0.0341036	0.294196	0.328495	0.659594	-1.32437	-0.121784	-0.951573	0.0376088	
0.596198	0.814973	0.453562	0.87205	-0.0398394	0.233935	0.347343	0.559839	-0.117995	0.54964	-1.23761	-0.202344	-2.09716	-0.633437	-2.12871	-0.90397	0.876419	0.700054	1.01539	0.257887	0.39221	0.675666	0.491332	0.777729	-1.23862	0.0242772	-1.02658	-0.0116501	
0.619425	0.716461	0.702616	1.20146	0.147125	0.345239	0.328298	0.555644	-0.564113	0.139734	-1.57733	-0.258181	-2.27574	-0.867983	-2.52896	-1.08626	1.22716	0.930166	1.01988	-0.0761479	0.733996	0.985507	0.632548	0.891633	-1.12837	0.164661	-0.998373	0.0204736	
0.519336	0.490207	0.986637	1.39609	0.345101	0.441518	0.292335	0.531253	-0.830992	-0.132711	-1.86685	-0.286794	-2.30778	-1.18603	-2.77695	-1.20841	1.47226	1.06431	0.970047	-0.295098	1.02744	1.19542	0.709549	0.959519	-0.98104	0.280708	-0.903335	0.0948334	
0.403291	0.290758	1.28381	1.47355	0.514245	0.520346	0.201876	0.432778	-0.973723	-0.349413	-1.93459	-0.248805	-2.16962	-1.49942	-2.81979	-1.34324	1.63546	1.09034	0.825274	-0.477549	1.25101	1.30583	0.694069	0.946398	-0.786618	0.367285	-0.789497	0.156506	
0.37482	0.253068	1.56073	1.47488	0.623939	0.578852	0.0385732	0.235097	-1.0748	-0.588955	-1.68428	-0.138722	-1.87193	-1.71759	-2.66484	-1.52741	1.74909	1.01877	0.56735	-0.694564	1.39285	1.33663	0.582335	0.83784	-0.54759	0.422858	-0.695911	0.15948	
0.495872	0.438056	1.77352	1.44381	0.658185	0.61571	-0.18847	-0.046508	-1.20076	-0.886079	-1.13298	0.0267045	-1.47066	-1.7712	-2.38648	-1.74833	1.83886	0.876486	0.214517	-0.973568	1.44913	1.31598	0.39576	0.647965	-0.290266	0.456762	-0.644586	0.0931073	
0.766015	0.808831	1.88468	1.40831	0.619025	0.629512	-0.44391	-0.355006	-1.38477	-1.21467	-0.41303	0.209373	-1.045	-1.63146	-2.08678	-1.94187	1.90913	0.699032	-0.180981	-1.29026	1.42345	1.26798	0.17574	0.416891	-0.06589	0.481743	-0.632209	-0.0133323	
1.12548	1.24607	1.87313	1.367	0.530013	0.617111	-0.676193	-0.614503	-1.6015	-1.49108	0.280101	0.361378	-0.67787	-1.31594	-1.85735	-2.0204	1.93967	0.515574	-0.548969	-1.56683	1.32206	1.19843	-0.0334966	0.194065	0.0745923	0.503642	-0.639752	-0.103913	
1.48115	1.58947	1.74535	1.29604	0.426866	0.569761	-0.83139	-0.761542	-1.7864	-1.61074	0.770411	0.444299	-0.410304	-0.91405	-1.73508	-1.90449	1.89545	0.338221	-0.822339	-1.71092	1.15409	1.091	-0.19521	0.0181936	0.10243	0.514029	-0.628723	-0.12504	
1.73828	1.70677	1.52453	1.16593	0.346877	0.477912	-0.874524	-0.770497	-1.86213	-1.49738	0.941924	0.445474	-0.242286	-0.520916	-1.6927	-1.56476	1.74477	0.167565	-0.958892	-1.65373	0.932858	0.924983	-0.289768	-0.0943373	0.02944	0.49615	-0.570774	-0.0502619	
1.82687	1.53438	1.24434	0.961006	0.307771	0.343382	-0.805143	-0.657133	-1.76969	-1.13446	0.79394	0.375878	-0.137312	-0.201145	-1.6642	-1.03848	1.47539	-0.00538641	-0.950841	-1.37614	0.671657	0.68808	-0.321498	-0.150239	-0.103399	0.441874	-0.459972	0.110982	
1.72534	1.10202	0.937948	0.691474	0.305627	0.177498	-0.652761	-0.468139	-1.49883	-0.572624	0.421024	0.26252	-0.0389544	0.00314018	-1.56803	-0.41126	1.10531	-0.185149	-0.824166	-0.921631	0.385691	0.387956	-0.309262	-0.172358	-0.240702	0.350501	-0.311856	0.320168	
1.45536	0.529636	0.627603	0.395668	0.316988	0.000845214	-0.469507	-0.265249	-1.07948	0.0889094	-0.0256017	0.14952	0.100917	0.090396	-1.36708	0.201775	0.67917	-0.370371	-0.629285	-0.373948	0.0877099	0.0570521	-0.281251	-0.187898	-0.332852	0.23959	-0.158687	0.520558	
1.07584	-0.0259018	0.325513	0.130869	0.306973	-0.1599	-0.313333	-0.0968264	-0.590193	0.729034	-0.398659	0.0758955	0.293509	0.101836	-1.07895	0.699839	0.25714	-0.543926	-0.42136	0.161678	-0.204933	-0.252836	-0.262356	-0.211966	-0.364246	0.137454	-0.0385981	0.668879	
0.657484	-0.414865	0.0421131	-0.0450582	0.24955	-0.279906	-0.225618	0.0121112	-0.127177	1.24154	-0.610585	0.0626796	0.507559	0.0856543	-0.775938	1.01973	-0.0958873	-0.676419	-0.246121	0.592813	-0.467762	-0.482542	-0.263701	-0.244223	-0.345454	0.0712911	0.0209122	0.73829	
0.264087	-0.558375	-0.20457	-0.102319	0.137147	-0.347326	-0.219875	0.0667231	0.231195	1.56244	-0.647005	0.111443	0.694886	0.0590747	-0.540686	1.15915	-0.332888	-0.739946	-0.127765	0.866615	-0.672159	-0.593119	-0.283113	-0.271578	-0.309174	0.0543203	0.0143071	0.72898	
-0.0587436	-0.461802	-0.391806	-0.0470176	-0.0131646	-0.368352	-0.279353	0.0875835	0.435782	1.67283	-0.561657	0.202341	0.798924	0.0372561	-0.42597	1.15365	-0.430517	-0.712039	-0.0676508	0.97069	-0.785959	-0.573607	-0.303863	-0.276332	-0.286434	0.0737452	-0.0454593	0.657386	
-0.294958	-0.21551	-0.489549	0.0759708	-0.162137	-0.359325	-0.366795	0.10114	0.489308	1.60194	-0.446728	0.29287	0.790342	0.0141148	-0.434801	1.06099	-0.397393	-0.590685	-0.0502226	0.937036	-0.784727	-0.44817	-0.307121	-0.246308	-0.287141	0.102199	-0.127237	0.543349	
-0.443872	0.0391075	-0.473666	0.202695	-0.263289	-0.343531	-0.438634	0.121487	0.433356	1.40794	-0.379524	0.33409	0.681847	-0.0450793	-0.513654	0.935148	-0.264179	-0.390959	-0.0526621	0.822658	-0.657448	-0.266449	-0.277064	-0.182207	-0.297593	0.0999786	-0.194139	0.406091	
-0.526028	0.176047	-0.33859	0.276964	-0.278906	-0.339067	-0.461616	0.141067	0.334129	1.15843	-0.401243	0.288628	0.518563	-0.161319	-0.589431	0.796824	-0.0748989	-0.14456	-0.0533993	0.688681	-0.41494	-0.080812	-0.207898	-0.0982729	-0.278488	0.038296	-0.216072	0.248354	
-0.576865	0.113001	-0.112465	0.270238	-0.199772	-0.346849	-0.425976	0.145629	0.261504	0.913926	-0.512428	0.144558	0.362302	-0.319113	-0.601569	0.639809	0.119093	0.109767	-0.039283	0.589208	-0.0959214	0.0691176	-0.108074	-0.0134273	-0.202631	-0.0786957	-0.185102	0.0804518	
-0.63687	-0.153365	0.144951	0.193536	-0.0454803	-0.350661	-0.342849	0.118351	0.264689	0.720527	-0.673393	-0.0843795	0.262241	-0.490948	-0.530445	0.442277	0.277806	0.339952	-0.00612077	0.553904	0.24349	0.171825	0.00794932	0.0574321	-0.0636021	-0.220747	-0.109057	-0.0905836	
-0.74209	-0.550423	0.35769	0.0884296	0.142805	-0.327205	-0.239332	0.0519235	0.364831	0.603896	-0.830472	-0.353936	0.246514	-0.63818	-0.405549	0.186683	0.373153	0.521408	0.0410283	0.590578	0.539299	0.241275	0.117623	0.107221	0.106344	-0.336476	-0.00949986	-0.247114	
-0.908471	-0.953025	0.454424	0.0130379	0.316116	-0.258266	-0.145584	-0.0473621	0.544796	0.563857	-0.929506	-0.598779	0.304082	-0.717637	-0.288789	-0.136438	0.396367	0.645144	0.0921689	0.682761	0.73777	0.306181	0.203639	0.13855	0.24621	-0.381307	0.0880446	-0.367563	
-1.13231	-1.23651	0.398988	0.0142825	0.437722	-0.140598	-0.0801296	-0.161471	0.761124	0.579087	-0.944308	-0.765618	0.39765	-0.718952	-0.232845	-0.500901	0.358231	0.715735	0.13891	0.79652	0.816037	0.395345	0.257723	0.159781	0.296062	-0.334993	0.165057	-0.43921	
-1.38163	-1.32009	0.198836	0.10664	0.490947	0.00841738	-0.0466256	-0.266824	0.962514	0.605216	-0.86729	-0.818749	0.487234	-0.656414	-0.246827	-0.858946	0.282418	0.744879	0.174257	0.887285	0.78292	0.518013	0.280684	0.177462	0.214827	-0.212745	0.210718	-0.456713	
-1.59853	-1.17952	-0.0943247	0.265725	0.481232	0.152831	-0.0350652	-0.348157	1.09804	0.589423	-0.710657	-0.756209	0.541848	-0.562388	-0.280511	-1.15632	0.200835	0.746156	0.196694	0.90886	0.677866	0.657902	0.28105	0.19181	0.0149615	-0.0647763	0.221849	-0.440223	
-1.72484	-0.859953	-0.4024	0.43661	0.431644	0.253003	-0.0287461	-0.397591	1.13535	0.489952	-0.511256	-0.603135	0.560037	-0.468427	-0.256704	-1.34343	0.138487	0.726225	0.205451	0.83257	0.549982	0.777515	0.268472	0.19388	-0.248806	0.0514323	0.207433	-0.412348	
