0.562295	0.758378	-0.110595	0.541495	0.0390868	0.292435	0.687805	0.404508	-0.271078	-1.07524	-0.616108	-0.340595	-1.49649	-1.27833	-0.68715	-1.21397	0.822074	0.65304	1.13817	-0.327635	0.714483	0.560935	0.954992	0.865147	-0.678346	-0.145068	-0.366637	-0.387593	
0.368097	0.544678	-0.336662	0.380624	-0.171274	0.473386	0.739511	0.791274	-0.0362096	-0.753243	-0.759492	-0.226291	-1.58566	-1.14323	-0.551015	-0.781822	0.238496	0.56096	1.34554	-0.113851	0.243086	0.444786	0.823139	1.01048	-0.837006	-0.10603	-0.541384	-0.020871	
0.242154	0.395892	-0.493158	0.196406	-0.32476	0.609717	0.706818	1.02654	0.221669	-0.369507	-0.863103	-0.158506	-1.5842	-0.965944	-0.379162	-0.367324	-0.301827	0.45928	1.35771	0.132188	-0.173176	0.330338	0.620619	1.03231	-0.926489	-0.0658071	-0.650098	0.291445	
0.202255	0.299999	-0.569231	0.0163353	-0.402694	0.657359	0.631348	1.06002	0.464259	-0.0167045	-0.915333	-0.186553	-1.51884	-0.80749	-0.202281	-0.0345999	-0.635536	0.387906	1.19191	0.355751	-0.404247	0.251729	0.422216	0.949485	-0.960223	-0.0543802	-0.655775	0.473345	
0.233196	0.244652	-0.578365	-0.130277	-0.406439	0.595825	0.548991	0.902944	0.637133	0.234907	-0.909466	-0.305043	-1.41457	-0.680559	-0.0494074	0.204553	-0.683936	0.359944	0.903775	0.503071	-0.398531	0.217674	0.281737	0.792201	-0.955903	-0.0847756	-0.557428	0.494128	
0.276569	0.190997	-0.563757	-0.229381	-0.361267	0.42601	0.484548	0.61068	0.701777	0.358558	-0.852879	-0.485382	-1.29139	-0.557105	0.0597454	0.394546	-0.447242	0.362282	0.566406	0.55576	-0.167682	0.211062	0.228217	0.602829	-0.935835	-0.146747	-0.371495	0.380208	
0.271325	0.117361	-0.565249	-0.283447	-0.294463	0.181633	0.444062	0.274954	0.644035	0.376109	-0.765093	-0.67391	-1.14492	-0.384637	0.134746	0.592352	-0.0428069	0.360077	0.25221	0.522515	0.189341	0.19184	0.245249	0.415533	-0.907637	-0.21919	-0.132499	0.200546	
0.175688	0.00958797	-0.606177	-0.316444	-0.229342	-0.0885957	0.418436	-0.0112803	0.500724	0.34081	-0.667483	-0.831656	-0.952667	-0.117661	0.208816	0.833534	0.355863	0.313154	0.0146108	0.444664	0.531025	0.119076	0.288925	0.251343	-0.862414	-0.274116	0.117494	0.0341251	
-0.0105412	-0.13759	-0.677429	-0.357088	-0.176111	-0.330687	0.385906	-0.182463	0.327852	0.323478	-0.577445	-0.932715	-0.687475	0.233648	0.318288	1.10826	0.58378	0.198087	-0.125777	0.37494	0.732113	-0.0301848	0.306538	0.119636	-0.780949	-0.293049	0.343102	-0.056087	
-0.23495	-0.29944	-0.730459	-0.424339	-0.124727	-0.497739	0.322239	-0.211675	0.191286	0.386615	-0.499401	-0.959381	-0.333256	0.603725	0.488042	1.34676	0.521992	0.0212816	-0.174479	0.349772	0.695857	-0.244956	0.250041	0.0105485	-0.63524	-0.273854	0.507263	-0.0514832	
-0.416475	-0.438014	-0.707467	-0.504778	-0.0652736	-0.567898	0.204627	-0.135465	0.125429	0.528177	-0.426247	-0.913646	0.0870027	0.903349	0.695972	1.45292	0.194075	-0.176648	-0.17193	0.371673	0.442149	-0.47104	0.107333	-0.0830296	-0.41865	-0.223124	0.587252	0.0197691	
-0.468952	-0.50259	-0.556332	-0.556615	0.0145255	-0.539988	0.0191843	-0.0200723	0.124988	0.697538	-0.341939	-0.784051	0.516072	1.05435	0.883255	1.33783	-0.281232	-0.335139	-0.168886	0.399432	0.0547081	-0.632481	-0.106058	-0.171142	-0.141458	-0.158754	0.565419	0.0984391	
-0.345465	-0.450186	-0.264972	-0.523578	0.111801	-0.438079	-0.230865	0.0506569	0.155913	0.80269	-0.231369	-0.57265	0.864558	1.01193	0.962622	0.968803	-0.699229	-0.394378	-0.21353	0.377481	-0.317598	-0.654478	-0.339827	-0.253925	0.154441	-0.0910894	0.43914	0.121234	
-0.0493382	-0.250391	0.130006	-0.355754	0.208625	-0.297586	-0.527245	0.0118745	0.15268	0.762008	-0.0941973	-0.286579	1.04022	0.79281	0.851525	0.394481	-0.860055	-0.318143	-0.337473	0.25606	-0.524617	-0.494422	-0.5357	-0.32295	0.406442	-0.0268879	0.224064	0.050596	
0.35787	0.090467	0.555826	-0.0415017	0.284023	-0.151907	-0.832756	-0.152538	0.0695915	0.528841	0.054691	0.0558113	0.989065	0.476327	0.522281	-0.271145	-0.668073	-0.111776	-0.534446	0.0126528	-0.493256	-0.162693	-0.646629	-0.369293	0.562618	0.0366232	-0.0511867	-0.109432	
0.772507	0.517767	0.913286	0.379053	0.3164	-0.0284458	-1.09567	-0.412619	-0.104709	0.116507	0.1831	0.414249	0.715544	0.147536	0.0134769	-0.875574	-0.140389	0.179177	-0.765634	-0.324937	-0.217186	0.273465	-0.642381	-0.377599	0.584081	0.107386	-0.33296	-0.315371	
1.08695	0.949239	1.11694	0.814245	0.300599	0.0612922	-1.26239	-0.689571	-0.335599	-0.375926	0.258367	0.741946	0.295066	-0.101933	-0.565188	-1.28306	0.546516	0.479662	-0.961701	-0.683755	0.18947	0.704561	-0.533824	-0.344887	0.475113	0.185434	-0.566683	-0.500831	
1.21937	1.29183	1.11462	1.14764	0.241079	0.115442	-1.28863	-0.897844	-0.547163	-0.817853	0.254054	0.980523	-0.154636	-0.241801	-1.07221	-1.41495	1.16704	0.708776	-1.05318	-0.962934	0.585469	1.01671	-0.350522	-0.271205	0.266889	0.268299	-0.702074	-0.602657	
1.13917	1.45881	0.905331	1.27479	0.158037	0.14074	-1.1522	-0.964086	-0.662151	-1.07331	0.164074	1.09077	-0.506687	-0.28193	-1.37855	-1.271	1.50335	0.806874	-0.987857	-1.07464	0.826746	1.12386	-0.139047	-0.166159	0.0171528	0.338879	-0.709543	-0.581357	
0.870947	1.39856	0.544067	1.14261	0.0801121	0.148054	-0.861594	-0.854894	-0.621159	-1.06149	0.00557844	1.06484	-0.672356	-0.260243	-1.41255	-0.932089	1.42729	0.754661	-0.747214	-0.974543	0.820687	0.999491	0.0573852	-0.048008	-0.208527	0.377893	-0.59802	-0.439422	
0.480003	1.11669	0.112294	0.772238	0.0281519	0.143364	-0.457298	-0.594152	-0.419265	-0.788856	-0.188575	0.918459	-0.634311	-0.219069	-1.19545	-0.518146	0.973897	0.57763	-0.364066	-0.677159	0.585007	0.68612	0.211552	0.0693948	-0.368234	0.369365	-0.402458	-0.217058	
0.050652	0.670756	-0.292938	0.250841	0.0177831	0.13429	-0.0050392	-0.239567	-0.0938371	-0.331494	-0.376061	0.697187	-0.442624	-0.17351	-0.814496	-0.153276	0.278007	0.335354	0.0947506	-0.256832	0.192615	0.277752	0.308786	0.168391	-0.435401	0.301666	-0.187161	0.0234733	
-0.346906	0.159651	-0.602486	-0.291278	0.0401673	0.118242	0.42274	0.116883	0.281152	0.164811	-0.52413	0.441724	-0.20578	-0.11802	-0.403732	0.0883844	-0.408386	0.0988749	0.529786	0.184094	-0.200076	-0.109889	0.359001	0.239858	-0.429118	0.185318	-0.0103314	0.219518	
-0.663803	-0.305948	-0.779471	-0.722873	0.077898	0.0922381	0.76126	0.393934	0.620175	0.570149	-0.611604	0.185677	-0.0348916	-0.0264929	-0.0798458	0.194675	-0.870715	-0.0730596	0.848395	0.547273	-0.465367	-0.378282	0.370926	0.275392	-0.3806	0.0396621	0.0864666	0.328902	
-0.882836	-0.633976	-0.824327	-0.956839	0.107859	0.0546457	0.969579	0.537518	0.869504	0.789944	-0.637927	-0.0580492	-0.00319251	0.117496	0.106159	0.208431	-0.983555	-0.15119	0.987178	0.765667	-0.527879	-0.475441	0.354179	0.269618	-0.3269	-0.105313	0.0921909	0.337525	
-1.01301	-0.777468	-0.773115	-0.976164	0.11168	0.00261411	1.04231	0.533196	1.0158	0.80215	-0.615004	-0.297738	-0.114301	0.298855	0.18236	0.20183	-0.753366	-0.142301	0.928771	0.827934	-0.388786	-0.409603	0.311454	0.222881	-0.293695	-0.223035	0.0368456	0.258983	
-1.06951	-0.745038	-0.667293	-0.83281	0.0836378	-0.0594732	1.00024	0.412429	1.09071	0.671283	-0.556935	-0.533484	-0.300608	0.475266	0.246104	0.235263	-0.337135	-0.081371	0.712988	0.773389	-0.149831	-0.240976	0.233824	0.133078	-0.280036	-0.299745	-0.0378996	0.12401	
-1.0772	-0.585493	-0.5591	-0.622466	0.0235167	-0.130964	0.883991	0.221779	1.14801	0.495753	-0.477789	-0.766856	-0.462862	0.566483	0.403087	0.345538	0.0814365	-0.0151931	0.40607	0.679304	0.0823554	-0.0516198	0.118538	0.0103254	-0.276986	-0.331573	-0.0797914	-0.0282119	
-1.05129	-0.382111	-0.480053	-0.450357	-0.0526981	-0.20436	0.738647	0.0243625	1.23668	0.401984	-0.383536	-0.972986	-0.501155	0.517531	0.728317	0.520199	0.300518	0.0168476	0.0959051	0.623318	0.187918	0.0808747	-0.0368427	-0.133555	-0.259457	-0.337223	-0.0614312	-0.165975	
-1.00782	-0.221007	-0.451355	-0.38963	-0.129565	-0.275218	0.600146	-0.13684	1.37772	0.456534	-0.277251	-1.12337	-0.370437	0.328599	1.21442	0.721987	0.237252	-0.00292347	-0.148504	0.65998	0.122447	0.112022	-0.2144	-0.278365	-0.214982	-0.337758	0.0197855	-0.271386	
-0.955546	-0.158126	-0.474301	-0.457597	-0.189008	-0.335915	0.48953	-0.238169	1.55824	0.666115	-0.160465	-1.18911	-0.0904531	0.0262496	1.77213	0.896813	-0.0829294	-0.0682556	-0.287562	0.801309	-0.0885364	0.0431135	-0.386872	-0.398999	-0.142606	-0.351887	0.141289	-0.33837	
-0.900752	-0.216164	-0.533347	-0.623084	-0.218206	-0.375762	0.407654	-0.275934	1.73473	0.987029	-0.0416059	-1.1567	0.256851	-0.308971	2.26	1.00234	-0.537741	-0.152827	-0.318001	1.01848	-0.365137	-0.0893079	-0.521596	-0.474712	-0.0549969	-0.390984	0.259256	-0.370433	
-0.852251	-0.376643	-0.611909	-0.814085	-0.215955	-0.390127	0.345837	-0.26983	1.85242	1.3266	0.0609205	-1.05249	0.552848	-0.612526	2.52595	1.02831	-0.925187	-0.223238	-0.277739	1.26317	-0.574133	-0.224918	-0.583437	-0.48705	0.0169548	-0.448975	0.341438	-0.373884	
-0.800874	-0.590847	-0.676013	-0.948866	-0.182021	-0.372748	0.289373	-0.244004	1.86095	1.59141	0.131248	-0.911517	0.699299	-0.831083	2.47576	0.978367	-1.09181	-0.252563	-0.214626	1.46899	-0.623914	-0.307933	-0.558701	-0.43649	0.0516587	-0.507408	0.363315	-0.358883	
-0.73698	-0.787508	-0.704683	-0.9666	-0.126559	-0.326567	0.226104	-0.227207	1.75147	1.69733	0.154454	-0.790319	0.641436	-0.966886	2.10239	0.878337	-0.940208	-0.227803	-0.180435	1.58751	-0.459582	-0.303721	-0.449491	-0.335353	0.036001	-0.5383	0.326642	-0.333387	
-0.637435	-0.90197	-0.670719	-0.848812	-0.0580357	-0.256335	0.148319	-0.231727	1.54269	1.62686	0.127851	-0.718573	0.397603	-1.03198	1.49418	0.743491	-0.517426	-0.155577	-0.200491	1.59132	-0.120104	-0.212465	-0.289464	-0.211339	-0.021384	-0.523641	0.241912	-0.306685	
-0.487359	-0.898534	-0.559927	-0.621957	0.0127276	-0.173636	0.0537146	-0.260189	1.28585	1.40462	0.0603604	-0.692306	0.043074	-1.03396	0.806738	0.582256	0.0361638	-0.0539706	-0.274513	1.48323	0.287707	-0.0636636	-0.125409	-0.0987261	-0.0929956	-0.458503	0.12521	-0.285925	
-0.291135	-0.766842	-0.381882	-0.337613	0.068627	-0.0923311	-0.0570351	-0.309871	1.04506	1.08231	-0.0262709	-0.678358	-0.323835	-0.991005	0.198675	0.401921	0.554584	0.0534849	-0.387122	1.2899	0.651805	0.101188	-0.00456107	-0.0237038	-0.151704	-0.34999	-0.00660544	-0.267614	
-0.0656306	-0.528797	-0.159819	-0.0645167	0.100155	-0.0245058	-0.182739	-0.371795	0.85931	0.732422	-0.101968	-0.610158	-0.609993	-0.851666	-0.211794	0.205809	0.875155	0.145642	-0.512398	1.04226	0.861361	0.238516	0.033215	-0.00563242	-0.169637	-0.222478	-0.152865	-0.247377	
0.141812	-0.225458	0.0540917	0.142493	0.094259	0.0195688	-0.318763	-0.441686	0.751557	0.405282	-0.14358	-0.447965	-0.767998	-0.584336	-0.388504	0.0224609	0.942777	0.21128	-0.634747	0.785621	0.884794	0.322066	-0.0193339	-0.0421752	-0.143712	-0.0998823	-0.30794	-0.211908	
0.285403	0.0953171	0.214013	0.250314	0.0530186	0.0405788	-0.457451	-0.510774	0.707835	0.145202	-0.136914	-0.169953	-0.790761	-0.167411	-0.367177	-0.114598	0.764559	0.245423	-0.742436	0.55252	0.732749	0.342366	-0.149484	-0.119442	-0.0812379	-0.00420175	-0.468914	-0.148471	
0.323094	0.388504	0.269788	0.25109	-0.0179251	0.0422306	-0.586144	-0.574244	0.706329	-0.0202723	-0.0891201	0.191918	-0.716904	0.347312	-0.23545	-0.150791	0.44335	0.248673	-0.839902	0.380032	0.479796	0.306224	-0.318359	-0.214412	-0.0066844	0.0566954	-0.620174	-0.0445808	
0.23706	0.611941	0.196474	0.161934	-0.103348	0.0352727	-0.68935	-0.624828	0.708763	-0.071001	-0.0205833	0.559007	-0.600969	0.850966	-0.0956872	-0.0381406	0.112324	0.224451	-0.936222	0.291409	0.226173	0.23163	-0.478008	-0.299725	0.0496775	0.0900506	-0.733712	0.104513	
0.0533108	0.741932	0.00483781	0.0115157	-0.176295	0.0297882	-0.747846	-0.655051	0.692957	-0.00753784	0.0450832	0.840016	-0.485203	1.19402	-0.00995627	0.235062	-0.124847	0.176304	-1.0329	0.293988	0.0433867	0.137239	-0.584577	-0.358889	0.0710059	0.108279	-0.779309	0.283758	
-0.182279	0.777954	-0.280986	-0.160717	-0.226954	0.029665	-0.747439	-0.665346	0.665887	0.152304	0.0836111	0.944109	-0.407195	1.21343	-0.00540906	0.653016	-0.182817	0.108434	-1.12769	0.397768	-0.00460748	0.0390209	-0.603982	-0.382379	0.038411	0.134038	-0.730599	0.47082	
-0.399042	0.732079	-0.602616	-0.325915	-0.246092	0.0342412	-0.688	-0.647227	0.641835	0.398111	0.0795781	0.837393	-0.375491	0.875007	-0.0549446	1.15038	-0.0825758	0.0238961	-1.20063	0.591944	0.0650078	-0.0575959	-0.535729	-0.375591	-0.0454292	0.171112	-0.596087	0.632447	
-0.549546	0.617004	-0.910337	-0.462307	-0.247563	0.034758	-0.581917	-0.597199	0.654787	0.704409	0.0248256	0.535714	-0.39606	0.249922	-0.110106	1.65197	0.122685	-0.0685876	-1.23019	0.868218	0.213183	-0.151013	-0.397198	-0.346451	-0.177967	0.214781	-0.408466	0.742709	
-0.617488	0.451455	-1.1633	-0.561421	-0.254034	0.0199053	-0.451411	-0.512854	0.733506	1.03081	-0.0761847	0.102686	-0.464864	-0.470425	-0.118581	2.08506	0.349997	-0.157942	-1.19917	1.19734	0.380026	-0.241461	-0.223506	-0.302675	-0.349502	0.243229	-0.219579	0.790443	
-0.617079	0.256774	-1.347	-0.626682	-0.294812	-0.0219343	-0.325818	-0.397609	0.892584	1.33559	-0.209162	-0.367493	-0.580518	-1.04391	-0.0502193	2.41199	0.530769	-0.235208	-1.10879	1.54818	0.51228	-0.330732	-0.057168	-0.25225	-0.549626	0.231364	-0.0881044	0.784633	
-0.603686	0.0514018	-1.48041	-0.666649	-0.397981	-0.0973525	-0.228417	-0.263822	1.12058	1.58079	-0.361916	-0.797736	-0.748119	-1.27446	0.0856701	2.64312	0.65597	-0.291235	-0.983534	1.89437	0.603642	-0.414373	0.0715735	-0.194028	-0.778308	0.169141	-0.0485515	0.754385	
-0.628704	-0.152824	-1.58404	-0.701115	-0.56254	-0.203459	-0.168754	-0.119844	1.39232	1.75977	-0.519138	-1.12916	-0.949661	-1.09043	0.275844	2.81244	0.715764	-0.325567	-0.851037	2.21145	0.644711	-0.49352	0.141051	-0.13172	-1.01582	0.0490903	-0.105319	0.730284	
-0.733792	-0.344181	-1.69718	-0.746532	-0.775342	-0.334288	-0.138812	0.013379	1.68282	1.88342	-0.669178	-1.33891	-1.16356	-0.594539	0.487801	2.97248	0.751839	-0.345875	-0.74771	2.49556	0.667604	-0.569508	0.151926	-0.0697601	-1.24869	-0.106975	-0.220151	0.738207	
-0.922915	-0.514819	-1.83323	-0.818056	-0.991178	-0.476213	-0.118094	0.11756	1.96417	1.97977	-0.800197	-1.43862	-1.33894	0.00440221	0.707447	3.15141	0.781624	-0.365634	-0.696157	2.73468	0.688603	-0.646795	0.113796	-0.0187352	-1.44508	-0.271808	-0.330459	0.783524	
-1.16608	-0.664571	-1.99756	-0.922395	-1.161	-0.616449	-0.0787985	0.173057	2.22437	2.08391	-0.901575	-1.46227	-1.42744	0.459723	0.933116	3.34632	0.812062	-0.398155	-0.69869	2.93128	0.718106	-0.730917	0.0502848	0.00562311	-1.57955	-0.412413	-0.369462	0.849519	
-1.41561	-0.788199	-2.18375	-1.05801	-1.24536	-0.749606	0.00588144	0.161087	2.4779	2.20499	-0.969866	-1.4527	-1.3953	0.596596	1.1734	3.5182	0.840106	-0.452588	-0.738291	3.0843	0.761833	-0.826651	-0.00964193	-0.00892237	-1.63852	-0.508909	-0.285942	0.903614	
-1.62019	-0.892676	-2.36616	-1.21982	-1.22416	-0.872253	0.144774	0.0836319	2.75045	2.35009	-1.00482	-1.43914	-1.23566	0.414412	1.4426	3.61041	0.81813	-0.531442	-0.777849	3.19246	0.787213	-0.939504	-0.0492316	-0.073063	-1.61575	-0.567202	-0.0770271	0.911809	
-1.7612	-0.98339	-2.53378	-1.39731	-1.11265	-0.987132	0.331835	-0.0489329	3.06425	2.48806	-1.01328	-1.45149	-0.987687	0.0645867	1.73719	3.58971	0.733963	-0.624938	-0.787198	3.24789	0.786187	-1.06242	-0.0537631	-0.178724	-1.53864	-0.606108	0.224626	0.8604	
-1.84707	-1.07305	-2.66891	-1.58142	-0.944155	-1.09234	0.548296	-0.204519	3.42692	2.57252	-1.00672	-1.51029	-0.707238	-0.213236	2.05255	3.45922	0.57157	-0.71551	-0.743187	3.22837	0.742043	-1.18477	-0.0218717	-0.305542	-1.43526	-0.664038	0.558155	0.759505	
-1.91476	-1.17202	-2.77289	-1.76277	-0.773605	-1.18494	0.767561	-0.343439	3.82427	2.55883	-0.996845	-1.6278	-0.463792	-0.214355	2.36457	3.28084	0.361646	-0.784918	-0.648747	3.11789	0.665079	-1.28988	0.0425277	-0.421054	-1.3489	-0.766466	0.858011	0.646006	
-2.00988	-1.28956	-2.84308	-1.93417	-0.646894	-1.25324	0.962949	-0.423955	4.21112	2.4169	-0.994709	-1.8002	-0.304277	0.140219	2.65056	3.1517	0.150849	-0.820393	-0.530583	2.89433	0.574812	-1.3632	0.124456	-0.490257	-1.30628	-0.919561	1.07909	0.573289	
-2.16231	-1.43937	-2.88048	-2.0861	-0.591513	-1.27689	1.1152	-0.407143	4.51962	2.16698	-1.00153	-2.00504	-0.239636	0.731348	2.89527	3.17593	-0.0202501	-0.816566	-0.423896	2.55939	0.484373	-1.39336	0.206626	-0.49011	-1.31428	-1.09963	1.20179	0.591608	
-2.365	-1.62348	-2.87995	-2.20308	-0.605254	-1.23813	1.21111	-0.283375	4.68313	1.84068	-1.00332	-2.18785	-0.233648	1.28722	3.09637	3.41082	-0.119931	-0.780178	-0.368938	2.11685	0.407306	-1.37604	0.26955	-0.412988	-1.35094	-1.25819	1.24369	0.72358	
-2.5714	-1.83717	-2.8188	-2.2628	-0.657992	-1.12096	1.23756	-0.0676066	4.64564	1.49632	-0.976863	-2.27119	-0.217464	1.54158	3.25931	3.82984	-0.170405	-0.725599	-0.390183	1.59102	0.321091	-1.31531	0.286699	-0.279335	-1.36733	-1.34227	1.23227	0.951392	
-2.71567	-2.05495	-2.68337	-2.23596	-0.713351	-0.929418	1.17994	0.186712	4.37199	1.17818	-0.890208	-2.18729	-0.128747	1.32337	3.37836	4.33567	-0.186288	-0.669398	-0.500609	1.02152	0.21932	-1.21476	0.243278	-0.125164	-1.32119	-1.30493	1.19813	1.22485	
-2.72398	-2.23447	-2.45181	-2.09592	-0.731866	-0.681393	1.01996	0.4066	3.85741	0.894813	-0.715628	-1.88215	0.0727904	0.685275	3.43988	4.75878	-0.206636	-0.622748	-0.690213	0.439092	0.0877195	-1.0812	0.128482	0.00464337	-1.16866	-1.13323	1.15719	1.46729	
-2.54435	-2.32191	-2.11242	-1.83096	-0.688743	-0.413142	0.739456	0.516077	3.13278	0.622195	-0.433072	-1.35036	0.385221	-0.121506	3.41647	4.91915	-0.257717	-0.587136	-0.933304	-0.120012	-0.0729316	-0.918178	-0.0536427	0.0678665	-0.891191	-0.851854	1.1034	1.59984	
-2.159	-2.25922	-1.65805	-1.44917	-0.572589	-0.167735	0.329908	0.44661	2.23364	0.279533	-0.0336851	-0.643866	0.769386	-0.737747	3.27473	4.67552	-0.320413	-0.55173	-1.20542	-0.656443	-0.222405	-0.724035	-0.283322	0.0411192	-0.492101	-0.514047	1.03065	1.5699	
-1.59004	-2.00709	-1.09163	-0.97986	-0.383589	0.0208888	-0.195546	0.169818	1.20076	-0.21943	0.473093	0.129514	1.16356	-0.855971	2.9855	3.97035	-0.353772	-0.493118	-1.47857	-1.18281	-0.306544	-0.491545	-0.523779	-0.0761335	0.00683459	-0.18501	0.930884	1.36324	
-0.894429	-1.55768	-0.425906	-0.469123	-0.129941	0.128265	-0.796233	-0.306721	0.0696752	-0.95162	1.06391	0.841527	1.50737	-0.392072	2.53562	2.8547	-0.271837	-0.383512	-1.73267	-1.73329	-0.241571	-0.214261	-0.720256	-0.254863	0.569313	0.0821199	0.81917	1.00434	
-0.140945	-0.945574	0.32189	0.0255882	0.184398	0.154618	-1.40464	-0.9288	-1.12873	-1.94406	1.70314	1.38298	1.76876	0.509984	1.93641	1.46004	-0.0120039	-0.199029	-1.94824	-2.34538	0.0279769	0.104446	-0.822409	-0.451545	1.16168	0.256211	0.726492	0.54675	
0.597669	-0.247502	1.11563	0.452205	0.552591	0.116332	-1.93693	-1.61219	-2.36055	-3.14652	2.34964	1.67952	1.9409	1.45168	1.21768	-0.0151857	0.473276	0.0722036	-2.10824	-3.02575	0.535467	0.453653	-0.781715	-0.616151	1.74514	0.343247	0.691829	0.0620839	
1.26602	0.427027	1.91202	0.778555	0.969856	0.0484836	-2.31355	-2.25984	-3.59079	-4.45319	2.95919	1.72484	2.04654	1.98219	0.422682	-1.37934	1.17162	0.428297	-2.19224	-3.77016	1.26011	0.813463	-0.574784	-0.701163	2.29053	0.373351	0.747722	-0.387423	
1.82591	0.964968	2.65511	0.992335	1.41944	-0.0141535	-2.48372	-2.78135	-4.75263	-5.70463	3.48542	1.56596	2.11222	1.79262	-0.405378	-2.48789	2.00319	0.846635	-2.17742	-4.5209	2.11807	1.15579	-0.208989	-0.680543	2.76677	0.38318	0.893457	-0.763463	
2.25138	1.28557	3.27601	1.10754	1.86007	-0.0503631	-2.43663	-3.1258	-5.77983	-6.75183	3.89041	1.27053	2.14324	0.817713	-1.24391	-3.26043	2.89532	1.29201	-2.05703	-5.1943	3.02796	1.45525	0.284013	-0.545309	3.13181	0.405676	1.10132	-1.05038	
2.53661	1.35893	3.71771	1.15058	2.24052	-0.0507522	-2.21084	-3.27133	-6.60276	-7.47309	4.14922	0.912674	2.12422	-0.686919	-2.08035	-3.70374	3.74088	1.72104	-1.8323	-5.69548	3.88067	1.69117	0.841454	-0.311505	3.35519	0.44821	1.30654	-1.25654	
2.68368	1.2282	3.94032	1.151	2.50104	-0.0298218	-1.88039	-3.24131	-7.16767	-7.81679	4.25492	0.538586	2.01736	-2.29167	-2.90492	-3.88264	4.47932	2.09391	-1.52352	-5.9415	4.60842	1.85613	1.39863	-0.00949337	3.40909	0.49759	1.43841	-1.4069	
2.71751	0.983064	3.946	1.1299	2.60339	-0.0105059	-1.53142	-3.08498	-7.45674	-7.81398	4.22552	0.165979	1.80056	-3.51433	-3.69167	-3.91078	5.06978	2.38148	-1.16445	-5.90165	5.16672	1.95335	1.888	0.319362	3.29676	0.521101	1.4454	-1.53336	
2.66952	0.734993	3.7822	1.0949	2.54209	-0.0194626	-1.23992	-2.86257	-7.48235	-7.54684	4.10316	-0.204101	1.47447	-4.05812	-4.39435	-3.90505	5.50108	2.571	-0.796603	-5.59279	5.54685	1.99507	2.26365	0.629196	3.05827	0.487928	1.31144	-1.66369	
2.58166	0.576664	3.53243	1.04956	2.35484	-0.0736076	-1.04978	-2.63598	-7.3114	-7.15374	3.95089	-0.567531	1.08505	-3.91816	-4.95471	-3.96661	5.80122	2.6732	-0.461222	-5.10607	5.786	2.00128	2.51044	0.888118	2.76642	0.38571	1.07379	-1.81847	
2.50383	0.560483	3.30234	0.990658	2.11985	-0.174398	-0.969824	-2.44847	-7.02311	-6.75295	3.83999	-0.889946	0.716923	-3.34946	-5.31367	-4.16874	5.97263	2.70943	-0.187224	-4.55828	5.90834	1.98677	2.63166	1.06737	2.51984	0.219861	0.79821	-2.01214	
2.47832	0.682948	3.1811	0.924841	1.9215	-0.310878	-0.975374	-2.33245	-6.70356	-6.43689	3.83169	-1.12632	0.457467	-2.78593	-5.44974	-4.53318	6.04325	2.71038	0.0042055	-4.06619	5.962	1.96623	2.65645	1.15659	2.40328	0.0243744	0.562417	-2.24656	
2.54152	0.881022	3.23706	0.871708	1.83701	-0.454794	-1.03454	-2.29287	-6.42027	-6.23755	3.96101	-1.20821	0.380005	-2.5887	-5.38642	-5.04966	5.9972	2.70093	0.110746	-3.72484	5.95008	1.94775	2.60528	1.15376	2.4818	-0.15934	0.414683	-2.51438	
2.70231	1.08408	3.4831	0.858948	1.89743	-0.578326	-1.12405	-2.32323	-6.19947	-6.13054	4.22705	-1.08612	0.498441	-2.92692	-5.20083	-5.66745	5.82744	2.69449	0.13556	-3.56997	5.86571	1.93724	2.49699	1.06752	2.76323	-0.291338	0.356714	-2.79803	
2.95117	1.23152	3.87332	0.917917	2.0722	-0.657709	-1.24155	-2.4105	-6.03457	-6.05752	4.58741	-0.755747	0.763771	-3.67938	-5.00908	-6.30721	5.55123	2.68639	0.078962	-3.57706	5.70015	1.93879	2.33175	0.915728	3.19175	-0.342	0.345235	-3.06501	
3.25915	1.31225	4.32949	1.06655	2.28388	-0.678357	-1.4089	-2.53087	-5.88587	-5.92975	4.9756	-0.251753	1.07595	-4.51696	-4.92597	-6.87803	5.18913	2.6572	-0.0600884	-3.66751	5.42956	1.95454	2.09341	0.713471	3.67465	-0.303696	0.297225	-3.27434	
3.5896	1.36077	4.75152	1.3071	2.42456	-0.639557	-1.65779	-2.66531	-5.71539	-5.69569	5.31452	0.340565	1.31644	-5.04099	-5.03155	-7.29399	4.81219	2.58494	-0.286818	-3.75233	5.06592	1.99097	1.7694	0.486073	4.09261	-0.180274	0.135787	-3.38332	
3.90838	1.44411	5.05929	1.61378	2.40344	-0.547349	-2.01256	-2.78549	-5.48303	-5.31087	5.53857	0.934631	1.39604	-4.94102	-5.32782	-7.49849	4.46155	2.44706	-0.597041	-3.74788	4.60394	2.04781	1.34317	0.250349	4.34806	0.00545506	-0.191616	-3.3625	
4.18246	1.62726	5.19843	1.94036	2.1695	-0.412552	-2.46616	-2.8648	-5.1666	-4.77737	5.60843	1.4568	1.2798	-4.1712	-5.74321	-7.46613	4.17665	2.23649	-0.976221	-3.60606	4.06435	2.11991	0.824717	0.0266576	4.38548	0.232527	-0.68256	-3.19698	
4.38311	1.92233	5.15992	2.23122	1.73575	-0.24477	-2.97987	-2.87757	-4.76967	-4.12869	5.51872	1.88184	1.00591	-2.91492	-6.15153	-7.21621	3.95184	1.96331	-1.39263	-3.32914	3.46757	2.19227	0.239717	-0.167073	4.20806	0.482661	-1.27635	-2.89585	
4.48997	2.29688	4.9671	2.43275	1.17715	-0.0510612	-3.48356	-2.80091	-4.31087	-3.41353	5.30034	2.22784	0.666791	-1.53405	-6.41359	-6.80196	3.72981	1.65349	-1.79625	-2.95654	2.82385	2.24224	-0.364438	-0.316984	3.87242	0.736912	-1.88053	-2.49333	
4.48804	2.65748	4.65266	2.51219	0.589409	0.159078	-3.89816	-2.63023	-3.81216	-2.68806	4.99507	2.52659	0.360801	-0.374704	-6.4381	-6.28657	3.45117	1.33997	-2.13831	-2.53855	2.16109	2.24599	-0.93247	-0.41057	3.45026	0.985296	-2.393	-2.03426	
4.37768	2.89379	4.27071	2.46514	0.0789242	0.377721	-4.16146	-2.37037	-3.29065	-1.9912	4.64935	2.81941	0.169727	0.349853	-6.20133	-5.74111	3.03183	1.05441	-2.37223	-2.12437	1.48317	2.18433	-1.4204	-0.450812	3.02768	1.21162	-2.74767	-1.5738	
4.16728	2.92452	3.85842	2.31771	-0.289005	0.588827	-4.24444	-2.05212	-2.76359	-1.37019	4.29779	3.10451	0.115782	0.633941	-5.76618	-5.21247	2.45935	0.82005	-2.4789	-1.74595	0.828643	2.05382	-1.7912	-0.442588	2.6584	1.40416	-2.92059	-1.15605	
3.87856	2.72518	3.44259	2.11462	-0.497381	0.775614	-4.16096	-1.71379	-2.23861	-0.842975	3.95167	3.35287	0.161628	0.684124	-5.24828	-4.7232	1.75643	0.644092	-2.46351	-1.40912	0.226542	1.86507	-2.03809	-0.403204	2.36011	1.5494	-2.93933	-0.810119	
3.54653	2.35763	3.03681	1.90779	-0.576812	0.919786	-3.95357	-1.39671	-1.72547	-0.420931	3.60567	3.50572	0.233662	0.732102	-4.77448	-4.27029	1.0096	0.519605	-2.35077	-1.10013	-0.283438	1.64434	-2.16639	-0.352891	2.11944	1.64128	-2.86371	-0.544428	
3.21029	1.9293	2.64118	1.7439	-0.590323	1.00573	-3.67742	-1.13755	-1.24205	-0.117746	3.24293	3.50708	0.247751	0.945208	-4.44073	-3.83989	0.353755	0.436408	-2.18066	-0.801723	-0.649572	1.42741	-2.18973	-0.30457	1.89487	1.68632	-2.74961	-0.35062	
2.90684	1.56764	2.25767	1.64765	-0.592429	1.03173	-3.37606	-0.947613	-0.809744	0.0707042	2.84963	3.33825	0.159107	1.3307	-4.26234	-3.42487	-0.116296	0.380306	-1.98035	-0.510035	-0.861137	1.24408	-2.12572	-0.269171	1.65255	1.69297	-2.63805	-0.21607	
2.64706	1.36526	1.87083	1.61774	-0.628494	1.00499	-3.06882	-0.819101	-0.451825	0.151619	2.42291	3.01991	-0.0367417	1.73539	-4.19339	-3.01642	-0.331209	0.340441	-1.77035	-0.23014	-0.913634	1.11086	-1.98471	-0.240749	1.36183	1.68228	-2.53122	-0.114394	
2.42425	1.33535	1.47654	1.62571	-0.700396	0.950477	-2.74873	-0.714775	-0.182877	0.16099	1.97359	2.63497	-0.279973	1.91839	-4.13118	-2.62389	-0.335208	0.309129	-1.54677	0.0205752	-0.864566	1.02055	-1.78254	-0.207574	1.02693	1.66954	-2.40489	-0.0236768	
2.21011	1.42332	1.06272	1.6267	-0.791338	0.894964	-2.39401	-0.592343	-0.0101268	0.13061	1.52876	2.27479	-0.489764	1.69465	-3.97274	-2.24949	-0.223391	0.279374	-1.29917	0.21936	-0.782648	0.948733	-1.53028	-0.148757	0.665327	1.66655	-2.22309	0.0811084	
1.9762	1.51535	0.61705	1.57184	-0.876535	0.865481	-1.98982	-0.413708	0.0783273	0.0928373	1.1203	2.02216	-0.591504	1.07753	-3.65162	-1.88927	-0.137447	0.241438	-1.02437	0.346993	-0.751097	0.858184	-1.25373	-0.0495066	0.303848	1.67535	-1.95973	0.225367	
1.70239	1.49572	0.148504	1.41982	-0.932471	0.880431	-1.54377	-0.153649	0.113689	0.0942806	0.775537	1.91654	-0.538882	0.256975	-3.15016	-1.52603	-0.233543	0.178167	-0.726944	0.402889	-0.860296	0.712274	-0.991223	0.0869416	-0.0223274	1.68874	-1.62432	0.430629	
1.38811	1.29724	-0.337029	1.15582	-0.964431	0.941305	-1.08936	0.177977	0.129362	0.14115	0.506923	1.94121	-0.351145	-0.445007	-2.51936	-1.12636	-0.575118	0.0769173	-0.442704	0.400595	-1.13606	0.492405	-0.778962	0.249076	-0.300054	1.70504	-1.25334	0.715717	
1.05862	0.92057	-0.808819	0.78819	-0.988867	1.03882	-0.681604	0.552409	0.158308	0.241151	0.309244	2.04878	-0.0820941	-0.674101	-1.83222	-0.664876	-1.18315	-0.0741633	-0.215391	0.360565	-1.5861	0.198704	-0.658504	0.401853	-0.519398	1.71958	-0.909825	1.08224	
0.74667	0.445629	-1.24181	0.354423	-1.04133	1.14695	-0.376987	0.91791	0.221436	0.379381	0.161151	2.16384	0.174229	-0.232561	-1.17732	-0.122088	-1.95822	-0.271053	-0.0935576	0.313317	-2.14153	-0.140338	-0.644487	0.511839	-0.698373	1.73987	-0.655414	1.51833	
0.488825	-0.0114155	-1.611	-0.087445	-1.1466	1.23857	-0.20876	1.22048	0.332385	0.537335	0.0290334	2.23457	0.331268	0.81084	-0.614045	0.491507	-2.74648	-0.494368	-0.109843	0.291064	-2.69794	-0.480352	-0.727287	0.551696	-0.862625	1.77858	-0.526776	1.98869	
0.294626	-0.335214	-1.90363	-0.47355	-1.31047	1.28877	-0.172872	1.41526	0.497168	0.689794	-0.123108	2.22806	0.325047	2.17381	-0.159454	1.1382	-3.37488	-0.707935	-0.265534	0.314361	-3.13419	-0.770705	-0.862456	0.511107	-1.04358	1.84857	-0.527223	2.43993	
0.14477	-0.466136	-2.1357	-0.750156	-1.52221	1.28161	-0.231024	1.47703	0.713576	0.818702	-0.321239	2.1414	0.129884	3.46768	0.192426	1.76695	-3.68745	-0.872273	-0.537255	0.399924	-3.33179	-0.969792	-0.989419	0.403618	-1.27314	1.95452	-0.621338	2.81676	
0.00162215	-0.420146	-2.3187	-0.888547	-1.74145	1.21973	-0.323439	1.41774	0.976509	0.93154	-0.573324	2.00422	-0.221556	4.31288	0.474663	2.31796	-3.63925	-0.955576	-0.866725	0.549805	-3.24883	-1.05668	-1.05456	0.257914	-1.55508	2.08318	-0.755979	3.07199	
-0.178926	-0.268531	-2.48322	-0.88639	-1.93489	1.113	-0.388983	1.26051	1.27345	1.01363	-0.868746	1.83561	-0.677812	4.50701	0.705105	2.75853	-3.22252	-0.944441	-1.19894	0.753619	-2.86988	-1.02977	-1.01585	0.117686	-1.89034	2.21193	-0.873678	3.18273	
-0.416767	-0.114424	-2.63924	-0.77451	-2.07363	0.982143	-0.390357	1.04921	1.58244	1.06684	-1.17748	1.64842	-1.16134	4.0979	0.894716	3.08379	-2.53518	-0.8567	-1.48646	0.985661	-2.26363	-0.912765	-0.87617	0.0138921	-2.24853	2.30267	-0.93451	3.15391	
-0.706897	-0.0540677	-2.78106	-0.611746	-2.14605	0.848478	-0.322134	0.83373	1.87994	1.09771	-1.46162	1.42997	-1.59883	3.3319	1.04672	3.32296	-1.7211	-0.730855	-1.69793	1.2177	-1.54987	-0.743027	-0.669673	-0.0375899	-2.58694	2.31788	-0.928131	3.0204	
-1.01555	-0.139382	-2.89207	-0.466291	-2.16195	0.731007	-0.205807	0.661489	2.13923	1.12619	-1.69237	1.17051	-1.93516	2.54474	1.16188	3.52853	-0.943383	-0.620535	-1.82347	1.42804	-0.871977	-0.565518	-0.459108	-0.0401668	-2.85914	2.23171	-0.868355	2.83678	
-1.29271	-0.363185	-2.94157	-0.405666	-2.13449	0.642601	-0.0737684	0.572293	2.33648	1.1809	-1.85538	0.864757	-2.1304	2.01474	1.26635	3.74912	-0.36524	-0.570549	-1.86064	1.59745	-0.376036	-0.424349	-0.306677	-0.0169589	-3.01878	2.03637	-0.78008	2.65531	
-1.50802	-0.678395	-2.92788	-0.476005	-2.08752	0.585036	0.0467057	0.587938	2.4561	1.30748	-1.95839	0.518753	-2.18119	1.85226	1.39204	4.02851	-0.0742022	-0.60443	-1.81518	1.7353	-0.14155	-0.349532	-0.249072	0.0103564	-3.05551	1.748	-0.68403	2.52231	
-1.65444	-1.02514	-2.8576	-0.685758	-2.02744	0.557034	0.150877	0.719112	2.49853	1.55739	-2.02664	0.159348	-2.10329	1.94867	1.58315	4.37345	-0.113143	-0.712868	-1.68234	1.86032	-0.197248	-0.354641	-0.288116	0.0270991	-2.97623	1.40011	-0.589156	2.45885	
-1.76536	-1.35292	-2.77423	-1.00529	-1.95671	0.546341	0.256607	0.94846	2.48685	1.95145	-2.09456	-0.192322	-1.94288	2.07153	1.86677	4.76568	-0.420692	-0.857906	-1.45956	2.00559	-0.476406	-0.432453	-0.379951	0.0350058	-2.82991	1.038	-0.49064	2.45936	
-1.89157	-1.62922	-2.72771	-1.3711	-1.8702	0.540112	0.391618	1.24468	2.45233	2.48794	-2.18919	-0.522766	-1.75606	1.95507	2.23517	5.16093	-0.888265	-0.988088	-1.14548	2.19994	-0.863761	-0.558211	-0.461659	0.0500289	-2.67425	0.697665	-0.375458	2.49738	
-2.07023	-1.85708	-2.7485	-1.70541	-1.75514	0.526536	0.574082	1.56096	2.42751	3.10312	-2.31452	-0.835906	-1.59349	1.43933	2.64647	5.49291	-1.37865	-1.05129	-0.749196	2.44296	-1.22697	-0.69346	-0.46956	0.0922427	-2.55748	0.403841	-0.236515	2.53333	
-2.31058	-2.04043	-2.84282	-1.92629	-1.61508	0.491375	0.801284	1.83253	2.43419	3.67426	-2.4496	-1.15762	-1.5056	0.537168	3.01475	5.70212	-1.72138	-1.01589	-0.306434	2.7052	-1.42342	-0.792511	-0.360528	0.179375	-2.51657	0.164257	-0.0771784	2.52534	
-2.56716	-2.17142	-2.96109	-1.97823	-1.45554	0.423235	1.04326	1.99667	2.4677	4.05609	-2.54953	-1.52408	-1.51375	-0.568182	3.25133	5.73379	-1.79038	-0.877965	0.130836	2.92291	-1.36854	-0.816215	-0.130267	0.306996	-2.54402	-0.0314037	0.0845165	2.43029	
-2.76009	-2.22544	-3.03181	-1.84586	-1.29112	0.312108	1.25315	1.99977	2.50224	4.11081	-2.5612	-1.95897	-1.6156	-1.60942	3.28696	5.55363	-1.50284	-0.657798	0.500322	3.02647	-1.02916	-0.738647	0.194218	0.454377	-2.60617	-0.203798	0.224691	2.21905	
-2.79975	-2.16623	-2.96671	-1.55449	-1.13255	0.156939	1.38817	1.81983	2.49876	3.77325	-2.4463	-2.4508	-1.77944	-2.32796	3.10147	5.14396	-0.879344	-0.393141	0.755534	2.95831	-0.456545	-0.558848	0.555653	0.585616	-2.64207	-0.378522	0.320386	1.87469	
-2.63268	-1.96733	-2.71209	-1.17009	-0.98422	-0.0354666	1.42718	1.47025	2.42209	3.07405	-2.19888	-2.95049	-1.95522	-2.57636	2.73581	4.51718	-0.0204077	-0.123768	0.878146	2.70499	0.247305	-0.303409	0.89605	0.664269	-2.6004	-0.567935	0.362179	1.39913	
-2.26916	-1.62528	-2.27808	-0.774588	-0.846338	-0.247126	1.38581	1.00229	2.25852	2.15055	-1.85048	-3.39159	-2.09206	-2.4168	2.27566	3.72489	0.922171	0.119582	0.886221	2.31487	0.963885	-0.0170317	1.17561	0.674919	-2.45696	-0.775401	0.365116	0.820664	
-1.78776	-1.19596	-1.73496	-0.445611	-0.710283	-0.446745	1.30713	0.500007	2.01533	1.21759	-1.46732	-3.70052	-2.1505	-2.00358	1.82551	2.84067	1.75843	0.322213	0.830757	1.8805	1.56804	0.24638	1.37462	0.623557	-2.22258	-0.986498	0.349583	0.191872	
-1.31151	-0.760818	-1.20866	-0.228083	-0.57597	-0.60257	1.24727	0.0480186	1.7328	0.480933	-1.12794	-3.83443	-2.12435	-1.57867	1.4663	1.96826	2.35758	0.482137	0.770195	1.51699	1.99181	0.443072	1.50234	0.542727	-1.95257	-1.17274	0.342925	-0.415191	
-0.958074	-0.403387	-0.820985	-0.126326	-0.448171	-0.680776	1.24595	-0.275593	1.45633	0.109691	-0.897429	-3.77839	-2.02696	-1.36287	1.2388	1.21508	2.62714	0.600788	0.758638	1.32138	2.19282	0.547683	1.57058	0.472308	-1.71096	-1.30232	0.355947	-0.921041	
-0.795667	-0.192549	-0.653149	-0.107854	-0.338446	-0.659448	1.30846	-0.428881	1.22936	0.136244	-0.800773	-3.55632	-1.88577	-1.4645	1.13784	0.66568	2.56749	0.680349	0.815597	1.32249	2.18104	0.565197	1.59033	0.446725	-1.54787	-1.34459	0.383211	-1.25433	
-0.815209	-0.150573	-0.710756	-0.10946	-0.267208	-0.539395	1.40366	-0.416661	1.08116	0.469632	-0.818713	-3.21751	-1.73481	-1.86236	1.11832	0.366717	2.26252	0.714891	0.922875	1.47762	2.00412	0.52571	1.55835	0.478716	-1.48258	-1.28808	0.405322	-1.37645	
-0.939148	-0.243718	-0.917903	-0.0710199	-0.245616	-0.344971	1.47432	-0.281152	1.00831	0.924805	-0.891618	-2.81601	-1.5939	-2.41554	1.126	0.302627	1.83862	0.698341	1.03696	1.67868	1.71882	0.471564	1.46118	0.55181	-1.48916	-1.14049	0.394041	-1.29598	
-1.04814	-0.389053	-1.15564	0.0446462	-0.274989	-0.129789	1.46502	-0.102095	0.993178	1.27492	-0.938574	-2.40901	-1.46744	-2.97248	1.11615	0.409256	1.45898	0.626287	1.09695	1.79894	1.41074	0.443738	1.29382	0.628526	-1.51157	-0.934935	0.342604	-1.0702	
-1.03776	-0.496517	-1.28966	0.235985	-0.333777	0.0449053	1.34536	0.0444022	0.998989	1.36192	-0.892731	-2.02356	-1.33813	-3.37046	1.07569	0.578506	1.22301	0.503463	1.06004	1.74103	1.13341	0.45884	1.05644	0.658802	-1.4786	-0.723499	0.256734	-0.792989	
-0.869097	-0.505288	-1.24037	0.463144	-0.389431	0.12026	1.12797	0.0946877	1.00224	1.12092	-0.720467	-1.684	-1.18581	-3.54168	1.01917	0.70811	1.19644	0.345751	0.911278	1.47501	0.944881	0.510239	0.779201	0.606473	-1.34288	-0.553966	0.171659	-0.564604	
-0.57952	-0.399718	-0.999946	0.664789	-0.404624	0.0610166	0.867032	0.0225453	0.989865	0.628557	-0.434155	-1.40621	-0.991723	-3.52317	0.974507	0.728193	1.36621	0.177698	0.677755	1.05904	0.875146	0.565086	0.510217	0.462424	-1.09417	-0.469208	0.135269	-0.463073	
-0.270945	-0.219434	-0.634269	0.778186	-0.350456	-0.13286	0.637392	-0.159838	0.96656	0.0358832	-0.0859647	-1.21232	-0.751925	-3.38447	0.96652	0.614077	1.66907	0.0273531	0.414687	0.603893	0.932152	0.582716	0.306119	0.246716	-0.762903	-0.483888	0.186803	-0.519016	
-0.0622652	-0.0342985	-0.261186	0.769364	-0.225379	-0.428888	0.507283	-0.41651	0.954317	-0.481563	0.249466	-1.1257	-0.487281	-3.2279	0.994301	0.405891	2.03077	-0.0885688	0.184394	0.243847	1.11222	0.528827	0.214639	0.00620869	-0.417479	-0.58385	0.347015	-0.707838	
-0.0349038	0.0899002	0.0176529	0.641415	-0.0426379	-0.759287	0.510705	-0.68228	0.96842	-0.785513	0.502866	-1.15105	-0.224436	-3.13388	1.04241	0.170443	2.34147	-0.163777	0.0513313	0.0738525	1.35542	0.389617	0.248137	-0.206832	-0.12063	-0.731344	0.592741	-0.959976	
-0.20085	0.102715	0.135544	0.432922	0.160707	-1.05488	0.638157	-0.906014	1.02205	-0.843737	0.639334	-1.28255	0.00522318	-3.13042	1.08138	-0.0148155	2.54003	-0.20843	0.0460635	0.112709	1.60688	0.181607	0.390078	-0.350187	0.0822158	-0.874096	0.877068	-1.18887	
-0.487385	0.0044297	0.104549	0.203468	0.350362	-1.25585	0.842493	-1.04446	1.10384	-0.720882	0.656908	-1.47644	0.188699	-3.16285	1.09049	-0.112831	2.56425	-0.237474	0.17433	0.29135	1.7784	-0.0589608	0.58556	-0.404292	0.192493	-0.979752	1.1347	-1.3253	
-0.779642	-0.172277	-0.0166516	0.00859754	0.498138	-1.33631	1.06139	-1.08285	1.19552	-0.547764	0.585314	-1.67943	0.320908	-3.16086	1.06612	-0.125678	2.40951	-0.263756	0.414616	0.496059	1.81143	-0.282497	0.776705	-0.374419	0.239434	-1.0323	1.30988	-1.33938	
-0.958983	-0.362473	-0.147932	-0.120041	0.592456	-1.31217	1.24149	-1.03576	1.26208	-0.456552	0.474558	-1.8391	0.409862	-3.05118	1.01587	-0.0939582	2.11336	-0.289765	0.720729	0.610308	1.69249	-0.449545	0.917502	-0.283534	0.268377	-1.04722	1.38002	-1.25106	
-0.95458	-0.501629	-0.216227	-0.186644	0.646437	-1.22795	1.35572	-0.928719	1.27043	-0.519033	0.368255	-1.91404	0.475223	-2.7851	0.967109	-0.0848345	1.71863	-0.307287	1.0433	0.565655	1.43822	-0.542669	0.986411	-0.169948	0.324066	-1.0576	1.35284	-1.11623	
-0.775398	-0.56067	-0.204752	-0.221772	0.67906	-1.14337	1.41049	-0.802591	1.19697	-0.734641	0.297595	-1.89892	0.531799	-2.37955	0.94165	-0.145219	1.31224	-0.301556	1.32837	0.368276	1.13066	-0.568185	0.999351	-0.062023	0.419102	-1.09443	1.27608	-0.998757	
-0.494064	-0.533074	-0.134387	-0.264356	0.716833	-1.10258	1.43094	-0.686527	1.0266	-1.02246	0.272427	-1.81387	0.593578	-1.90842	0.946049	-0.295719	0.959194	-0.256139	1.53582	0.085597	0.855331	-0.550974	0.988942	0.0210184	0.545678	-1.17681	1.20556	-0.94438	
-0.221601	-0.441148	-0.0594193	-0.340657	0.770109	-1.12952	1.44681	-0.612787	0.766218	-1.28776	0.291786	-1.70545	0.663785	-1.4964	0.964194	-0.510416	0.748562	-0.167964	1.62898	-0.18172	0.715954	-0.518942	0.998808	0.0711999	0.668961	-1.28831	1.19079	-0.96425	
-0.0426186	-0.301433	-0.0247214	-0.445725	0.835963	-1.21021	1.46655	-0.599944	0.422802	-1.46192	0.348752	-1.60608	0.746662	-1.25084	0.960267	-0.739241	0.729226	-0.0504768	1.58194	-0.362984	0.769237	-0.493113	1.04617	0.0902024	0.758949	-1.38803	1.25387	-1.03344	
0.0107943	-0.140148	-0.0358946	-0.547003	0.905288	-1.30367	1.47716	-0.6496	0.0302	-1.52785	0.437615	-1.52172	0.846446	-1.26225	0.908718	-0.933264	0.89678	0.0692492	1.39401	-0.431399	1.00003	-0.476714	1.12246	0.0756168	0.80851	-1.42243	1.37654	-1.10766	
-0.0309151	0.030271	-0.0596043	-0.593189	0.96224	-1.36264	1.45022	-0.760526	-0.372766	-1.55044	0.564612	-1.43273	0.969288	-1.53409	0.792748	-1.07041	1.21786	0.161851	1.07829	-0.438802	1.35116	-0.455028	1.19516	0.028222	0.835449	-1.34752	1.5207	-1.14961	
-0.0899706	0.213378	-0.0191554	-0.540508	1.00541	-1.34688	1.35449	-0.911879	-0.740276	-1.60852	0.727806	-1.28684	1.12477	-1.99017	0.625283	-1.17663	1.58338	0.207676	0.679157	-0.477497	1.69935	-0.406721	1.21544	-0.0560806	0.888383	-1.15675	1.63131	-1.14815	
