-2.13944	-2.2766	-1.04168	-1.45121	-0.219246	-0.183774	1.26817	1.31972	1.83772	1.13823	-0.581285	-1.15756	0.266312	-1.01391	2.3559	3.06066	-1.97588	-1.30709	0.1027	1.04418	-1.32806	-2.18916	-0.196004	-0.357135	0.19671	-0.957867	0.843648	0.236364	
-2.11835	-1.83009	-0.991193	-1.2217	-0.274889	-0.129459	1.08756	1.07526	1.54315	0.743243	-0.696353	-0.957072	1.12697	-0.274751	2.14572	2.64792	-1.75325	-1.29184	-0.0274454	0.778466	-1.38924	-1.97086	-0.274944	-0.391585	0.156656	-0.715657	0.763928	0.31559	
-1.90009	-1.24576	-0.961005	-0.985667	-0.392328	-0.0618839	0.824584	0.780181	1.10175	0.272312	-0.833614	-0.75353	1.86685	0.585873	1.68802	2.02561	-1.39807	-1.14504	-0.143963	0.385368	-1.30622	-1.61151	-0.309219	-0.356634	0.0331062	-0.452786	0.582136	0.365775	
-1.50279	-0.622454	-0.902765	-0.79015	-0.516542	-0.0214745	0.537155	0.493582	0.62283	-0.146421	-0.946581	-0.576539	2.18526	1.24375	1.0515	1.35455	-0.960708	-0.880705	-0.202503	-0.00171617	-1.07523	-1.17263	-0.278074	-0.252278	-0.119408	-0.257037	0.343252	0.3607	
-1.0026	-0.0819962	-0.791853	-0.662974	-0.60174	-0.0401529	0.292143	0.268493	0.2378	-0.396852	-0.998662	-0.431781	1.92247	1.47939	0.376224	0.798879	-0.518327	-0.549329	-0.171278	-0.241976	-0.745052	-0.738857	-0.179579	-0.0952598	-0.261601	-0.185433	0.0999121	0.286211	
-0.507894	0.299381	-0.628866	-0.604177	-0.618675	-0.12511	0.127986	0.12447	0.0453423	-0.417137	-0.961932	-0.285372	1.09633	1.24618	-0.183837	0.45795	-0.150753	-0.224962	-0.0511187	-0.23856	-0.404188	-0.383983	-0.0355358	0.0742354	-0.374636	-0.234668	-0.0971948	0.158128	
-0.127596	0.475551	-0.449256	-0.596073	-0.574122	-0.262499	0.0565297	0.0549806	0.0885369	-0.214282	-0.839709	-0.109925	-0.0535177	0.684839	-0.494934	0.35152	0.0813754	0.0179681	0.129383	0.0263642	-0.142294	-0.158093	0.110763	0.209794	-0.466088	-0.352929	-0.228775	0.00619279	
0.0647994	0.451556	-0.297939	-0.61277	-0.491381	-0.421864	0.0637192	0.0296093	0.338694	0.141571	-0.663449	0.088696	-1.14562	0.0154309	-0.499748	0.423558	0.153355	0.1269	0.313758	0.483757	-0.0228325	-0.073148	0.212999	0.264868	-0.552289	-0.485797	-0.294877	-0.143889	
0.0631452	0.284162	-0.210663	-0.626302	-0.38991	-0.561527	0.113802	0.00686681	0.699145	0.5332	-0.477122	0.272722	-1.86665	-0.528828	-0.236018	0.560053	0.0899839	0.0968304	0.443524	0.997647	-0.0433422	-0.0964356	0.238086	0.211518	-0.636738	-0.572376	-0.305915	-0.269416	
-0.0749961	0.0469634	-0.192805	-0.609772	-0.27916	-0.64206	0.170683	-0.0474421	1.04027	0.840136	-0.329266	0.383675	-1.99818	-0.818167	0.17893	0.648604	-0.0472851	-0.0346403	0.471262	1.40546	-0.149836	-0.170599	0.175917	0.0548168	-0.702034	-0.580608	-0.284516	-0.368182	
-0.245755	-0.156011	-0.216011	-0.545526	-0.146298	-0.637881	0.201292	-0.155021	1.23644	0.966687	-0.247318	0.365561	-1.54278	-0.864669	0.581344	0.604776	-0.176638	-0.195827	0.375945	1.57528	-0.252786	-0.224434	0.0495427	-0.173272	-0.708981	-0.512347	-0.241012	-0.449073	
-0.339556	-0.261645	-0.233975	-0.432017	0.0233766	-0.542372	0.194094	-0.306446	1.21153	0.877596	-0.229589	0.190713	-0.688859	-0.77191	0.827964	0.413854	-0.227577	-0.307029	0.177088	1.45054	-0.263667	-0.203065	-0.0962544	-0.411093	-0.618182	-0.391465	-0.18296	-0.521924	
-0.276901	-0.219078	-0.19245	-0.27397	0.241357	-0.367674	0.148657	-0.478828	0.954743	0.595032	-0.244707	-0.106351	0.231749	-0.704898	0.829681	0.120967	-0.158027	-0.307304	-0.0778187	1.06125	-0.13856	-0.0743	-0.205912	-0.592479	-0.411754	-0.254524	-0.112937	-0.587483	
-0.0431336	-0.0240067	-0.0673341	-0.0929113	0.487718	-0.141709	0.0711425	-0.638456	0.522269	0.18752	-0.249481	-0.432804	0.892536	-0.749838	0.586599	-0.19483	0.024996	-0.177381	-0.323586	0.511871	0.105079	0.156177	-0.238558	-0.662146	-0.116127	-0.120458	-0.0455407	-0.627001	
0.30663	0.27588	0.130886	0.0786677	0.710875	0.0956595	-0.0291603	-0.7558	0.0161522	-0.249356	-0.219067	-0.67152	1.1111	-0.880305	0.173251	-0.440746	0.268178	0.050515	-0.507013	-0.0563284	0.389296	0.446246	-0.183956	-0.598081	0.192235	-0.00365969	-0.00857047	-0.616353	
0.674484	0.612644	0.360753	0.202515	0.85166	0.30453	-0.146138	-0.816364	-0.450428	-0.62601	-0.140372	-0.723047	0.835888	-0.968629	-0.288436	-0.558531	0.497174	0.309909	-0.593618	-0.508542	0.61315	0.737672	-0.0656282	-0.418814	0.425456	0.0981174	-0.0235355	-0.525876	
0.949528	0.894935	0.562944	0.24901	0.851326	0.456255	-0.276283	-0.821419	-0.788846	-0.871001	-0.0248016	-0.537736	0.259185	-0.846977	-0.677129	-0.525685	0.637144	0.51765	-0.581453	-0.75943	0.686784	0.966309	0.060033	-0.173442	0.505602	0.201143	-0.113914	-0.338627	
1.05031	1.05409	0.681825	0.206836	0.691513	0.538137	-0.422132	-0.789051	-0.962405	-0.954229	0.0939499	-0.148087	-0.338991	-0.393886	-0.915833	-0.366818	0.640655	0.60601	-0.500887	-0.796101	0.56784	1.08736	0.130083	0.0668551	0.405629	0.311374	-0.275387	-0.0601718	
0.955766	1.0521	0.687554	0.0940107	0.403209	0.558378	-0.587047	-0.739934	-0.988863	-0.877343	0.184931	0.353969	-0.694621	0.39577	-0.986789	-0.129782	0.507329	0.546276	-0.399006	-0.66512	0.286362	1.08572	0.0922295	0.238286	0.168477	0.439516	-0.471048	0.281593	
0.710908	0.905519	0.588914	-0.0386992	0.0658047	0.539265	-0.773328	-0.693084	-0.928066	-0.669451	0.227313	0.839537	-0.641503	1.36599	-0.932255	0.138384	0.283984	0.356788	-0.326514	-0.455606	-0.068689	0.978282	-0.0730568	0.301494	-0.106825	0.581519	-0.642245	0.637509	
0.409827	0.681566	0.4265	-0.127967	-0.222516	0.511128	-0.976689	-0.655756	-0.857095	-0.380077	0.233479	1.19175	-0.197348	2.24816	-0.821023	0.397719	0.0483828	0.096991	-0.315665	-0.264601	-0.385162	0.811048	-0.3418	0.254699	-0.298272	0.724838	-0.727178	0.953988	
0.154976	0.456781	0.254688	-0.111173	-0.391549	0.502326	-1.18426	-0.614356	-0.83208	-0.0507859	0.229778	1.34912	0.469625	2.77705	-0.717448	0.640717	-0.122654	-0.155712	-0.37199	-0.155359	-0.568163	0.638562	-0.656731	0.138499	-0.326367	0.858241	-0.697458	1.18728	
0.02175	0.307778	0.11984	0.0420038	-0.410802	0.53022	-1.3742	-0.545063	-0.873513	0.280594	0.244189	1.31192	1.08916	2.76865	-0.653682	0.869926	-0.183339	-0.331571	-0.467042	-0.147363	-0.58256	0.510816	-0.93799	0.0139164	-0.175761	0.964382	-0.554357	1.31919	
0.0301026	0.273206	0.0438582	0.315597	-0.315098	0.592464	-1.51769	-0.42538	-0.957964	0.583882	0.295741	1.148	1.41918	2.21219	-0.619833	1.09075	-0.132597	-0.392802	-0.554237	-0.21575	-0.459164	0.452065	-1.11421	-0.0558564	0.0896692	1.03477	-0.348032	1.3516	
0.132669	0.331302	0.0116048	0.637858	-0.186483	0.668487	-1.58347	-0.242894	-1.02849	0.839315	0.365787	0.938638	1.33703	1.30835	-0.574845	1.30013	-0.0266797	-0.348246	-0.58475	-0.304572	-0.291749	0.45297	-1.14335	-0.0337383	0.343205	1.05316	-0.156841	1.30867	
0.247188	0.413731	-0.00966691	0.9018	-0.116189	0.723721	-1.54213	-0.00616945	-1.01404	1.03974	0.417598	0.747634	0.889021	0.343723	-0.464307	1.47766	0.0566841	-0.241192	-0.517214	-0.344009	-0.186457	0.478173	-1.02361	0.0809838	0.460625	0.999062	-0.046698	1.21801	
0.281277	0.425695	-0.0608259	0.999445	-0.169745	0.72786	-1.37363	0.260547	-0.85273	1.18997	0.397513	0.594073	0.254967	-0.357903	-0.250233	1.59862	0.036709	-0.135081	-0.33685	-0.277337	-0.22351	0.473468	-0.79411	0.254808	0.362642	0.866871	-0.0551319	1.10807	
0.171463	0.289953	-0.16708	0.849944	-0.349564	0.659861	-1.08142	0.512216	-0.529287	1.2936	0.272031	0.452376	-0.281605	-0.578781	0.0631807	1.63602	-0.136641	-0.0909835	-0.0618745	-0.0877419	-0.432286	0.388771	-0.517444	0.424882	0.0664957	0.652866	-0.160446	0.99817	
-0.0906492	-0.0207014	-0.327933	0.440422	-0.600271	0.516953	-0.690588	0.708994	-0.0649436	1.36596	0.037622	0.272397	-0.516941	-0.268257	0.436789	1.58587	-0.45802	-0.139484	0.26607	0.214663	-0.766425	0.196125	-0.25864	0.534587	-0.328882	0.372718	-0.296809	0.893251	
-0.460774	-0.466253	-0.519571	-0.175985	-0.823529	0.318818	-0.247117	0.823483	0.474577	1.4221	-0.267411	0.00907787	-0.332195	0.436343	0.799065	1.46869	-0.876783	-0.277904	0.592175	0.58782	-1.14182	-0.100425	-0.0620079	0.546885	-0.676655	0.0558487	-0.374683	0.796612	
-0.849993	-0.94541	-0.698091	-0.881437	-0.919379	0.0979842	0.19178	0.84651	0.99802	1.467	-0.561517	-0.340851	0.211094	1.26934	1.07431	1.31759	-1.29971	-0.464557	0.865257	0.966673	-1.45337	-0.459506	0.0602537	0.465341	-0.838424	-0.254366	-0.322999	0.70515	
-1.16705	-1.33095	-0.822279	-1.52968	-0.830587	-0.103817	0.571917	0.796343	1.41954	1.50316	-0.767229	-0.727401	0.893474	1.96534	1.20693	1.17723	-1.63446	-0.641037	1.04638	1.28919	-1.62904	-0.815156	0.127197	0.331041	-0.751216	-0.505912	-0.12377	0.623631	
-1.33868	-1.50828	-0.860162	-1.98599	-0.556406	-0.257638	0.850772	0.694566	1.66828	1.51674	-0.818759	-1.05691	1.47899	2.28307	1.178	1.07085	-1.80527	-0.748266	1.11873	1.50301	-1.64298	-1.09055	0.177209	0.202738	-0.440396	-0.667992	0.193393	0.550457	
-1.33362	-1.42301	-0.803933	-2.16189	-0.159621	-0.346468	1.01356	0.567515	1.7186	1.48521	-0.705847	-1.23846	1.72747	2.1327	1.01306	0.994736	-1.77999	-0.746211	1.08622	1.57836	-1.51776	-1.22324	0.248768	0.13777	-0.0172917	-0.724069	0.549774	0.481437	
-1.16844	-1.09405	-0.666017	-2.04315	0.265509	-0.374094	1.06427	0.42052	1.57445	1.37846	-0.46252	-1.21009	1.56616	1.55144	0.768583	0.915091	-1.57157	-0.631525	0.961104	1.507	-1.31722	-1.18002	0.35836	0.159503	0.377662	-0.693651	0.856744	0.407899	
-0.888953	-0.617095	-0.471945	-1.6807	0.618468	-0.359378	1.02369	0.243854	1.28105	1.18067	-0.16195	-0.976694	1.06137	0.689355	0.523484	0.783188	-1.22342	-0.429235	0.765228	1.31018	-1.09853	-0.964772	0.491043	0.256617	0.619392	-0.614626	1.04485	0.312254	
-0.558659	-0.119418	-0.25274	-1.17609	0.829225	-0.320804	0.913586	0.0221976	0.905221	0.896784	0.107247	-0.601651	0.412861	-0.230122	0.347819	0.565993	-0.799587	-0.192297	0.516179	1.02969	-0.907555	-0.620989	0.603462	0.383206	0.656137	-0.517587	1.08971	0.187877	
-0.235638	0.274498	-0.0339666	-0.651215	0.882065	-0.280306	0.752381	-0.260853	0.514344	0.552423	0.283155	-0.199268	-0.0979716	-1.00763	0.294186	0.255045	-0.364957	0.0213951	0.233827	0.717734	-0.753407	-0.220094	0.643148	0.478878	0.530411	-0.435685	1.02408	0.0328727	
0.0370373	0.483451	0.164187	-0.213905	0.801887	-0.246881	0.555704	-0.590732	0.180941	0.203114	0.330313	0.110076	-0.299028	-1.47312	0.384942	-0.108292	0.0243127	0.165481	-0.0562544	0.433605	-0.621821	0.154401	0.57386	0.499705	0.340323	-0.379287	0.909733	-0.13583	
0.234204	0.491296	0.325739	0.0628806	0.641296	-0.227054	0.336946	-0.930054	-0.0475967	-0.092136	0.265107	0.244228	-0.0918931	-1.57934	0.614321	-0.455723	0.326715	0.216279	-0.319614	0.228141	-0.494935	0.430775	0.392997	0.430893	0.19856	-0.35152	0.813418	-0.29001	
0.342294	0.329141	0.434623	0.155384	0.45166	-0.219543	0.124536	-1.21036	-0.137498	-0.281449	0.120089	0.177563	0.428938	-1.32407	0.951648	-0.708395	0.509256	0.179424	-0.50851	0.13121	-0.366048	0.55775	0.141366	0.303377	0.167693	-0.336599	0.776832	-0.39209	
0.349048	0.0744834	0.471995	0.0839777	0.269054	-0.22219	-0.0382107	-1.35748	-0.0799391	-0.340442	-0.0729728	-0.0434138	1.04537	-0.790403	1.35171	-0.799134	0.54582	0.079803	-0.579102	0.14891	-0.260798	0.517149	-0.106459	0.175145	0.244163	-0.323131	0.802864	-0.410016	
0.248064	-0.208217	0.4216	-0.103421	0.110506	-0.243348	-0.0921142	-1.32061	0.115146	-0.278335	-0.285392	-0.334392	1.54701	-0.141118	1.76686	-0.705631	0.420876	-0.0426537	-0.493439	0.262548	-0.216469	0.325823	-0.262859	0.110866	0.358818	-0.322174	0.872214	-0.338767	
0.044529	-0.468686	0.278953	-0.339319	-0.0192564	-0.288229	0.0204445	-1.08625	0.423364	-0.135242	-0.515717	-0.602105	1.72864	0.452691	2.14805	-0.447419	0.144142	-0.147837	-0.242107	0.432396	-0.269181	0.030819	-0.258474	0.155206	0.411523	-0.351483	0.952716	-0.199262	
-0.239311	-0.684457	0.055951	-0.56569	-0.112679	-0.366716	0.327007	-0.705312	0.795155	0.0263213	-0.767744	-0.783184	1.56697	0.812756	2.46201	-0.0910943	-0.249457	-0.20991	0.144707	0.609596	-0.430187	-0.300533	-0.0730547	0.304095	0.330951	-0.441291	1.0273	-0.0343248	
-0.564857	-0.866862	-0.216572	-0.740226	-0.16012	-0.4785	0.812398	-0.264563	1.18416	0.162321	-1.0483	-0.856337	1.14772	0.837047	2.68585	0.29415	-0.698121	-0.223323	0.599793	0.752783	-0.672775	-0.604813	0.255863	0.511644	0.100953	-0.603226	1.09993	0.107306	
-0.873811	-1.02158	-0.494046	-0.847768	-0.148675	-0.610462	1.40035	0.130255	1.54114	0.253666	-1.33736	-0.845001	0.65232	0.503236	2.81367	0.657635	-1.11843	-0.201779	1.02962	0.844445	-0.937912	-0.824868	0.638018	0.701078	-0.221888	-0.8238	1.18819	0.192434	
-1.10512	-1.15706	-0.726701	-0.902946	-0.0687067	-0.739118	1.97546	0.393368	1.83396	0.32022	-1.59507	-0.810697	0.277358	-0.0868324	2.85662	0.981895	-1.42999	-0.168354	1.34864	0.893006	-1.14765	-0.93083	0.963793	0.801095	-0.536945	-1.06168	1.32054	0.217221	
-1.20914	-1.2526	-0.876402	-0.935648	0.064867	-0.827943	2.40398	0.489818	2.0448	0.409201	-1.77504	-0.811808	0.123452	-0.728577	2.83529	1.2855	-1.57341	-0.148962	1.49409	0.931261	-1.24137	-0.919481	1.13596	0.770918	-0.749393	-1.25173	1.49077	0.211162	
-1.15839	-1.27672	-0.92059	-0.983358	0.214504	-0.850213	2.56867	0.427204	2.15862	0.556297	-1.81624	-0.878604	0.217829	-1.17274	2.77166	1.58167	-1.52418	-0.159151	1.44809	0.989534	-1.18969	-0.805244	1.10063	0.611193	-0.799062	-1.32811	1.6662	0.220646	
-0.960667	-1.20276	-0.856781	-1.06629	0.325786	-0.790808	2.41981	0.267068	2.17847	0.775569	-1.6951	-1.00527	0.45843	-1.2121	2.68834	1.87587	-1.29918	-0.197772	1.24742	1.08845	-1.00929	-0.621634	0.867834	0.375115	-0.697907	-1.25067	1.78606	0.284971	
-0.650981	-1.00734	-0.706478	-1.1863	0.349831	-0.652973	1.98246	0.0824387	2.10237	1.02874	-1.42269	-1.15011	0.666527	-0.754321	2.60419	2.13308	-0.953666	-0.245219	0.966379	1.21877	-0.75553	-0.397894	0.506171	0.141585	-0.51534	-1.0183	1.78924	0.422234	
-0.29126	-0.714096	-0.503803	-1.32058	0.262254	-0.468868	1.36279	-0.0628903	1.93728	1.25062	-1.05124	-1.25874	0.742727	0.107537	2.5297	2.29247	-0.566658	-0.275093	0.69617	1.34341	-0.500811	-0.16822	0.120056	-0.0105187	-0.335838	-0.685889	1.64833	0.605641	
0.064069	-0.360127	-0.285088	-1.42288	0.0801155	-0.279007	0.705822	-0.136415	1.69235	1.3672	-0.647698	-1.27674	0.626484	1.12172	2.46862	2.29172	-0.20269	-0.260339	0.510833	1.41309	-0.304007	0.0505757	-0.190867	-0.0329643	-0.228753	-0.340039	1.37976	0.779636	
0.366352	-0.0041405	-0.0874962	-1.44968	-0.145379	-0.129678	0.152033	-0.145909	1.38897	1.33815	-0.286654	-1.17952	0.394997	1.97763	2.42527	2.1009	0.0886578	-0.192972	0.445392	1.38862	-0.197155	0.24781	-0.368103	0.071817	-0.211377	-0.0694336	1.05317	0.887281	
0.5764	0.288137	0.0501059	-1.38179	-0.354292	-0.0551793	-0.195602	-0.101068	1.09459	1.22085	-0.035833	-0.983434	0.193696	2.37542	2.41588	1.78366	0.27521	-0.0955214	0.490486	1.2859	-0.189825	0.402988	-0.410876	0.260328	-0.265258	0.0544329	0.751364	0.894503	
0.669811	0.460999	0.0898769	-1.2453	-0.497561	-0.0711455	-0.303438	-0.0105961	0.909865	1.16195	0.073069	-0.743525	0.146666	2.15621	2.45883	1.4869	0.340637	-0.0157937	0.600717	1.17862	-0.272268	0.493755	-0.371389	0.45603	-0.340096	0.00205602	0.553125	0.815091	
0.625013	0.464386	-0.000853134	-1.11143	-0.565937	-0.175155	-0.19812	0.154355	0.979676	1.38678	0.0238056	-0.546445	0.334313	1.36189	2.57787	1.42785	0.271904	-0.0197406	0.722497	1.20434	-0.434025	0.480271	-0.334723	0.588227	-0.406212	-0.217411	0.495297	0.708093	
0.427161	0.274295	-0.252974	-1.08456	-0.596167	-0.341369	0.0490978	0.452034	1.45255	2.12482	-0.180864	-0.48396	0.680768	0.222644	2.78902	1.82258	0.052166	-0.167247	0.814752	1.52617	-0.677201	0.326507	-0.378206	0.609262	-0.485971	-0.555186	0.553272	0.669078	
0.063	-0.114931	-0.679786	-1.26692	-0.662003	-0.538253	0.35502	0.945707	2.43367	3.52815	-0.532604	-0.622336	1.03767	-0.906393	3.08329	2.81014	-0.337894	-0.495467	0.867788	2.27911	-1.01844	0.00520856	-0.546564	0.510976	-0.637156	-0.944297	0.651336	0.789957	
-0.461388	-0.690372	-1.2666	-1.71974	-0.835866	-0.728244	0.664025	1.68018	3.9515	5.59647	-1.01322	-0.986814	1.20322	-1.71557	3.42406	4.39092	-0.901291	-0.993749	0.911877	3.51579	-1.47325	-0.481049	-0.826807	0.329719	-0.943997	-1.32917	0.699592	1.11475	
-1.11114	-1.41084	-1.96798	-2.43199	-1.15433	-0.876675	0.954218	2.63199	5.9038	8.12667	-1.59306	-1.54548	1.00197	-1.99212	3.74797	6.38264	-1.61536	-1.59883	1.00357	5.16164	-2.03882	-1.08352	-1.1515	0.126654	-1.45835	-1.6628	0.637424	1.62868	
-1.81486	-2.19915	-2.69743	-3.30604	-1.59313	-0.960699	1.24035	3.70733	8.06683	10.7517	-2.22017	-2.21324	0.381646	-1.7423	3.98013	8.46509	-2.41132	-2.20331	1.20282	7.01525	-2.66977	-1.71801	-1.4208	-0.0250207	-2.16533	-1.92253	0.452511	2.24051	
-2.4669	-2.95151	-3.34714	-4.18088	-2.06193	-0.969327	1.5509	4.73742	10.1133	13.0004	-2.81019	-2.86516	-0.574456	-1.17459	4.05243	10.2377	-3.17934	-2.6802	1.54719	8.7777	-3.28029	-2.27076	-1.53289	-0.0743875	-2.95583	-2.10302	0.20034	2.81727	
-2.95042	-3.55084	-3.80917	-4.87169	-2.4345	-0.903357	1.90015	5.52988	11.6827	14.4234	-3.26145	-3.35839	-1.68403	-0.555291	3.92609	11.3356	-3.78846	-2.91594	2.03366	10.124	-3.75743	-2.63179	-1.42302	0.00662504	-3.66043	-2.19793	-0.0228774	3.22598	
-3.1679	-3.89383	-4.00563	-5.23335	-2.58599	-0.775097	2.28226	5.92509	12.4745	14.7117	-3.47798	-3.58788	-2.69808	-0.187304	3.61782	11.5264	-4.12589	-2.84003	2.61811	10.7887	-3.99492	-2.72523	-1.07342	0.213556	-4.10391	-2.20975	-0.120539	3.37092	
-3.05983	-3.90656	-3.89544	-5.19532	-2.43232	-0.610823	2.65232	5.82966	12.3056	13.7736	-3.38275	-3.49379	-3.41874	-0.233435	3.18635	10.7538	-4.11964	-2.4415	3.22363	10.6313	-3.9173	-2.52798	-0.520699	0.516513	-4.14972	-2.14103	-0.0283944	3.22202	
-2.62517	-3.57875	-3.48005	-4.77709	-1.95872	-0.441712	2.9461	5.25417	11.1596	11.75	-2.94937	-3.0911	-3.69337	-0.701775	2.70902	9.14036	-3.75771	-1.77198	3.75634	9.66273	-3.50112	-2.0788	0.153419	0.870799	-3.75213	-1.9994	0.2579	2.80712	
-1.91824	-2.95998	-2.80409	-4.07996	-1.22171	-0.299892	3.08907	4.29232	9.1767	8.95866	-2.21245	-2.45827	-3.47588	-1.42765	2.25691	6.92162	-3.09251	-0.928994	4.13117	8.03853	-2.78794	-1.45797	0.851558	1.22331	-2.96822	-1.79754	0.683832	2.20885	
-1.03373	-2.14721	-1.93485	-3.23795	-0.33572	-0.201857	3.0198	3.10333	6.61448	5.81619	-1.26539	-1.71089	-2.84101	-2.14794	1.86201	4.391	-2.21779	-0.025515	4.28956	6.00586	-1.86497	-0.762204	1.48093	1.53589	-1.93848	-1.5429	1.14276	1.53031	
-0.0823795	-1.26296	-0.949578	-2.37792	0.564998	-0.14685	2.70697	1.85158	3.77589	2.71944	-0.235634	-0.973291	-1.88051	-2.6263	1.49493	1.80623	-1.24477	0.832323	4.20889	3.83053	-0.85066	-0.0752237	1.97191	1.77684	-0.832694	-1.24852	1.52488	0.861974	
0.840163	-0.420886	0.0763674	-1.57656	1.36227	-0.113276	2.14351	0.66377	0.935523	-0.0376368	0.756317	-0.330631	-0.717439	-2.65932	1.07012	-0.652104	-0.267308	1.57045	3.89784	1.73317	0.141961	0.556064	2.2853	1.93015	0.207098	-0.910503	1.75261	0.268842	
1.66779	0.311795	1.08087	-0.843121	1.97874	-0.0612268	1.35927	-0.385514	-1.70575	-2.3028	1.61555	0.180458	0.537651	-2.20332	0.481284	-2.87996	0.654052	2.1537	3.38909	-0.151476	1.02818	1.1243	2.40916	1.9935	1.10402	-0.511421	1.78585	-0.218605	
2.37136	0.921406	2.0094	-0.146137	2.38355	0.0471603	0.408799	-1.28123	-4.03093	-4.04899	2.29692	0.581467	1.74426	-1.33347	-0.346325	-4.82936	1.49131	2.58154	2.73713	-1.76699	1.7575	1.64944	2.35933	1.97439	1.84376	-0.0392182	1.63712	-0.589373	
2.94144	1.42199	2.81133	0.555333	2.58192	0.239454	-0.626887	-2.02892	-5.98212	-5.32099	2.79676	0.925363	2.71992	-0.209589	-1.41639	-6.4545	2.23428	2.87175	2.00308	-3.11121	2.31134	2.15052	2.16497	1.89208	2.45118	0.512761	1.34862	-0.845805	
3.37348	1.84669	3.43617	1.26319	2.60386	0.509589	-1.65119	-2.64243	-7.53258	-6.18911	3.13944	1.26519	3.28725	0.959504	-2.63453	-7.70301	2.86764	3.04288	1.25315	-4.19375	2.68831	2.62286	1.86931	1.76202	2.9508	1.11377	0.978156	-0.991487	
3.65798	2.202	3.8412	1.92534	2.4867	0.814687	-2.55588	-3.11339	-8.64255	-6.6958	3.35779	1.61884	3.28934	1.96401	-3.81635	-8.50146	3.36051	3.10819	0.55505	-4.99862	2.90131	3.02544	1.52427	1.60482	3.34469	1.69741	0.581469	-1.03638	
3.77612	2.46959	4.01165	2.45036	2.26951	1.08517	-3.23578	-3.41793	-9.26469	-6.85448	3.47696	1.96068	2.65256	2.63439	-4.74724	-8.79627	3.66871	3.06832	-0.0341793	-5.4874	2.9657	3.2887	1.18096	1.4322	3.6073	2.16645	0.20493	-1.00499	
3.70521	2.59978	3.95236	2.7293	1.98573	1.24398	-3.61481	-3.52823	-9.35138	-6.66614	3.5039	2.22715	1.47659	2.87497	-5.23633	-8.58811	3.74527	2.91823	-0.465934	-5.60631	2.8928	3.34069	0.887286	1.24785	3.69367	2.42181	-0.11451	-0.929545	
3.4355	2.53932	3.7071	2.6968	1.67028	1.23538	-3.66115	-3.42958	-8.89139	-6.1489	3.44088	2.34421	0.0244119	2.6561	-5.18757	-7.95429	3.56642	2.65883	-0.71376	-5.32711	2.69958	3.135	0.67509	1.05639	3.57991	2.39997	-0.351884	-0.857122	
2.98062	2.26503	3.34331	2.3539	1.3526	1.04378	-3.40785	-3.14842	-7.94349	-5.36485	3.29118	2.26674	-1.30901	2.04532	-4.63193	-7.05596	3.14413	2.29998	-0.775615	-4.67777	2.4018	2.67648	0.553073	0.854748	3.27863	2.09467	-0.489499	-0.826228	
2.38956	1.79293	2.94276	1.78451	1.06281	0.701456	-2.9499	-2.74311	-6.63759	-4.41575	3.07777	1.99734	-2.11904	1.18007	-3.73142	-6.08885	2.54149	1.86936	-0.681519	-3.749	2.02894	2.02966	0.49948	0.648647	2.86293	1.57635	-0.519819	-0.865657	
1.73858	1.20656	2.58336	1.13433	0.822153	0.283545	-2.42794	-2.29491	-5.17258	-3.43364	2.83865	1.60191	-2.12882	0.260732	-2.72678	-5.23823	1.85995	1.40467	-0.492093	-2.69113	1.61465	1.30479	0.468529	0.445141	2.43684	0.972585	-0.458077	-0.972074	
1.11453	0.612764	2.30819	0.554871	0.632439	-0.117904	-1.98523	-1.87071	-3.74918	-2.52649	2.61299	1.18081	-1.30906	-0.501595	-1.85818	-4.60641	1.20731	0.949345	-0.273522	-1.65878	1.19225	0.627675	0.407415	0.264219	2.09515	0.430404	-0.342051	-1.10719	
0.596043	0.121557	2.13528	0.161032	0.485692	-0.423814	-1.72706	-1.51043	-2.53051	-1.7531	2.43607	0.835296	0.0760535	-0.939808	-1.29882	-4.19411	0.677515	0.540708	-0.0964112	-0.778409	0.79616	0.100417	0.272576	0.124875	1.89956	0.0628633	-0.222147	-1.22246	
0.233053	-0.193658	2.04658	-0.0166925	0.364131	-0.593123	-1.69615	-1.21946	-1.60586	-1.12062	2.31766	0.632721	1.57707	-0.991032	-1.10536	-3.91633	0.323693	0.204726	-0.0117967	-0.113823	0.453817	-0.217912	0.0479029	0.0362649	1.84885	-0.0846158	-0.152869	-1.26851	
0.0422566	-0.327666	2.00812	-0.02552	0.259271	-0.634418	-1.84857	-0.971008	-0.970411	-0.586853	2.24447	0.571481	2.67952	-0.728414	-1.21453	-3.6392	0.150746	-0.0431188	-0.040029	0.345417	0.19412	-0.330391	-0.243121	0.000267459	1.89603	-0.0543913	-0.164532	-1.23345	
0.00184572	-0.324071	1.98387	0.0334645	0.170287	-0.590668	-2.07569	-0.728384	-0.55282	-0.0988258	2.17569	0.595853	2.98876	-0.343229	-1.47643	-3.25356	0.118773	-0.200421	-0.165772	0.657797	0.0308537	-0.286847	-0.542366	0.00287271	1.95787	0.048779	-0.25894	-1.13477	
0.0638726	-0.269442	1.94021	0.0551889	0.108639	-0.515459	-2.2453	-0.461983	-0.254916	0.378544	2.06512	0.621317	2.37232	-0.0749287	-1.72718	-2.71419	0.162041	-0.268772	-0.337519	0.898	-0.0313289	-0.159293	-0.775442	0.029081	1.9554	0.113616	-0.404154	-1.01729	
0.166037	-0.239838	1.85864	-0.0204509	0.0871074	-0.448799	-2.25003	-0.171755	-0.00811976	0.82753	1.87851	0.578112	1.07455	-0.123174	-1.853	-2.07059	0.211953	-0.261103	-0.494611	1.10592	-0.00958466	-0.0235257	-0.879227	0.0599152	1.84336	0.0634016	-0.552903	-0.935768	
0.249475	-0.277038	1.7272	-0.188206	0.11046	-0.399077	-2.04873	0.116418	0.207111	1.1898	1.60804	0.447396	-0.461977	-0.548326	-1.829	-1.44003	0.212655	-0.193786	-0.574361	1.27933	0.0569745	0.0741924	-0.824433	0.0888568	1.62472	-0.100596	-0.657223	-0.914587	
0.269878	-0.373308	1.54098	-0.376667	0.164714	-0.343589	-1.66965	0.368425	0.368439	1.40227	1.27277	0.265077	-1.73586	-1.26092	-1.71495	-0.945904	0.133493	-0.0916277	-0.536803	1.37985	0.116692	0.113939	-0.630126	0.120204	1.33978	-0.308499	-0.694667	-0.94976	
0.202826	-0.472474	1.29981	-0.491115	0.210936	-0.243802	-1.20906	0.561606	0.429827	1.4251	0.912312	0.115786	-2.37063	-2.04574	-1.62041	-0.668976	-0.0290337	0.0149896	-0.373175	1.35902	0.107169	0.105388	-0.357527	0.169601	1.03019	-0.452695	-0.686166	-0.991265	
0.0461874	-0.509144	1.00459	-0.453933	0.19912	-0.0705681	-0.785503	0.699137	0.368095	1.28317	0.571651	0.0895139	-2.29337	-2.59561	-1.64836	-0.601661	-0.260475	0.0923962	-0.108388	1.20307	-0.0195429	0.0665563	-0.0931951	0.256327	0.726728	-0.436064	-0.677653	-0.970292	
-0.179443	-0.432988	0.674045	-0.250689	0.0856596	0.173312	-0.496939	0.806178	0.211754	1.06521	0.287422	0.234664	-1.70329	-2.69299	-1.84172	-0.656428	-0.530789	0.109126	0.199802	0.9546	-0.28171	0.0150013	0.0791311	0.384227	0.440503	-0.23101	-0.722093	-0.830584	
-0.437427	-0.241194	0.339222	0.0604981	-0.141148	0.448045	-0.394954	0.918352	0.0363329	0.896409	0.0847235	0.538902	-1.02982	-2.26519	-2.16835	-0.701612	-0.80418	0.050977	0.486296	0.71119	-0.652704	-0.0353127	0.107746	0.541129	0.165359	0.114729	-0.851329	-0.551198	
-0.676168	0.0257489	0.0539442	0.369773	-0.45344	0.682628	-0.468689	1.05095	-0.0600325	0.890176	-0.0295403	0.91448	-0.634335	-1.4333	-2.53506	-0.625695	-1.03744	-0.0807281	0.678699	0.589596	-1.06034	-0.079788	-0.017509	0.685149	-0.0985286	0.478262	-1.06039	-0.179422	
-0.841954	0.303202	-0.124862	0.554574	-0.785212	0.809179	-0.660564	1.19808	0.00416388	1.10811	-0.0592259	1.23692	-0.787559	-0.462986	-2.82689	-0.381422	-1.19025	-0.257759	0.737111	0.691735	-1.41054	-0.109795	-0.255188	0.771537	-0.336123	0.721195	-1.30264	0.211417	
-0.893769	0.515578	-0.156106	0.533912	-1.05677	0.784662	-0.893434	1.32184	0.25565	1.53158	-0.0177695	1.39288	-1.42986	0.332021	-2.95975	-0.00699918	-1.23226	-0.439494	0.651162	1.05046	-1.61024	-0.11705	-0.538677	0.759167	-0.507217	0.752049	-1.50979	0.522808	
-0.811434	0.617108	-0.0305298	0.295912	-1.20316	0.614726	-1.10623	1.36619	0.640837	2.05784	0.0776795	1.323	-2.23433	0.710985	-2.92037	0.389882	-1.14846	-0.581122	0.444052	1.60626	-1.6063	-0.0870829	-0.793532	0.632285	-0.565187	0.560308	-1.62344	0.684125	
-0.602525	0.608091	0.209903	-0.0905376	-1.19747	0.355494	-1.27038	1.28742	1.04784	2.54151	0.204542	1.05422	-2.82498	0.640034	-2.76758	0.681542	-0.94759	-0.646263	0.170217	2.23047	-1.40213	-0.00222094	-0.965267	0.414186	-0.482435	0.23601	-1.62217	0.683766	
-0.304069	0.524773	0.486396	-0.505782	-1.06432	0.0890798	-1.38052	1.07606	1.35825	2.8533	0.329202	0.671006	-2.87467	0.229851	-2.59269	0.783675	-0.662497	-0.622168	-0.108375	2.76491	-1.05988	0.142789	-1.03142	0.15764	-0.270457	-0.08215	-1.52726	0.555529	
0.0156155	0.417959	0.687721	-0.822899	-0.873372	-0.0989215	-1.4476	0.778827	1.48476	2.92109	0.409394	0.306419	-2.30738	-0.278363	-2.48315	0.697939	-0.357449	-0.521652	-0.32235	3.07687	-0.692737	0.332699	-0.998499	-0.0605555	-0.00936358	-0.248903	-1.40247	0.389208	
0.288189	0.335713	0.728774	-0.94818	-0.707111	-0.161617	-1.47927	0.469699	1.41583	2.75705	0.409196	0.0746274	-1.28341	-0.623298	-2.47263	0.502133	-0.0962486	-0.381198	-0.438632	3.10479	-0.410124	0.53394	-0.903905	-0.177014	0.198845	-0.183784	-1.31313	0.263349	
0.458179	0.298446	0.565199	-0.859353	-0.628588	-0.095583	-1.46076	0.238246	1.22167	2.45139	0.302685	0.0274345	-0.244875	-0.65138	-2.52157	0.332815	0.0665573	-0.242269	-0.445903	2.88574	-0.291547	0.704451	-0.786089	-0.154706	0.249941	0.0931898	-1.29711	0.240991	
0.494905	0.291795	0.213511	-0.605725	-0.658083	0.0515653	-1.36213	0.147538	1.02812	2.13233	0.0908605	0.145445	0.364451	-0.387616	-2.52658	0.322956	0.100998	-0.142293	-0.363234	2.53181	-0.356837	0.804041	-0.676668	-0.00389324	0.0808455	0.473762	-1.34542	0.327889	
0.400721	0.280808	-0.250662	-0.286099	-0.767323	0.203826	-1.15218	0.206983	0.960011	1.91398	-0.19533	0.337051	0.295359	-0.0150864	-2.37431	0.548892	0.0102787	-0.103872	-0.234975	2.18	-0.565961	0.806529	-0.588877	0.220361	-0.301628	0.791279	-1.40315	0.473801	
0.210319	0.233536	-0.723415	-0.0124434	-0.893307	0.293566	-0.824665	0.371574	1.0905	1.8543	-0.500919	0.490471	-0.456493	0.237271	-1.99189	0.998646	-0.170768	-0.126262	-0.10592	1.94583	-0.836143	0.715848	-0.519761	0.44117	-0.818124	0.901346	-1.39522	0.616072	
-0.0276076	0.136624	-1.0979	0.135262	-0.967938	0.279343	-0.404426	0.558675	1.42081	1.94799	-0.761126	0.512964	-1.61359	0.180256	-1.37785	1.5837	-0.389246	-0.19322	-0.0169096	1.87948	-1.0695	0.552966	-0.458385	0.584454	-1.33142	0.735276	-1.2598	0.68481	
-0.26487	-0.00422036	-1.31333	0.124258	-0.949746	0.165609	0.0426472	0.681304	1.86789	2.12585	-0.929266	0.365974	-2.71197	-0.231671	-0.621317	2.17133	-0.593475	-0.27988	0.0140363	1.95199	-1.19874	0.356925	-0.393349	0.602898	-1.7159	0.325516	-0.989887	0.655091	
-0.459817	-0.147073	-1.35712	-0.0192098	-0.838825	-0.00749372	0.432524	0.684555	2.3128	2.30268	-0.983925	0.0832781	-3.37918	-0.866068	0.14117	2.63636	-0.741861	-0.358683	-0.00770336	2.08753	-1.19298	0.170979	-0.321148	0.496102	-1.88861	-0.207611	-0.636985	0.543743	
-0.594626	-0.256448	-1.27348	-0.236994	-0.675016	-0.182747	0.69498	0.56829	2.6435	2.40687	-0.952303	-0.260601	-3.40491	-1.4839	0.763294	2.90533	-0.818542	-0.413923	-0.0599668	2.19386	-1.07707	0.0216454	-0.245658	0.303168	-1.84627	-0.714817	-0.297288	0.399957	
-0.670986	-0.305604	-1.13583	-0.458458	-0.521853	-0.30816	0.795482	0.387051	2.79525	2.40811	-0.889056	-0.565508	-2.87009	-1.83332	1.15456	2.97435	-0.831655	-0.438338	-0.104749	2.20772	-0.908644	-0.0801907	-0.1734	0.093136	-1.66526	-1.06077	-0.0741138	0.289305	
-0.701218	-0.294573	-1.01431	-0.625704	-0.435998	-0.35725	0.756876	0.230532	2.78049	2.33144	-0.858427	-0.753568	-2.08756	-1.76806	1.30328	2.90133	-0.80447	-0.433789	-0.108556	2.12318	-0.750331	-0.14438	-0.110352	-0.0597813	-1.4667	-1.18487	-0.0354742	0.249618	
-0.693301	-0.248243	-0.953648	-0.717486	-0.438815	-0.329612	0.642795	0.176363	2.65916	2.22469	-0.911741	-0.805959	-1.46154	-1.30036	1.27215	2.76015	-0.757024	-0.400073	-0.0440534	1.98412	-0.646733	-0.17866	-0.0525892	-0.102418	-1.36632	-1.11211	-0.1798	0.29144	
-0.652071	-0.194292	-0.954355	-0.733824	-0.513795	-0.245388	0.538836	0.26916	2.51488	2.13878	-1.06244	-0.749102	-1.3335	-0.608656	1.16937	2.61607	-0.702083	-0.333201	0.101126	1.85799	-0.603282	-0.192172	0.0134041	-0.01205	-1.42602	-0.927593	-0.442347	0.385646	
-0.573891	-0.163026	-0.983916	-0.698895	-0.60977	-0.131443	0.513778	0.495336	2.40574	2.09164	-1.28003	-0.655826	-1.77224	0.0148238	1.09237	2.48851	-0.63879	-0.225974	0.322574	1.79244	-0.600598	-0.180283	0.106025	0.194616	-1.64067	-0.748158	-0.718276	0.482644	
-0.448078	-0.144315	-0.991403	-0.629347	-0.670119	-0.00405865	0.587882	0.794156	2.33794	2.06319	-1.49958	-0.585933	-2.66096	0.314644	1.08721	2.35592	-0.5535	-0.064816	0.6082	1.79183	-0.592637	-0.124127	0.239243	0.481756	-1.93457	-0.651842	-0.907022	0.541716	
-0.270924	-0.111188	-0.93243	-0.531813	-0.64959	0.133517	0.734691	1.08082	2.26794	1.99941	-1.65546	-0.582318	-3.64861	0.1473	1.12632	2.17356	-0.433729	0.151615	0.927113	1.80182	-0.540741	-0.0120742	0.412283	0.798403	-2.19267	-0.666268	-0.951702	0.537536	
-0.0461686	-0.0159216	-0.784585	-0.397958	-0.536359	0.289673	0.88144	1.27742	2.11265	1.83522	-1.69458	-0.647016	-4.39868	-0.446576	1.13214	1.90255	-0.269119	0.419231	1.24807	1.72966	-0.422762	0.16702	0.61533	1.09929	-2.31158	-0.75379	-0.864864	0.483263	
0.20915	0.182098	-0.555681	-0.209322	-0.355651	0.470394	0.950206	1.35146	1.81491	1.54159	-1.60578	-0.738011	-4.69971	-1.30662	1.02205	1.54974	-0.0639386	0.717304	1.53889	1.49928	-0.241951	0.399891	0.823012	1.35711	-2.23906	-0.847196	-0.71774	0.40848	
0.464684	0.486824	-0.2792	0.0357187	-0.151059	0.669976	0.883848	1.30759	1.35059	1.12648	-1.41918	-0.802588	-4.51678	-2.17202	0.7447	1.15634	0.160754	1.01097	1.76978	1.07291	-0.0319448	0.655821	1.00662	1.55389	-1.98613	-0.884001	-0.600994	0.352766	
0.683859	0.8673	0.00297077	0.326893	0.0210098	0.868479	0.667985	1.1933	0.755611	0.64577	-1.19178	-0.787191	-4.02036	-2.78359	0.31322	0.80022	0.37574	1.26024	1.91619	0.480245	0.167486	0.887143	1.1387	1.68825	-1.62372	-0.822633	-0.598471	0.346764	
0.83225	1.2404	0.251929	0.623647	0.124935	1.03532	0.347996	1.07173	0.124129	0.193187	-0.988917	-0.678855	-3.46357	-2.99194	-0.184834	0.563661	0.545048	1.42802	1.96778	-0.178423	0.314229	1.04456	1.20365	1.76483	-1.25254	-0.676786	-0.737214	0.397424	
0.890171	1.51773	0.440068	0.868912	0.150063	1.14004	-0.00343222	0.987093	-0.440418	-0.14647	-0.858331	-0.498064	-3.07283	-2.75794	-0.635469	0.495577	0.645428	1.49595	1.93012	-0.776033	0.387723	1.09666	1.20254	1.79168	-0.959805	-0.486631	-0.978865	0.491755	
0.851038	1.61818	0.554953	1.00855	0.112883	1.16405	-0.297702	0.952959	-0.845227	-0.321517	-0.821755	-0.300576	-2.88849	-2.18115	-0.931458	0.596942	0.661176	1.46032	1.81835	-1.19728	0.385776	1.0275	1.14701	1.77484	-0.791419	-0.31277	-1.2395	0.595735	
0.729052	1.49906	0.597715	1.00334	0.0481263	1.10944	-0.473012	0.944386	-1.05102	-0.336233	-0.85877	-0.152993	-2.84424	-1.42408	-1.01909	0.815874	0.598168	1.34242	1.65874	-1.38532	0.325765	0.858527	1.06296	1.71661	-0.738847	-0.2017	-1.42155	0.678822	
0.555747	1.1777	0.579157	0.857504	-0.0111965	0.996412	-0.507173	0.921273	-1.06089	-0.233067	-0.932586	-0.0967119	-2.79786	-0.687654	-0.907998	1.07693	0.48123	1.17785	1.4822	-1.347	0.242785	0.629824	0.970695	1.62675	-0.75609	-0.16648	-1.46043	0.716436	
0.367801	0.720236	0.51338	0.60788	-0.0340325	0.85146	-0.417729	0.834841	-0.92973	-0.0929969	-1.00235	-0.150162	-2.5594	-0.135718	-0.66804	1.2949	0.343169	1.00241	1.30725	-1.16018	0.169763	0.390124	0.884779	1.50666	-0.769098	-0.199973	-1.33343	0.691977	
0.207324	0.232017	0.424845	0.32084	3.06724e-05	0.697122	-0.252935	0.656443	-0.729436	0.00165443	-1.02749	-0.294036	-2.08615	0.119018	-0.389391	1.41024	0.228617	0.850064	1.14175	-0.935971	0.138198	0.18578	0.814781	1.36045	-0.706627	-0.27467	-1.06861	0.600521	
0.101145	-0.192128	0.339773	0.073157	0.0957727	0.54401	-0.0634996	0.394349	-0.513276	0.00886634	-0.992261	-0.475062	-1.46568	0.0242174	-0.135804	1.40982	0.168855	0.737221	0.984226	-0.76373	0.15986	0.0453592	0.758745	1.19221	-0.536392	-0.367197	-0.731912	0.445071	
0.0584975	-0.481017	0.279519	-0.0830452	0.247499	0.389256	0.103772	0.0829424	-0.324684	-0.0820908	-0.900609	-0.627961	-0.872581	-0.375681	0.0632239	1.31232	0.176839	0.661116	0.823226	-0.699761	0.224751	-0.0237955	0.710305	0.999437	-0.262519	-0.458507	-0.386722	0.241423	
0.0603465	-0.619318	0.255108	-0.130086	0.435857	0.224107	0.22985	-0.223857	-0.176093	-0.239129	-0.772818	-0.703312	-0.450153	-0.953772	0.228788	1.16411	0.235081	0.599049	0.645008	-0.743379	0.304681	-0.0448045	0.657678	0.78129	0.0681799	-0.53784	-0.0815541	0.0111497	
0.0702333	-0.648192	0.262964	-0.0956598	0.637363	0.0475115	0.316009	-0.471938	-0.0724906	-0.410505	-0.634766	-0.684793	-0.287282	-1.51015	0.401496	1.01274	0.303203	0.521965	0.443636	-0.851878	0.356744	-0.0498599	0.595236	0.537893	0.396685	-0.598826	0.175135	-0.208899	
0.0463419	-0.635978	0.288543	-0.0355021	0.822363	-0.130303	0.378761	-0.620919	-0.00822956	-0.537195	-0.509708	-0.590558	-0.35451	-1.8358	0.618901	0.893931	0.332106	0.407635	0.232691	-0.960448	0.343926	-0.0740156	0.521824	0.28477	0.664621	-0.629021	0.400584	-0.374599	
-0.0520739	-0.655027	0.299225	-0.0148101	0.957285	-0.288605	0.441598	-0.659674	0.0163667	-0.589491	-0.412595	-0.474579	-0.446595	-1.76239	0.884536	0.819918	0.271624	0.242075	0.0335361	-1.02138	0.23748	-0.148866	0.440668	0.0416679	0.83167	-0.621177	0.621949	-0.450733	
-0.238657	-0.74744	0.265014	-0.0880186	1.01784	-0.399751	0.517476	-0.599816	-0.00070154	-0.566507	-0.34493	-0.399402	-0.414511	-1.21107	1.16399	0.783277	0.0970198	0.0363276	-0.123432	-1.01701	0.0366263	-0.281602	0.364538	-0.162856	0.89269	-0.56386	0.858191	-0.408531	
-0.501721	-0.92358	0.170453	-0.26848	0.986605	-0.445045	0.612696	-0.465423	-0.0462768	-0.481071	-0.3017	-0.417998	-0.13027	-0.258941	1.40078	0.778442	-0.180477	-0.184921	-0.213228	-0.954393	-0.231913	-0.463077	0.299182	-0.298345	0.865272	-0.46137	1.09861	-0.250029	
-0.795662	-1.13946	0.0254589	-0.531877	0.875846	-0.424342	0.723136	-0.287268	-0.1012	-0.362775	-0.269021	-0.556184	0.347457	0.869076	1.55048	0.798264	-0.51268	-0.385751	-0.227728	-0.861709	-0.516663	-0.663342	0.25063	-0.348599	0.802105	-0.343355	1.32098	-0.00514835	
-1.06248	-1.33153	-0.137679	-0.820609	0.712305	-0.363211	0.845934	-0.0918993	-0.11594	-0.222949	-0.226669	-0.802095	0.854956	1.83689	1.61787	0.85644	-0.828273	-0.535067	-0.176898	-0.751112	-0.759591	-0.846794	0.216942	-0.3114	0.750286	-0.25891	1.49249	0.267486	
-1.25183	-1.44823	-0.276583	-1.06586	0.536286	-0.299828	0.977168	0.103345	-0.0372551	-0.0530707	-0.162608	-1.10141	1.16173	2.32639	1.65463	0.974776	-1.06493	-0.620518	-0.085566	-0.611665	-0.9221	-0.982532	0.190026	-0.209857	0.744254	-0.262797	1.58754	0.504556	
-1.34193	-1.46324	-0.362441	-1.22227	0.383401	-0.275636	1.11077	0.291522	0.176674	0.173458	-0.0732205	-1.37615	1.10954	2.14152	1.75041	1.17498	-1.19127	-0.653619	0.0178288	-0.40791	-0.998986	-1.05446	0.156024	-0.0829306	0.786957	-0.386734	1.60191	0.664572	
-1.35417	-1.40179	-0.396744	-1.28148	0.274284	-0.319594	1.24651	0.465349	0.536593	0.481489	0.0299982	-1.56342	0.773625	1.30188	1.99197	1.46542	-1.22566	-0.6731	0.104755	-0.105002	-1.02599	-1.07752	0.0990478	0.0202185	0.854786	-0.631186	1.56246	0.727422	
-1.33665	-1.319	-0.410921	-1.27691	0.212485	-0.432114	1.37839	0.615063	1.00625	0.876073	0.121445	-1.62078	0.301923	0.0745809	2.42071	1.82071	-1.22579	-0.720319	0.163806	0.313482	-1.06013	-1.07763	0.0152111	0.0571854	0.908652	-0.948309	1.51184	0.715242	
-1.3559	-1.298	-0.459244	-1.2631	0.172162	-0.594037	1.50224	0.729504	1.52002	1.33484	0.167063	-1.55196	0.0301798	-1.1334	2.99784	2.19051	-1.26929	-0.831711	0.201401	0.823247	-1.16152	-1.09694	-0.0929318	0.00855305	0.900177	-1.26128	1.48846	0.662293	
-1.46121	-1.39312	-0.592973	-1.2986	0.124738	-0.768954	1.60919	0.790679	1.98454	1.79178	0.132804	-1.39797	0.221751	-1.87564	3.61454	2.49916	-1.42105	-1.01937	0.230285	1.34933	-1.36291	-1.17033	-0.207478	-0.126732	0.806548	-1.48784	1.51743	0.609765	
-1.65853	-1.60895	-0.83419	-1.41294	0.0438556	-0.922472	1.69058	0.780467	2.31502	2.15571	0.00713246	-1.22238	0.968788	-1.88134	4.12068	2.66924	-1.6912	-1.25732	0.266104	1.78692	-1.64442	-1.30735	-0.30081	-0.321237	0.627091	-1.56894	1.59706	0.572963	
-1.90809	-1.90005	-1.14887	-1.59374	-0.071335	-1.03365	1.7438	0.689478	2.45618	2.33701	-0.201331	-1.08723	2.1474	-1.1313	4.37161	2.64336	-2.03308	-1.49413	0.3152	2.03316	-1.94126	-1.49218	-0.3457	-0.535318	0.406381	-1.50036	1.70535	0.532493	
-2.12633	-2.16141	-1.45419	-1.78594	-0.195345	-1.10232	1.7659	0.519225	2.3916	2.27028	-0.443086	-1.02535	3.39718	0.0944413	4.28857	2.39944	-2.34262	-1.6618	0.371907	2.02097	-2.15545	-1.67702	-0.322253	-0.72799	0.20911	-1.33313	1.80674	0.448551	
-2.22053	-2.2867	-1.64245	-1.90608	-0.290748	-1.14222	1.76057	0.291008	2.1548	1.94887	-0.657909	-1.0329	4.29455	1.33997	3.88735	1.96965	-2.49977	-1.70197	0.418715	1.74664	-2.19523	-1.80329	-0.227094	-0.861695	0.0962027	-1.14354	1.86689	0.276541	
