-0.185267	-0.258411	0.0657681	-0.172133	-0.0215633	-0.00166256	-0.021151	0.349069	0.17537	0.061243	0.0648533	-0.151713	-0.129574	0.378532	-0.227539	-0.00538758	-0.282788	-0.201182	0.545025	0.38494	-0.0791218	-0.161877	-0.0680548	-0.147915	-0.183439	-0.0402427	-0.33782	0.0402461	
-0.283355	-0.492338	0.0738064	-0.390545	0.0618448	-0.195432	0.337765	0.133392	0.697184	0.045195	0.280291	-0.15858	-0.138687	0.405568	0.124642	-0.104682	-0.324502	-0.285609	0.236108	0.626474	-0.126804	-0.32279	-0.189907	-0.331089	-0.124431	-0.0724752	-0.156938	-0.0139111	
-0.262428	-0.546346	0.138708	-0.503355	0.0291589	-0.32416	0.633855	0.0352426	1.14461	0.0873169	0.401929	-0.152102	-0.13393	0.281197	0.42926	-0.143571	-0.264923	-0.292299	-0.083388	0.834262	-0.126767	-0.407899	-0.285469	-0.444307	-0.0490559	-0.119753	-0.0440721	-0.043115	
-0.111043	-0.407126	0.265786	-0.484148	-0.101345	-0.387319	0.785341	0.0437669	1.3931	0.165001	0.431177	-0.121973	-0.101706	0.105002	0.611255	-0.118758	-0.0958895	-0.232826	-0.37892	0.9414	-0.0625769	-0.398884	-0.344627	-0.482078	0.0332714	-0.15678	-0.0149215	-0.0726929	
0.134158	-0.120219	0.427233	-0.338289	-0.28888	-0.387589	0.757792	0.119494	1.37982	0.242529	0.394251	-0.0727186	-0.0337125	-0.0117588	0.637533	-0.0459272	0.145511	-0.140001	-0.621803	0.906325	0.0509578	-0.301342	-0.362382	-0.452919	0.103744	-0.158483	-0.0535422	-0.109813	
0.406937	0.235723	0.573302	-0.0941401	-0.486812	-0.326977	0.574247	0.206725	1.12211	0.287879	0.317459	-0.00550212	0.0690714	0.00637014	0.530549	0.0439753	0.390569	-0.0505096	-0.794972	0.722056	0.177536	-0.145549	-0.338074	-0.372737	0.139909	-0.100048	-0.119131	-0.155608	
0.628462	0.564701	0.650588	0.193355	-0.653943	-0.204297	0.312148	0.270288	0.71984	0.28253	0.221217	0.057389	0.203338	0.153291	0.357783	0.117091	0.558347	0.00687488	-0.881702	0.43366	0.270601	0.0241373	-0.267106	-0.254052	0.127161	0.0131811	-0.166655	-0.185223	
0.741361	0.789099	0.626117	0.455872	-0.768816	-0.033755	0.0785238	0.294549	0.3327	0.226418	0.105351	0.102702	0.350891	0.393226	0.203528	0.14686	0.589107	0.0265065	-0.874591	0.127658	0.295356	0.159365	-0.150682	-0.107435	0.0645947	0.154874	-0.166778	-0.182775	
0.72753	0.874052	0.507557	0.631598	-0.819595	0.167216	-0.0334921	0.294239	0.101344	0.148602	-0.04144	0.101676	0.4981	0.608344	0.145292	0.120116	0.467596	0.0253054	-0.77086	-0.106459	0.247595	0.223787	0.0119782	0.0613671	-0.026785	0.271177	-0.110158	-0.139484	
0.613057	0.826917	0.338839	0.678965	-0.811595	0.36992	0.0263984	0.295384	0.11899	0.0831732	-0.231138	0.0305754	0.628515	0.722701	0.214907	0.0417144	0.228827	0.032417	-0.580976	-0.199683	0.153909	0.204266	0.210588	0.241241	-0.113146	0.315064	-0.0196057	-0.0680039	
0.449312	0.683313	0.183325	0.582047	-0.744242	0.522031	0.242884	0.308645	0.379614	0.057055	-0.437616	-0.110468	0.725165	0.700165	0.395243	-0.0724554	-0.0524346	0.0690211	-0.333497	-0.134999	0.0623372	0.106115	0.419702	0.406911	-0.155969	0.247971	0.0758319	-0.0142627	
0.28583	0.477766	0.0967603	0.355147	-0.611852	0.575831	0.542088	0.325476	0.780059	0.0799758	-0.595764	-0.313137	0.775288	0.551098	0.62881	-0.196112	-0.293874	0.131595	-0.0695103	0.0494974	0.0176626	-0.0434958	0.603495	0.52209	-0.128924	0.0597508	0.153114	-0.0138077	
0.156196	0.245073	0.102155	0.0431384	-0.408784	0.496655	0.822602	0.313076	1.16628	0.13797	-0.640949	-0.539708	0.769536	0.349174	0.837895	-0.307103	-0.431179	0.195215	0.161335	0.274718	0.0466301	-0.208324	0.719398	0.549412	-0.0280343	-0.218126	0.210553	-0.102147	
0.0578119	-0.00714304	0.173159	-0.298609	-0.133494	0.271501	0.992974	0.231588	1.38669	0.213866	-0.514397	-0.74242	0.706176	0.163974	0.960475	-0.382187	-0.448016	0.216407	0.321562	0.459971	0.138106	-0.355703	0.736296	0.463159	0.122374	-0.532445	0.269445	-0.284828	
-0.0364167	-0.276814	0.246883	-0.613887	0.184357	-0.0746182	1.00513	0.0620786	1.36102	0.28927	-0.207387	-0.871932	0.592913	0.0861804	0.972153	-0.397568	-0.37744	0.154683	0.393242	0.556804	0.247153	-0.464592	0.639928	0.265275	0.27419	-0.815312	0.352516	-0.529195	
-0.165579	-0.563657	0.245211	-0.862486	0.499243	-0.480482	0.877484	-0.178417	1.10672	0.362074	0.218548	-0.903072	0.453973	0.118931	0.900026	-0.341285	-0.286211	-0.00939725	0.390185	0.56698	0.31035	-0.531085	0.447952	-0.00965642	0.373168	-1.02027	0.485862	-0.773217	
-0.358517	-0.85947	0.109198	-1.02403	0.750453	-0.865553	0.674947	-0.437496	0.727671	0.444893	0.64261	-0.829161	0.316705	0.233753	0.800581	-0.203414	-0.247478	-0.263865	0.348481	0.536013	0.267271	-0.563571	0.200858	-0.305418	0.372311	-1.11424	0.663853	-0.939462	
-0.614154	-1.12848	-0.17235	-1.10089	0.87933	-1.15773	0.486011	-0.642037	0.37497	0.556114	0.927274	-0.671213	0.208161	0.387648	0.742677	0.00396251	-0.306276	-0.563005	0.31131	0.533457	0.0923425	-0.58063	-0.0500777	-0.557621	0.256791	-1.10122	0.855861	-0.974807	
-0.902399	-1.32749	-0.557379	-1.10921	0.85474	-1.3057	0.380634	-0.731783	0.175922	0.710961	0.969628	-0.462934	0.149556	0.524351	0.778287	0.260786	-0.46471	-0.846569	0.310271	0.609392	-0.20128	-0.600096	-0.257121	-0.718524	0.0441951	-1.00016	1.01117	-0.859516	
-1.16348	-1.39166	-0.956234	-1.06082	0.670899	-1.28666	0.38053	-0.673759	0.187046	0.900485	0.72672	-0.24278	0.151789	0.631064	0.914904	0.53394	-0.674572	-1.05089	0.3493	0.772878	-0.553983	-0.630379	-0.394734	-0.766733	-0.21689	-0.828893	1.06994	-0.613381	
-1.33799	-1.28873	-1.27235	-0.969799	0.363156	-1.12406	0.46865	-0.491347	0.394858	1.10086	0.25399	-0.0418606	0.20011	0.724196	1.11981	0.78128	-0.863897	-1.13909	0.403155	0.995507	-0.886852	-0.668959	-0.462485	-0.718618	-0.463343	-0.613897	0.996775	-0.299733	
-1.38421	-1.02313	-1.42552	-0.84309	-0.000211906	-0.872511	0.584405	-0.256942	0.700735	1.26272	-0.310813	0.125648	0.269956	0.848759	1.33437	0.962322	-0.959788	-1.1075	0.425707	1.20664	-1.12195	-0.700443	-0.482825	-0.618695	-0.636159	-0.372528	0.791498	-0.00140825	
-1.2915	-0.642403	-1.38436	-0.685151	-0.340817	-0.598985	0.66515	-0.0638223	0.982119	1.32511	-0.799809	0.256566	0.33707	1.03836	1.49275	1.03877	-0.918405	-0.983588	0.368713	1.33172	-1.20502	-0.702845	-0.48639	-0.519684	-0.694532	-0.123993	0.504437	0.208721	
-1.08582	-0.237565	-1.17395	-0.508652	-0.58577	-0.366553	0.673284	0.00515484	1.14598	1.2501	-1.06714	0.355458	0.378338	1.28426	1.54799	0.999688	-0.742942	-0.814016	0.207641	1.3222	-1.12527	-0.657427	-0.496513	-0.463801	-0.632206	0.104551	0.211315	0.283587	
-0.810007	0.10498	-0.856085	-0.326283	-0.701955	-0.215623	0.606437	-0.0832619	1.15472	1.02627	-1.04084	0.415812	0.392816	1.55139	1.48767	0.855013	-0.47387	-0.639712	-0.0492437	1.17329	-0.90572	-0.554579	-0.518453	-0.463541	-0.467156	0.27722	-0.00908802	0.217345	
-0.519067	0.306329	-0.513065	-0.164821	-0.685506	-0.156852	0.498678	-0.30697	1.03698	0.681002	-0.742403	0.428327	0.390926	1.76339	1.33388	0.639963	-0.177343	-0.491154	-0.357177	0.919633	-0.602611	-0.399128	-0.536998	-0.503949	-0.239493	0.353298	-0.100269	0.0412442	
-0.256639	0.336591	-0.212284	-0.0474939	-0.565223	-0.172829	0.390288	-0.591361	0.848344	0.267312	-0.284502	0.383451	0.393171	1.8519	1.12995	0.40447	0.0843603	-0.373605	-0.65199	0.616188	-0.277748	-0.207889	-0.526118	-0.550963	0.00353491	0.309452	-0.0522827	-0.183985	
-0.0502412	0.216538	0.00868368	0.00659226	-0.392747	-0.227734	0.313573	-0.839404	0.653668	-0.13799	0.183384	0.275931	0.420107	1.78643	0.922312	0.202394	0.269151	-0.277977	-0.874303	0.320905	0.0139541	-0.0104163	-0.464259	-0.567654	0.224728	0.14495	0.098664	-0.391097	
0.085696	0.00435091	0.143341	-0.0119432	-0.217582	-0.28719	0.274478	-0.969093	0.490458	-0.452427	0.530408	0.119246	0.477666	1.58629	0.751971	0.0823387	0.361862	-0.194105	-0.986697	0.0765331	0.232133	0.157237	-0.34835	-0.535264	0.394459	-0.106754	0.283448	-0.529827	
0.153108	-0.20975	0.207081	-0.0866348	-0.0879975	-0.317448	0.24472	-0.93664	0.349495	-0.622443	0.670246	-0.0464946	0.553799	1.32604	0.627751	0.0724309	0.376078	-0.114525	-0.992149	-0.103529	0.359619	0.266164	-0.201483	-0.455437	0.497843	-0.366126	0.424977	-0.560785	
0.152833	-0.357265	0.216637	-0.197409	-0.0317432	-0.30144	0.188814	-0.748903	0.207996	-0.609696	0.60198	-0.172721	0.606862	1.10933	0.542462	0.181114	0.332662	-0.0514744	-0.920657	-0.216784	0.388835	0.297475	-0.0668437	-0.351603	0.52557	-0.550808	0.461497	-0.472573	
0.0899417	-0.396135	0.184552	-0.309688	-0.0589927	-0.246322	0.0810284	-0.466871	0.0417268	-0.417203	0.380689	-0.206123	0.598984	1.02848	0.481734	0.384981	0.255535	-0.0248658	-0.822026	-0.2641	0.32694	0.249983	0.0091695	-0.26093	0.477793	-0.589199	0.374884	-0.289764	
-0.0356551	-0.336463	0.107095	-0.401533	-0.156517	-0.174882	-0.0724006	-0.176799	-0.138257	-0.0819773	0.106141	-0.114138	0.49715	1.12428	0.429219	0.646897	0.156204	-0.0614854	-0.739995	-0.237411	0.184834	0.136828	-0.00959721	-0.218101	0.356466	-0.455075	0.190424	-0.054885	
-0.215372	-0.226238	-0.0217527	-0.462278	-0.29802	-0.120032	-0.222398	0.040427	-0.270423	0.335031	-0.131099	0.0958267	0.288743	1.36287	0.381617	0.915427	0.038058	-0.172962	-0.695493	-0.113278	-0.0176494	-0.0167864	-0.128141	-0.242903	0.169247	-0.183311	-0.0335222	0.18025	
-0.422949	-0.113842	-0.194405	-0.485007	-0.459127	-0.105879	-0.297524	0.133524	-0.262588	0.757847	-0.285789	0.379226	0.00247342	1.65345	0.346156	1.13599	-0.0903646	-0.344906	-0.685174	0.128535	-0.248469	-0.181824	-0.319809	-0.331132	-0.0611336	0.148021	-0.234689	0.361707	
-0.62396	-0.0448736	-0.385443	-0.47942	-0.608361	-0.153186	-0.230402	0.0898847	-0.0347292	1.12031	-0.34571	0.656966	-0.313162	1.88341	0.343396	1.26598	-0.2152	-0.544515	-0.68335	0.491356	-0.470887	-0.3326	-0.53151	-0.464371	-0.301901	0.426463	-0.360299	0.440324	
-0.77076	-0.02338	-0.549194	-0.44824	-0.724002	-0.260276	-0.00127971	-0.0645517	0.422028	1.36339	-0.350796	0.854065	-0.591193	1.95975	0.387927	1.28294	-0.308355	-0.719224	-0.663446	0.933593	-0.638616	-0.448822	-0.704118	-0.612287	-0.508167	0.566929	-0.389871	0.395193	
-0.828462	-0.0305313	-0.637573	-0.401098	-0.788937	-0.409777	0.36066	-0.27823	1.04972	1.46187	-0.340981	0.909248	-0.771518	1.85489	0.484728	1.19254	-0.344706	-0.825464	-0.608312	1.38536	-0.717086	-0.526596	-0.790938	-0.746969	-0.635062	0.524468	-0.336099	0.229951	
-0.779823	-0.0217873	-0.616587	-0.341157	-0.804508	-0.570484	0.779209	-0.48913	1.72452	1.43206	-0.360969	0.800199	-0.813514	1.60107	0.630173	1.02723	-0.309537	-0.832204	-0.517497	1.76477	-0.689777	-0.573347	-0.770381	-0.845903	-0.650805	0.318817	-0.235839	-0.0195795	
-0.634318	0.0464657	-0.488802	-0.269562	-0.780696	-0.703339	1.13938	-0.644321	2.27083	1.31511	-0.420847	0.561487	-0.710735	1.28662	0.799834	0.83955	-0.210711	-0.73519	-0.409245	1.98885	-0.564609	-0.601827	-0.657014	-0.894208	-0.548832	0.0340768	-0.135854	-0.297465	
-0.432334	0.186478	-0.296655	-0.198863	-0.742248	-0.774062	1.35105	-0.701511	2.55842	1.18087	-0.509756	0.250067	-0.49819	1.0163	0.972003	0.688998	-0.087132	-0.556864	-0.299799	2.03022	-0.382348	-0.626815	-0.485554	-0.882593	-0.356366	-0.229929	-0.0763871	-0.532626	
-0.224819	0.387179	-0.107433	-0.136915	-0.728311	-0.758106	1.36667	-0.640947	2.53282	1.09848	-0.608135	-0.0493524	-0.225979	0.873287	1.12633	0.626599	0.00825491	-0.334212	-0.200325	1.91303	-0.198483	-0.658427	-0.303266	-0.80604	-0.127509	-0.378406	-0.0839943	-0.665362	
-0.0702318	0.589215	0.00430599	-0.107306	-0.758403	-0.657404	1.20581	-0.470181	2.23807	1.10663	-0.684235	-0.271177	0.0454142	0.881886	1.24544	0.673901	0.021059	-0.115735	-0.104464	1.71153	-0.0720162	-0.698287	-0.147623	-0.670303	0.0695396	-0.372475	-0.149876	-0.669459	
-0.00240004	0.725371	-0.0125143	-0.126664	-0.847626	-0.490099	0.944049	-0.209213	1.8053	1.21593	-0.731251	-0.376977	0.257549	0.990575	1.32644	0.827615	-0.0779826	0.066408	0.00939403	1.52484	-0.0393424	-0.737477	-0.0392018	-0.483277	0.169761	-0.230734	-0.254857	-0.541628	
-0.0245205	0.744176	-0.160641	-0.198997	-0.984531	-0.294613	0.685666	0.0940264	1.40162	1.38386	-0.750588	-0.364104	0.374317	1.12724	1.36847	1.03449	-0.274556	0.195053	0.159211	1.43401	-0.103015	-0.762569	0.0242798	-0.268053	0.138861	-0.0210235	-0.364198	-0.334228	
-0.112619	0.636401	-0.394702	-0.310806	-1.15076	-0.111085	0.535024	0.391682	1.18603	1.55535	-0.772617	-0.268328	0.384508	1.1926	1.38949	1.2344	-0.518896	0.272377	0.354552	1.48823	-0.234409	-0.760751	0.0626423	-0.055069	-0.0202408	0.167258	-0.44734	-0.108879	
-0.219355	0.436127	-0.638821	-0.42916	-1.31377	0.0244369	0.540486	0.628848	1.22023	1.66684	-0.815802	-0.132128	0.299347	1.12633	1.40292	1.36716	-0.738105	0.315472	0.575617	1.66405	-0.378514	-0.72367	0.0970631	0.119684	-0.267042	0.264741	-0.479868	0.0647809	
-0.308473	0.19958	-0.819611	-0.525191	-1.43709	0.0860218	0.709219	0.762764	1.49581	1.67763	-0.893215	-0.00970617	0.146646	0.930679	1.43259	1.3904	-0.87469	0.336063	0.786496	1.90655	-0.48368	-0.658183	0.146366	0.221363	-0.53714	0.237603	-0.44785	0.138038	
-0.353576	0.00890279	-0.889473	-0.564407	-1.51095	0.0756582	0.992426	0.782241	1.92388	1.60347	-1.0123	0.0691206	-0.0379429	0.657651	1.50314	1.31279	-0.90034	0.347499	0.937334	2.14201	-0.517541	-0.58084	0.212017	0.234849	-0.764212	0.111678	-0.36063	0.105478	
-0.357888	-0.0827878	-0.85012	-0.537474	-1.52949	0.00943887	1.30794	0.700204	2.36631	1.49261	-1.15266	0.0873725	-0.207666	0.408759	1.62879	1.17158	-0.836348	0.349891	0.987641	2.30751	-0.480253	-0.516845	0.283078	0.16418	-0.897871	-0.0524431	-0.230928	-0.0148734	
-0.347076	-0.0608524	-0.752951	-0.460769	-1.51774	-0.0777764	1.58124	0.572092	2.71627	1.44068	-1.29431	0.0437297	-0.323899	0.262955	1.82169	1.04896	-0.748139	0.336811	0.925703	2.39719	-0.406855	-0.49215	0.337163	0.0423211	-0.926318	-0.185417	-0.0921807	-0.155788	
-0.355454	0.0479037	-0.669284	-0.367014	-1.50866	-0.151473	1.76095	0.46536	2.91914	1.52576	-1.41059	-0.0506248	-0.356562	0.29981	2.06521	1.02208	-0.711357	0.297477	0.767452	2.44277	-0.351031	-0.526383	0.349719	-0.0876529	-0.871404	-0.23538	0.0206158	-0.253167	
-0.41966	0.175078	-0.665964	-0.302974	-1.5224	-0.187408	1.82772	0.445643	2.97246	1.78961	-1.48482	-0.179951	-0.277281	0.520829	2.32564	1.15424	-0.79048	0.214907	0.556076	2.49799	-0.364126	-0.625721	0.303261	-0.186313	-0.772437	-0.191414	0.0814041	-0.250721	
-0.552641	0.241891	-0.780545	-0.302266	-1.56979	-0.172895	1.79593	0.556803	2.92599	2.2272	-1.50382	-0.326244	-0.098713	0.858364	2.54963	1.46992	-1.00286	0.083933	0.340848	2.61565	-0.475862	-0.778449	0.187608	-0.226423	-0.682527	-0.0799197	0.0718921	-0.116071	
-0.750198	0.185208	-1.00519	-0.38748	-1.632	-0.126252	1.70611	0.797143	2.85434	2.76568	-1.46365	-0.479652	0.146354	1.23613	2.68887	1.94011	-1.31897	-0.100738	0.164744	2.81905	-0.681424	-0.966608	0.00844648	-0.211926	-0.640418	0.0341326	-0.00111757	0.13547	
-0.986078	-0.00580378	-1.29342	-0.543874	-1.697	-0.0696729	1.60862	1.13514	2.83592	3.3194	-1.38843	-0.620625	0.39451	1.55569	2.71342	2.51298	-1.66761	-0.334852	0.0446201	3.10076	-0.950022	-1.16444	-0.222428	-0.166366	-0.666993	0.0999988	-0.124322	0.469239	
-1.22999	-0.308421	-1.58459	-0.743474	-1.74194	-0.0348729	1.54938	1.51172	2.91875	3.79714	-1.3026	-0.73659	0.571889	1.74683	2.62992	3.11329	-1.97258	-0.606539	-0.0234734	3.41429	-1.23297	-1.35186	-0.482842	-0.126344	-0.761595	0.0809372	-0.262943	0.829779	
-1.46033	-0.679332	-1.83078	-0.959904	-1.74866	-0.0492331	1.55901	1.86293	3.10973	4.15125	-1.2333	-0.817634	0.60819	1.77354	2.49592	3.67512	-2.18134	-0.905127	-0.0565727	3.70436	-1.4867	-1.51805	-0.745061	-0.124885	-0.909841	-0.0311982	-0.378234	1.16841	
-1.66374	-1.04709	-2.00692	-1.1668	-1.72497	-0.126484	1.66011	2.14393	3.40963	4.38675	-1.21429	-0.863498	0.460415	1.66546	2.39899	4.15542	-2.27781	-1.20772	-0.0719441	3.93243	-1.68664	-1.66419	-0.980556	-0.176018	-1.09058	-0.212761	-0.444198	1.44309	
-1.83995	-1.36236	-2.11719	-1.36172	-1.67506	-0.265819	1.84623	2.3335	3.77125	4.54168	-1.27115	-0.888139	0.150374	1.47517	2.43834	4.53291	-2.28977	-1.48945	-0.0724658	4.074	-1.82722	-1.79743	-1.15762	-0.269335	-1.27534	-0.431472	-0.440036	1.62412	
-1.98606	-1.59484	-2.18526	-1.54494	-1.62116	-0.439975	2.09616	2.44178	4.1518	4.6734	-1.40089	-0.908752	-0.264693	1.26006	2.67703	4.79916	-2.26426	-1.71466	-0.0489214	4.1352	-1.91924	-1.9209	-1.25274	-0.367147	-1.44627	-0.64149	-0.380021	1.70766	
-2.09068	-1.73759	-2.2241	-1.72812	-1.56368	-0.619009	2.36385	2.48904	4.48213	4.79799	-1.57607	-0.957935	-0.674222	1.07599	3.11536	4.94322	-2.24093	-1.84582	0.017113	4.11769	-1.96742	-2.03039	-1.24558	-0.426551	-1.5765	-0.830893	-0.283654	1.69238	
-2.12548	-1.79496	-2.22012	-1.90006	-1.48819	-0.763735	2.57454	2.48549	4.66508	4.88358	-1.74771	-1.04914	-0.950142	0.944994	3.66442	4.93801	-2.22041	-1.84827	0.133488	4.00307	-1.96251	-2.0998	-1.12903	-0.413344	-1.63047	-0.986454	-0.185054	1.57409	
-2.04756	-1.76448	-2.13367	-2.02757	-1.3665	-0.841691	2.64995	2.42182	4.60633	4.8395	-1.84295	-1.18364	-0.992417	0.845694	4.16518	4.7417	-2.16432	-1.69178	0.288408	3.75185	-1.87177	-2.09231	-0.909687	-0.310803	-1.56859	-1.1104	-0.112179	1.35251	
-1.81331	-1.64214	-1.91073	-2.0631	-1.15643	-0.833715	2.51563	2.26292	4.2103	4.54378	-1.79042	-1.33982	-0.760566	0.732675	4.42797	4.30412	-2.00414	-1.36667	0.448766	3.30608	-1.64919	-1.96589	-0.604833	-0.127122	-1.35566	-1.20607	-0.0762958	1.02814	
-1.3894	-1.38681	-1.5035	-1.93877	-0.848066	-0.734778	2.12572	1.96855	3.43493	3.8999	-1.55113	-1.46374	-0.288111	0.588718	4.2765	3.60163	-1.67067	-0.879771	0.562015	2.61459	-1.25551	-1.68766	-0.248855	0.111643	-0.973939	-1.25376	-0.0856555	0.608636	
-0.777523	-0.970136	-0.90205	-1.60852	-0.446628	-0.552596	1.47142	1.51239	2.27545	2.87279	-1.13047	-1.49335	0.324593	0.387901	3.61585	2.65053	-1.13021	-0.265117	0.580792	1.65455	-0.676234	-1.24627	0.119725	0.373237	-0.434303	-1.22661	-0.124807	0.119397	
-0.0224749	-0.387668	-0.151413	-1.06392	0.00735516	-0.307963	0.600274	0.900096	0.813655	1.52381	-0.56679	-1.36844	0.923027	0.148465	2.46359	1.51502	-0.406908	0.420356	0.479865	0.46952	0.0558294	-0.662502	0.460953	0.629682	0.208033	-1.08648	-0.182025	-0.398557	
0.793088	0.332029	0.653794	-0.354385	0.453457	-0.0392182	-0.391318	0.180559	-0.798361	0.00759527	0.0588651	-1.06026	1.35732	-0.0821715	0.957318	0.318705	0.415211	1.10157	0.267521	-0.831511	0.862409	0.00341441	0.738309	0.859425	0.866781	-0.821732	-0.240603	-0.894995	
1.56102	1.10783	1.39358	0.422412	0.833742	0.213185	-1.38863	-0.565372	-2.38641	-1.46631	0.65463	-0.571806	1.53128	-0.249253	-0.682056	-0.800452	1.21623	1.69774	-0.0155582	-2.10288	1.63334	0.671152	0.924744	1.04888	1.44217	-0.438062	-0.290246	-1.31919	
2.17689	1.83148	1.95233	1.14397	1.09702	0.408107	-2.27638	-1.23815	-3.77059	-2.68888	1.15593	0.0570059	1.41889	-0.299896	-2.20547	-1.70661	1.87076	2.13466	-0.319457	-3.18359	2.25315	1.24759	0.996366	1.18847	1.84386	0.0309146	-0.331453	-1.61853	
2.55838	2.37195	2.25194	1.68064	1.23886	0.505116	-2.96346	-1.76069	-4.81811	-3.50877	1.53553	0.749757	1.07826	-0.215392	-3.39493	-2.30921	2.28758	2.35317	-0.59859	-3.94836	2.63355	1.65146	0.942125	1.25858	2.02195	0.515737	-0.356134	-1.76732	
2.67016	2.63277	2.27818	1.94224	1.28128	0.47659	-3.39919	-2.09387	-5.4557	-3.86625	1.80831	1.41232	0.637156	0.00297775	-4.11571	-2.58312	2.43473	2.32526	-0.832291	-4.33305	2.73543	1.83303	0.760501	1.23434	1.98288	0.937672	-0.358888	-1.76498	
2.52572	2.56826	2.07104	1.89679	1.27175	0.313572	-3.57436	-2.24751	-5.67796	-3.80658	2.02148	1.95881	0.241005	0.302773	-4.33801	-2.56181	2.33939	2.05673	-1.03035	-4.34363	2.57946	1.78246	0.461433	1.09071	1.78374	1.22646	-0.326815	-1.63388	
2.17749	2.19757	1.709	1.57503	1.25662	0.0319997	-3.50679	-2.27137	-5.52041	-3.44651	2.22619	2.32378	0.00565065	0.623584	-4.12312	-2.33447	2.0692	1.59093	-1.21835	-4.03952	2.23219	1.53232	0.0717518	0.817411	1.51022	1.34508	-0.249002	-1.41426	
1.71052	1.62113	1.28185	1.07201	1.25308	-0.327046	-3.23579	-2.22699	-5.04282	-2.9299	2.44145	2.48516	-0.0149926	0.915134	-3.59583	-1.99632	1.70714	1.00443	-1.42665	-3.51351	1.78652	1.14519	-0.373118	0.429938	1.25	1.29921	-0.126435	-1.15407	
1.20919	0.974253	0.861808	0.510019	1.25249	-0.698736	-2.81528	-2.16689	-4.32768	-2.38171	2.64898	2.45993	0.159019	1.14457	-2.90351	-1.62802	1.32168	0.389182	-1.66061	-2.8702	1.33261	0.703781	-0.82145	-0.0248701	1.06238	1.13578	0.0279534	-0.898635	
0.744141	0.400053	0.4867	0.0127236	1.21263	-1.01166	-2.29427	-2.1098	-3.44412	-1.87802	2.79198	2.29639	0.434344	1.31337	-2.1705	-1.27981	0.949173	-0.162026	-1.8925	-2.18159	0.932281	0.285103	-1.21895	-0.472221	0.958926	0.929642	0.180427	-0.678076	
0.357281	-0.0036256	0.156762	-0.332465	1.09645	-1.21027	-1.72758	-2.04846	-2.47422	-1.43931	2.8025	2.066	0.681768	1.44818	-1.491	-0.957696	0.596228	-0.578365	-2.06739	-1.50695	0.612231	-0.0526573	-1.51453	-0.835879	0.906506	0.753907	0.294704	-0.515308	
0.0638855	-0.197372	-0.141399	-0.487258	0.885294	-1.25975	-1.1827	-1.95267	-1.52861	-1.04828	2.63333	1.83693	0.793028	1.57627	-0.922379	-0.653547	0.255747	-0.819905	-2.12095	-0.896184	0.368889	-0.276998	-1.67285	-1.05244	0.852427	0.666458	0.338013	-0.409102	
-0.140339	-0.208483	-0.420388	-0.466428	0.597518	-1.16636	-0.725972	-1.79457	-0.721021	-0.680565	2.28899	1.66452	0.704147	1.7091	-0.500215	-0.353197	-0.0778429	-0.883956	-2.0119	-0.384713	0.183474	-0.387108	-1.68491	-1.09609	0.74952	0.689502	0.293313	-0.348699	
-0.276544	-0.128657	-0.680864	-0.336899	0.292143	-0.972786	-0.411684	-1.56714	-0.156255	-0.320709	1.82849	1.56719	0.422869	1.83322	-0.243798	-0.054272	-0.397934	-0.805585	-1.73398	-0.00419925	0.0343813	-0.405377	-1.56445	-0.987746	0.580451	0.804292	0.17628	-0.316008	
-0.3622	-0.0636964	-0.90055	-0.183863	0.0494901	-0.749917	-0.261935	-1.29418	0.111989	0.0165605	1.34998	1.52904	0.018776	1.90865	-0.155811	0.21046	-0.677996	-0.637823	-1.32745	0.230099	-0.0843738	-0.368273	-1.34933	-0.784474	0.368227	0.955836	0.024179	-0.297828	
-0.416068	-0.114646	-1.04776	-0.0950096	-0.0527188	-0.576095	-0.25749	-1.01972	0.100909	0.293973	0.969228	1.50317	-0.398775	1.8705	-0.226128	0.404237	-0.885906	-0.444448	-0.865045	0.323973	-0.167452	-0.314414	-1.0853	-0.565114	0.165291	1.0676	-0.110381	-0.280179	
-0.448513	-0.330836	-1.09517	-0.124488	0.0194053	-0.510352	-0.337686	-0.79517	-0.0934481	0.472125	0.761009	1.43605	-0.723221	1.68638	-0.418378	0.479685	-0.997268	-0.275043	-0.429296	0.315151	-0.203285	-0.273049	-0.821393	-0.398372	0.0284333	1.07966	-0.181487	-0.261768	
-0.460713	-0.692486	-1.03324	-0.275606	0.240564	-0.573574	-0.410417	-0.652707	-0.308044	0.534095	0.733669	1.28443	-0.88608	1.35555	-0.667574	0.413792	-1.00466	-0.155542	-0.0861071	0.270305	-0.182635	-0.259268	-0.59214	-0.32237	-0.00669822	0.958165	-0.171189	-0.251703	
-0.450585	-1.12024	-0.877918	-0.501751	0.533073	-0.736188	-0.398651	-0.590878	-0.396774	0.487132	0.83229	1.0301	-0.867407	0.919678	-0.893466	0.220995	-0.923129	-0.0860153	0.139071	0.252893	-0.109755	-0.267885	-0.411993	-0.331774	0.0579434	0.712665	-0.0908676	-0.258436	
-0.413758	-1.49608	-0.667005	-0.718497	0.788429	-0.933256	-0.251075	-0.574785	-0.250457	0.371474	0.945425	0.691418	-0.714065	0.465911	-1.01405	-0.057176	-0.786169	-0.0452152	0.262059	0.321645	-0.00559368	-0.282185	-0.277526	-0.383665	0.178036	0.390483	0.0154675	-0.293375	
-0.353118	-1.7092	-0.452252	-0.82779	0.907652	-1.08352	0.0180865	-0.55208	0.123621	0.240831	0.958933	0.327871	-0.500929	0.0877928	-0.975594	-0.344464	-0.633205	-0.0104403	0.325154	0.483108	0.0941538	-0.27723	-0.171847	-0.424299	0.285687	0.0664622	0.0999102	-0.358462	
-0.271264	-1.68025	-0.277888	-0.747703	0.834749	-1.11119	0.329528	-0.475845	0.600638	0.141048	0.796357	0.020453	-0.314299	-0.13023	-0.781862	-0.577313	-0.49219	0.039904	0.374708	0.687719	0.157417	-0.22724	-0.0789608	-0.400771	0.315707	-0.174232	0.121563	-0.445314	
-0.180132	-1.40157	-0.172668	-0.4504	0.58026	-0.979683	0.585922	-0.319103	1.0093	0.0916317	0.452417	-0.166444	-0.216466	-0.170096	-0.482776	-0.708104	-0.380776	0.108311	0.441714	0.861181	0.161075	-0.122215	0.014496	-0.291319	0.234814	-0.276886	0.0728904	-0.53253	
-0.0956181	-0.931292	-0.145871	0.0351796	0.207786	-0.694046	0.684819	-0.0899126	1.16494	0.0892606	-0.0108184	-0.188078	-0.230779	-0.0468622	-0.178529	-0.718367	-0.303548	0.181436	0.527059	0.911077	0.0987947	0.0366802	0.105642	-0.106046	0.0486171	-0.211347	-0.0226042	-0.58869	
-0.0342505	-0.372682	-0.188492	0.624519	-0.188902	-0.29978	0.583048	0.181978	0.982442	0.110424	-0.49431	-0.0473149	-0.340273	0.168973	0.0300206	-0.632992	-0.256388	0.235288	0.60577	0.788888	-0.015492	0.229749	0.181897	0.118142	-0.196992	0.00676305	-0.126322	-0.576548	
-0.0205301	0.1318	-0.283011	1.19322	-0.504832	0.12264	0.300056	0.441936	0.483867	0.112975	-0.875053	0.211622	-0.492603	0.390611	0.0698552	-0.492761	-0.239431	0.237422	0.640023	0.489346	-0.159351	0.424196	0.223698	0.32334	-0.436399	0.322399	-0.185482	-0.470489	
-0.0707798	0.462481	-0.411972	1.61746	-0.675462	0.49623	-0.0730621	0.646603	-0.171843	0.0723977	-1.074	0.516162	-0.636044	0.552704	-0.0807981	-0.35117	-0.260144	0.168488	0.599244	0.0795617	-0.3094	0.58191	0.208826	0.463597	-0.611426	0.667766	-0.172436	-0.257813	
-0.193957	0.550401	-0.562189	1.81565	-0.681659	0.758166	-0.414674	0.765225	-0.769074	-0.0250744	-1.06459	0.796072	-0.727838	0.628918	-0.374131	-0.246062	-0.326905	0.021522	0.4713	-0.34167	-0.449046	0.670256	0.126206	0.507564	-0.692964	0.975522	-0.0820791	0.0418196	
-0.37952	0.400878	-0.719732	1.77478	-0.560304	0.892835	-0.630546	0.800294	-1.1293	-0.163662	-0.885433	1.00509	-0.756734	0.640184	-0.728831	-0.192589	-0.440069	-0.183011	0.27299	-0.679796	-0.57106	0.676052	-0.0244203	0.460701	-0.689553	1.21167	0.0496945	0.40103	
-0.604845	0.0750852	-0.871932	1.53598	-0.362387	0.908698	-0.670783	0.770258	-1.16271	-0.329194	-0.607738	1.11871	-0.737082	0.633359	-1.04254	-0.189276	-0.588318	-0.413313	0.0419363	-0.871409	-0.674949	0.599929	-0.226158	0.345045	-0.633155	1.35369	0.184224	0.764293	
-0.836693	-0.324725	-0.999533	1.19676	-0.143451	0.838744	-0.572019	0.693164	-0.934449	-0.499215	-0.308945	1.16741	-0.7006	0.661013	-1.24686	-0.214092	-0.740587	-0.635059	-0.180615	-0.926115	-0.763859	0.466761	-0.453854	0.191248	-0.567763	1.41477	0.283431	1.07511	
-1.03146	-0.680715	-1.07712	0.866635	0.0580662	0.72632	-0.429494	0.58574	-0.621091	-0.662539	-0.0451097	1.19347	-0.678038	0.742123	-1.32688	-0.253589	-0.849429	-0.811488	-0.361467	-0.903968	-0.831935	0.313914	-0.676721	0.033571	-0.51794	1.42012	0.326113	1.28838	
-1.15754	-0.92099	-1.08397	0.623045	0.247375	0.594377	-0.353667	0.441037	-0.440812	-0.826543	0.172043	1.23287	-0.687335	0.861397	-1.31348	-0.298871	-0.87327	-0.926465	-0.483492	-0.899261	-0.869103	0.177537	-0.862895	-0.110792	-0.483592	1.38318	0.332175	1.36783	
-1.19193	-1.00897	-1.01046	0.50044	0.430445	0.461512	-0.421844	0.259023	-0.542373	-0.98814	0.3503	1.30098	-0.731587	0.971425	-1.27741	-0.350388	-0.790475	-0.972243	-0.546092	-0.978901	-0.862981	0.085873	-0.992033	-0.226971	-0.443178	1.31888	0.324682	1.31996	
-1.13436	-0.95696	-0.867969	0.477306	0.624663	0.324054	-0.642329	0.033773	-0.948432	-1.15206	0.513571	1.38441	-0.792949	1.02023	-1.28168	-0.413308	-0.607866	-0.962548	-0.564928	-1.1642	-0.803925	0.0497863	-1.05339	-0.315013	-0.367086	1.22368	0.335925	1.16193	
-1.00588	-0.823444	-0.68453	0.497467	0.826119	0.18353	-0.956685	-0.222823	-1.54678	-1.30605	0.668922	1.45237	-0.844582	0.976242	-1.36382	-0.495304	-0.366516	-0.916837	-0.554841	-1.4153	-0.695884	0.0647041	-1.04813	-0.372639	-0.235827	1.10259	0.373048	0.944971	
-0.840717	-0.682153	-0.504019	0.487147	1.02121	0.0399671	-1.25503	-0.486287	-2.12765	-1.43894	0.81591	1.45737	-0.859849	0.842306	-1.5158	-0.595735	-0.129629	-0.852621	-0.528658	-1.6502	-0.553527	0.107833	-0.984896	-0.395811	-0.05011	0.952594	0.431731	0.711807	
-0.677109	-0.590072	-0.371073	0.404035	1.17688	-0.0901929	-1.43248	-0.716949	-2.48153	-1.53188	0.924517	1.38318	-0.827786	0.658746	-1.69375	-0.698319	0.0402105	-0.783585	-0.494011	-1.78289	-0.404145	0.157197	-0.878591	-0.376772	0.155554	0.793379	0.480097	0.508139	
-0.538889	-0.560506	-0.310084	0.251018	1.25378	-0.176811	-1.43897	-0.870943	-2.49576	-1.5725	0.966113	1.23831	-0.748931	0.494862	-1.84615	-0.784676	0.105102	-0.703125	-0.455746	-1.76746	-0.272672	0.196497	-0.746461	-0.304209	0.335416	0.662318	0.476221	0.367897	
-0.437826	-0.582277	-0.32046	0.0629434	1.24799	-0.199118	-1.29279	-0.931956	-2.20174	-1.5705	0.93371	1.05541	-0.636927	0.40583	-1.92703	-0.842529	0.0626263	-0.603414	-0.418463	-1.62363	-0.174935	0.220313	-0.59998	-0.182267	0.450558	0.584635	0.40494	0.291652	
-0.368747	-0.619406	-0.376521	-0.0993492	1.17371	-0.147621	-1.07934	-0.90269	-1.76104	-1.54817	0.847892	0.888152	-0.519053	0.419423	-1.92794	-0.871324	-0.0541139	-0.470088	-0.38455	-1.4275	-0.113285	0.237387	-0.446866	-0.0227913	0.478499	0.58087	0.269591	0.270715	
-0.312988	-0.627553	-0.436839	-0.184156	1.07508	-0.0377408	-0.905754	-0.817273	-1.39098	-1.53483	0.754147	0.775971	-0.424334	0.50456	-1.87171	-0.882499	-0.185963	-0.295025	-0.358589	-1.28121	-0.0722314	0.262116	-0.289623	0.147565	0.429219	0.642202	0.106711	0.273092	
-0.251754	-0.579792	-0.460196	-0.16803	1.00022	0.0999802	-0.865868	-0.717351	-1.28764	-1.55361	0.696393	0.738638	-0.377969	0.609314	-1.79921	-0.894715	-0.276133	-0.083148	-0.335941	-1.27359	-0.0324493	0.308866	-0.127533	0.29889	0.334546	0.741696	-0.037254	0.275519	
-0.171832	-0.469628	-0.428738	-0.0685327	0.98153	0.222846	-0.983909	-0.639731	-1.51511	-1.60441	0.702352	0.757984	-0.400645	0.669822	-1.74491	-0.920128	-0.291969	0.149565	-0.306692	-1.43176	0.0240614	0.376758	0.0379909	0.406296	0.232429	0.831789	-0.118246	0.258095	
-0.0787077	-0.322067	-0.355412	0.0623594	1.01858	0.293595	-1.2019	-0.599211	-1.9737	-1.66182	0.760721	0.794577	-0.507024	0.647957	-1.71362	-0.955074	-0.237997	0.368634	-0.25323	-1.69807	0.0971963	0.451653	0.200686	0.454177	0.142921	0.867058	-0.118544	0.21487	
0.0106265	-0.174502	-0.276873	0.166344	1.06959	0.300843	-1.418	-0.575921	-2.46141	-1.67873	0.820371	0.805508	-0.695656	0.556086	-1.68621	-0.971438	-0.152683	0.53979	-0.15719	-1.9665	0.170472	0.509376	0.348674	0.450264	0.0629227	0.830992	-0.0566205	0.164547	
0.0712743	-0.0750089	-0.241778	0.193711	1.08283	0.258989	-1.5179	-0.537081	-2.745	-1.61007	0.811438	0.754861	-0.948185	0.446729	-1.62611	-0.927637	-0.0910491	0.633108	-0.0116089	-2.11604	0.216243	0.523324	0.46821	0.414112	-0.0294572	0.727361	0.0314435	0.131045	
0.0802791	-0.0474017	-0.290914	0.135749	1.00015	0.206307	-1.43991	-0.436827	-2.67619	-1.42514	0.672566	0.650409	-1.23045	0.41119	-1.50422	-0.774599	-0.104858	0.636466	0.173327	-2.06472	0.203975	0.47788	0.544223	0.378339	-0.169221	0.601003	0.0946902	0.144337	
0.0304323	-0.0890239	-0.438578	0.0178672	0.787342	0.191383	-1.18068	-0.245022	-2.21962	-1.11984	0.372012	0.515398	-1.49696	0.516095	-1.31843	-0.483708	-0.218144	0.561057	0.364983	-1.7825	0.118509	0.372646	0.562523	0.372615	-0.376966	0.507408	0.0925345	0.230509	
-0.0712309	-0.176537	-0.658569	-0.111546	0.458945	0.247343	-0.815637	0.0307627	-1.50241	-0.736801	-0.0546659	0.398248	-1.6936	0.78798	-1.09706	-0.0685186	-0.416585	0.432225	0.517981	-1.32791	-0.0349436	0.230851	0.519448	0.408447	-0.63919	0.49228	0.0156414	0.390588	
-0.197533	-0.267907	-0.89755	-0.194894	0.0617798	0.387442	-0.464638	0.355326	-0.748514	-0.34051	-0.528949	0.34311	-1.78026	1.18299	-0.897868	0.420738	-0.650475	0.289239	0.584477	-0.817239	-0.226278	0.0913318	0.41904	0.483947	-0.912149	0.577936	-0.122065	0.617009	
-0.318835	-0.331517	-1.09198	-0.202564	-0.326112	0.584728	-0.225437	0.663552	-0.164758	-0.00535214	-0.939375	0.361022	-1.73945	1.60612	-0.772451	0.895299	-0.855122	0.164364	0.535504	-0.366719	-0.415475	-0.00751246	0.275977	0.572132	-1.13496	0.738183	-0.278265	0.871129	
-0.406206	-0.338588	-1.18589	-0.130829	-0.63365	0.793596	-0.153972	0.895224	0.110658	0.212962	-1.19734	0.440141	-1.58697	1.93004	-0.743711	1.26487	-0.972039	0.0792115	0.371313	-0.0683772	-0.562361	-0.0368118	0.111018	0.641701	-1.24974	0.923907	-0.411847	1.11428	
-0.443384	-0.28876	-1.159	-0.0124057	-0.80817	0.957852	-0.22221	1.00368	0.0890132	0.288913	-1.26159	0.531391	-1.37159	2.05001	-0.785337	1.45351	-0.971306	0.0366521	0.123319	0.0529278	-0.641729	0.00656945	-0.0545703	0.660368	-1.22907	1.06399	-0.487522	1.30525	
-0.435885	-0.204705	-1.02724	0.103022	-0.831768	1.02609	-0.34919	0.974339	-0.112683	0.240057	-1.13883	0.58695	-1.15798	1.91982	-0.828886	1.43347	-0.861291	0.0207699	-0.153958	0.0290284	-0.652004	0.100372	-0.199196	0.605665	-1.08624	1.10252	-0.487939	1.40531	
-0.40111	-0.125747	-0.839959	0.164843	-0.724177	0.975204	-0.428499	0.831371	-0.315328	0.117711	-0.900787	0.560669	-1.00824	1.55897	-0.793305	1.23916	-0.684135	0.0106911	-0.399696	-0.0616124	-0.611441	0.201972	-0.308397	0.478709	-0.878042	1.01172	-0.4139	1.40326	
-0.370372	-0.103239	-0.659323	0.13489	-0.510034	0.804467	-0.381269	0.609458	-0.37982	-0.0241716	-0.632648	0.437316	-0.952847	1.05548	-0.617294	0.943367	-0.499985	-0.0172798	-0.565122	-0.148495	-0.549797	0.265964	-0.370076	0.29339	-0.675045	0.795406	-0.263905	1.29431	
-0.367642	-0.169853	-0.537409	0.00848603	-0.225386	0.543163	-0.196225	0.351666	-0.268523	-0.136796	-0.409439	0.238005	-0.981102	0.533436	-0.294781	0.645916	-0.364139	-0.0720555	-0.631893	-0.19078	-0.491836	0.257155	-0.380459	0.0801591	-0.539404	0.495616	-0.0464979	1.09641	
-0.40681	-0.338593	-0.501635	-0.198137	0.104314	0.228418	0.090505	0.0850248	-0.0225624	-0.195006	-0.267609	-0.00192126	-1.03917	0.114137	0.128709	0.423869	-0.313084	-0.148708	-0.611032	-0.173426	-0.451547	0.159172	-0.343227	-0.130195	-0.50193	0.163416	0.236618	0.826865	
-0.484192	-0.593506	-0.541281	-0.449357	0.463453	-0.0981413	0.387276	-0.18056	0.224347	-0.207414	-0.199901	-0.232311	-1.04949	-0.133032	0.558307	0.319154	-0.347737	-0.230584	-0.536941	-0.126341	-0.423889	-0.0115104	-0.264905	-0.31143	-0.543034	-0.15096	0.5764	0.514563	
-0.574879	-0.882135	-0.618686	-0.696361	0.829325	-0.396674	0.596673	-0.44575	0.333812	-0.200982	-0.171498	-0.410626	-0.939959	-0.19143	0.892187	0.318781	-0.43893	-0.295434	-0.453212	-0.0946536	-0.391927	-0.216318	-0.159357	-0.444302	-0.610733	-0.408211	0.947056	0.18985	
-0.652038	-1.14018	-0.684729	-0.899245	1.17256	-0.642756	0.659224	-0.714318	0.232965	-0.205844	-0.128577	-0.514927	-0.673762	-0.0995805	1.06199	0.371345	-0.542383	-0.331701	-0.391639	-0.108496	-0.340175	-0.407523	-0.0404166	-0.527108	-0.639384	-0.59642	1.30637	-0.124451	
-0.688093	-1.29183	-0.699976	-1.02839	1.4436	-0.819084	0.577907	-0.972548	-0.0440333	-0.241104	-0.0480269	-0.544509	-0.271754	0.0675229	1.06363	0.410906	-0.615098	-0.336436	-0.364649	-0.166337	-0.264928	-0.545413	0.0733165	-0.561232	-0.582677	-0.717124	1.59429	-0.40024	
-0.669833	-1.28338	-0.65269	-1.07051	1.58721	-0.916336	0.41509	-1.19012	-0.369173	-0.304861	0.0565263	-0.512496	0.187842	0.238498	0.956694	0.384199	-0.63453	-0.321444	-0.36132	-0.238276	-0.179672	-0.608638	0.163277	-0.55324	-0.433487	-0.776456	1.75115	-0.614249	
-0.599015	-1.09061	-0.555741	-1.02458	1.55597	-0.929067	0.247972	-1.32472	-0.600338	-0.374604	0.157805	-0.432266	0.59764	0.36387	0.830229	0.279415	-0.59813	-0.304314	-0.359793	-0.291216	-0.107726	-0.599065	0.21659	-0.510949	-0.223487	-0.777037	1.73269	-0.743834	
-0.491041	-0.729047	-0.44253	-0.900946	1.33243	-0.861733	0.142209	-1.33889	-0.635334	-0.417907	0.211132	-0.313539	0.857865	0.433806	0.770739	0.127167	-0.524406	-0.298426	-0.339297	-0.299101	-0.0740978	-0.540449	0.224456	-0.438775	-0.0150263	-0.715095	1.53605	-0.779699	
-0.377784	-0.278812	-0.354956	-0.736262	0.959702	-0.736942	0.128857	-1.2263	-0.45749	-0.411087	0.192374	-0.17161	0.909536	0.457412	0.819188	-0.0166269	-0.444793	-0.311498	-0.283954	-0.256573	-0.0938524	-0.466144	0.192897	-0.346482	0.131213	-0.60659	1.21478	-0.730049	
-0.284421	0.169471	-0.321752	-0.565743	0.5171	-0.582652	0.184887	-1.01058	-0.149506	-0.345713	0.106989	-0.013063	0.756797	0.463299	0.953417	-0.0965147	-0.384577	-0.33768	-0.20026	-0.1864	-0.161576	-0.406836	0.130748	-0.241947	0.176848	-0.460951	0.850748	-0.613817	
-0.231467	0.507751	-0.349933	-0.434857	0.121724	-0.443558	0.252828	-0.756672	0.141978	-0.237989	0.00314357	0.14525	0.469337	0.478378	1.1	-0.0795052	-0.356487	-0.364989	-0.110539	-0.126889	-0.252466	-0.382579	0.0525916	-0.145568	0.124284	-0.309415	0.546619	-0.475547	
-0.222901	0.661831	-0.421974	-0.37895	-0.119879	-0.358844	0.267797	-0.542675	0.270801	-0.117634	-0.0618718	0.283085	0.15233	0.509779	1.16907	0.0245581	-0.351956	-0.378782	-0.0463626	-0.115476	-0.330922	-0.393865	-0.0274967	-0.0756135	0.0132906	-0.187637	0.381305	-0.355776	
-0.246957	0.60181	-0.506828	-0.417008	-0.141785	-0.356446	0.189123	-0.435339	0.154104	-0.0171044	-0.0505879	0.373522	-0.0846934	0.549672	1.09669	0.172203	-0.350407	-0.371278	-0.0339826	-0.164577	-0.364454	-0.428195	-0.100586	-0.049727	-0.0986231	-0.128544	0.387208	-0.291081	
-0.28835	0.354578	-0.570804	-0.54673	0.0566172	-0.441838	0.032653	-0.468819	-0.169202	0.0398718	0.0525866	0.394648	-0.172833	0.574214	0.882759	0.298228	-0.329927	-0.349242	-0.083015	-0.252736	-0.340588	-0.467386	-0.159158	-0.0812639	-0.158234	-0.155102	0.5388	-0.302881	
-0.323549	0.0175719	-0.590497	-0.728883	0.398573	-0.587623	-0.153253	-0.623096	-0.579792	0.0462104	0.207946	0.349731	-0.0985071	0.567243	0.590969	0.354703	-0.273661	-0.323875	-0.192823	-0.344597	-0.269052	-0.49406	-0.207123	-0.163375	-0.141286	-0.247683	0.757199	-0.381793	
-0.342746	-0.306783	-0.566114	-0.91943	0.776973	-0.756761	-0.292157	-0.844875	-0.90801	0.0114941	0.357287	0.256268	0.0946704	0.522416	0.325452	0.321613	-0.187574	-0.312783	-0.344907	-0.398076	-0.181977	-0.502842	-0.248148	-0.283062	-0.055471	-0.375001	0.955968	-0.504377	
-0.340305	-0.504724	-0.511845	-1.06181	1.06525	-0.89775	-0.325689	-1.05205	-1.0159	-0.0375692	0.436284	0.156911	0.324283	0.453529	0.187432	0.223641	-0.0914369	-0.326107	-0.514491	-0.385218	-0.115854	-0.496924	-0.286787	-0.410875	0.0619585	-0.479151	1.05454	-0.621616	
-0.320696	-0.509215	-0.449013	-1.11413	1.17962	-0.974173	-0.240131	-1.17795	-0.861265	-0.081479	0.4124	0.10076	0.510569	0.388603	0.227434	0.114517	-0.0124074	-0.360099	-0.679024	-0.3125	-0.0969681	-0.48821	-0.324216	-0.520625	0.167596	-0.509489	1.0207	-0.696052	
-0.29851	-0.320563	-0.398395	-1.06723	1.09716	-0.975399	-0.0556143	-1.19206	-0.482025	-0.101451	0.293802	0.119661	0.597807	0.354025	0.434487	0.0524514	0.0225774	-0.402669	-0.816497	-0.198199	-0.133974	-0.490049	-0.355249	-0.59179	0.228217	-0.448924	0.872872	-0.703927	
-0.281029	0.00627252	-0.367549	-0.93624	0.859545	-0.913381	0.156779	-1.10436	-0.0195419	-0.0943981	0.124744	0.221801	0.58136	0.369571	0.726981	0.0758814	0.0045459	-0.431783	-0.914928	-0.0821821	-0.207116	-0.509511	-0.376289	-0.616828	0.237488	-0.307118	0.666341	-0.640432	
-0.275931	0.368851	-0.351482	-0.76358	0.563178	-0.828415	0.321762	-0.972637	0.366112	-0.0720028	-0.0151279	0.388848	0.490111	0.43622	0.992152	0.180158	-0.0562035	-0.434267	-0.970069	0.00261964	-0.282983	-0.545919	-0.383497	-0.612412	0.215997	-0.131899	0.47532	-0.533111	
-0.273839	0.670498	-0.332095	-0.591838	0.305116	-0.75895	0.376464	-0.863193	0.540372	-0.0433193	-0.0651596	0.576139	0.376129	0.532961	1.13204	0.326051	-0.127654	-0.401588	-0.984565	0.0380806	-0.321181	-0.589246	-0.37931	-0.598602	0.198052	0.0175119	0.35416	-0.415956	
-0.263085	0.82748	-0.294768	-0.46229	0.164043	-0.739744	0.307636	-0.83098	0.463551	-0.0165008	0.00305899	0.725534	0.284322	0.624457	1.10032	0.45111	-0.173064	-0.342934	-0.961077	0.0332205	-0.297425	-0.625759	-0.370912	-0.602532	0.213045	0.0802141	0.325854	-0.330151	
-0.231598	0.810958	-0.233712	-0.392761	0.158425	-0.780186	0.157207	-0.890952	0.206688	0.0139357	0.168407	0.784371	0.231282	0.67197	0.924379	0.503698	-0.163086	-0.278481	-0.899195	0.0269431	-0.212558	-0.643369	-0.365181	-0.637274	0.268101	0.0214553	0.371429	-0.299972	
