-0.358305	0.896215	-0.744515	-0.654814	-0.517165	-0.416516	-0.301416	0.361516	-0.248929	0.353669	0.0779913	0.430541	1.37164	1.07677	0.319011	0.638254	-1.31795	-0.800217	0.597691	0.0697497	-1.28366	-1.07839	-0.186211	-0.0778333	-0.706163	-0.498761	0.401007	-0.0795137	
-0.370874	0.994617	-0.651004	-0.618718	-0.39901	-0.145308	0.216631	0.385954	0.509239	0.528387	-0.195187	-0.0754946	0.542617	0.358049	0.164222	0.416842	-1.0843	-0.64845	0.50782	0.757517	-1.09062	-0.828494	-0.158586	-0.0289373	-0.809029	-0.342275	0.306292	-0.106202	
-0.446906	0.502515	-0.578725	-0.66865	-0.167344	0.0576031	0.816099	0.424237	1.31275	0.628025	-0.369412	-0.574588	-0.152156	-0.440716	0.143744	0.137219	-0.88518	-0.462618	0.416094	1.35568	-0.875597	-0.634296	-0.108762	0.0336362	-0.601761	-0.281556	0.356338	-0.124398	
-0.557895	-0.489512	-0.515355	-0.807443	0.135232	0.110555	1.38094	0.45711	2.0148	0.623845	-0.340135	-0.975325	-0.49284	-1.15584	0.287298	-0.142943	-0.769019	-0.306351	0.335869	1.75391	-0.687643	-0.551929	-0.047186	0.0825899	-0.148216	-0.38059	0.548686	-0.176054	
-0.653763	-1.67757	-0.449574	-0.997946	0.436922	0.0197712	1.82199	0.474939	2.53146	0.521627	-0.102976	-1.23323	-0.435758	-1.65979	0.563387	-0.375888	-0.731625	-0.215483	0.287826	1.92321	-0.550647	-0.600889	0.00775153	0.0910154	0.383083	-0.619839	0.815914	-0.274103	
-0.690973	-2.67375	-0.361487	-1.16234	0.654546	-0.153921	2.07192	0.467696	2.81317	0.336908	0.257637	-1.3587	-0.0972059	-1.83169	0.868007	-0.562101	-0.734396	-0.19221	0.271527	1.89999	-0.461777	-0.713269	0.0412099	0.0667026	0.784599	-0.888505	1.04383	-0.400184	
-0.639013	-3.1342	-0.239764	-1.22282	0.734239	-0.306727	2.07056	0.428618	2.79281	0.091243	0.621775	-1.35792	0.338923	-1.6701	1.08083	-0.727143	-0.701958	-0.197361	0.2778	1.69481	-0.38927	-0.806531	0.0418741	0.0163345	0.900423	-1.04483	1.13616	-0.509433	
-0.483347	-2.88274	-0.0654999	-1.13505	0.667375	-0.360872	1.78792	0.354567	2.42317	-0.1778	0.857568	-1.2392	0.678078	-1.21451	1.09766	-0.88292	-0.570703	-0.174824	0.282976	1.33492	-0.284209	-0.790804	0.0126867	-0.0360831	0.714469	-1.00976	1.03002	-0.55817	
-0.245954	-2.0016	0.16209	-0.913876	0.501633	-0.29967	1.25744	0.2415	1.71815	-0.438846	0.893901	-1.00348	0.814961	-0.601888	0.881692	-1.04045	-0.323026	-0.0875734	0.252881	0.846959	-0.114848	-0.626903	-0.0391607	-0.0762163	0.343587	-0.794566	0.757436	-0.526289	
0.0282411	-0.794404	0.422726	-0.629678	0.315127	-0.159558	0.551415	0.0963593	0.741998	-0.638696	0.741758	-0.65713	0.759722	0.0121898	0.485564	-1.14143	0.012518	0.0689754	0.167219	0.262358	0.121529	-0.351103	-0.106211	-0.108888	0.00627039	-0.477273	0.402806	-0.417536	
0.285817	0.34724	0.686523	-0.351835	0.183667	-0.0231109	-0.212573	-0.0708377	-0.367936	-0.736363	0.477208	-0.241179	0.594546	0.489542	0.0164402	-1.12439	0.36085	0.258296	0.0106181	-0.358608	0.391647	-0.0196425	-0.177231	-0.134411	-0.0984931	-0.173994	0.0749687	-0.268689	
0.471165	1.08414	0.892308	-0.171333	0.150008	0.0272244	-0.857965	-0.241862	-1.35278	-0.698201	0.214479	0.188202	0.428242	0.73694	-0.368694	-0.928804	0.625844	0.407278	-0.201785	-0.893057	0.626618	0.246426	-0.256555	-0.183207	0.12596	-0.00211701	-0.118677	-0.131217	
0.564587	1.24779	0.996974	-0.108747	0.207289	-0.0503234	-1.24311	-0.391306	-1.97679	-0.513665	0.0422686	0.553673	0.316072	0.746248	-0.55895	-0.529418	0.735542	0.449629	-0.438828	-1.20989	0.760879	0.381411	-0.343514	-0.258952	0.633051	0.00620393	-0.149359	-0.0477255	
0.570832	0.89302	0.966725	-0.137577	0.304729	-0.228495	-1.28903	-0.494973	-2.08708	-0.219744	0.0122408	0.776197	0.25527	0.568388	-0.507749	0.00807096	0.67234	0.347177	-0.658591	-1.2371	0.750016	0.359481	-0.44087	-0.362848	1.22583	-0.0730984	-0.0419193	-0.0195506	
0.534448	0.272678	0.807368	-0.195818	0.367768	-0.433117	-1.00918	-0.536387	-1.65846	0.124367	0.115292	0.82057	0.192556	0.295161	-0.252509	0.579279	0.483083	0.116802	-0.816148	-0.954397	0.600453	0.211784	-0.545073	-0.479335	1.65635	-0.141986	0.111688	-0.0318971	
0.501487	-0.286338	0.569519	-0.195995	0.341719	-0.578898	-0.532253	-0.514028	-0.8738	0.424805	0.298091	0.718365	0.047736	0.0254459	0.0844255	1.03176	0.257073	-0.176158	-0.890366	-0.468926	0.368496	0.0323026	-0.638635	-0.572149	1.72503	-0.0815477	0.217514	-0.0531633	
0.511728	-0.526818	0.320473	-0.101942	0.204425	-0.590918	-0.0651885	-0.435387	-0.0515056	0.603377	0.501181	0.556293	-0.177819	-0.155651	0.36568	1.26587	0.0998256	-0.438916	-0.873935	0.0289607	0.138932	-0.103049	-0.707988	-0.621073	1.36484	0.162065	0.200229	-0.0444092	
0.587074	-0.340242	0.145553	0.110193	-0.0181885	-0.454615	0.174793	-0.31766	0.444079	0.609649	0.662283	0.440735	-0.450048	-0.202981	0.460002	1.23656	0.0881908	-0.58055	-0.788204	0.326783	-8.71971e-05	-0.105877	-0.730351	-0.593323	0.667337	0.554312	0.0301789	0.0077659	
0.708165	0.18869	0.0926058	0.385248	-0.264651	-0.210913	0.0840837	-0.182128	0.413064	0.452446	0.740694	0.441107	-0.693355	-0.119157	0.322556	0.982093	0.233349	-0.562967	-0.665438	0.319551	-0.00199593	0.0262695	-0.705265	-0.496539	-0.138806	0.970393	-0.243567	0.103345	
0.843442	0.827787	0.178247	0.660806	-0.466338	0.0669054	-0.330708	-0.0411845	-0.164442	0.20017	0.726266	0.583295	-0.854507	0.0576368	-0.0217497	0.635926	0.494738	-0.394732	-0.537371	0.014064	0.135179	0.263136	-0.64019	-0.343392	-0.793317	1.25631	-0.548902	0.213604	
0.945666	1.31918	0.370383	0.892506	-0.569473	0.306276	-0.956802	0.0936447	-1.13518	-0.0605629	0.626648	0.804222	-0.92844	0.308813	-0.496075	0.325413	0.794779	-0.135567	-0.437011	-0.486113	0.363952	0.553014	-0.556415	-0.160542	-1.10623	1.34695	-0.804203	0.315244	
0.989812	1.48052	0.593164	1.03387	-0.561355	0.462164	-1.55667	0.21174	-2.11355	-0.233286	0.46242	0.998122	-0.948836	0.569786	-0.968283	0.155542	1.04745	0.128719	-0.372428	-0.942602	0.605294	0.808703	-0.481801	0.00519388	-1.01999	1.20327	-0.953728	0.378213	
0.972742	1.27172	0.775851	1.10539	-0.464399	0.518989	-1.91733	0.301234	-2.7412	-0.270747	0.247917	1.09372	-1.01179	0.811458	-1.34134	0.142534	1.1963	0.321519	-0.346805	-1.16033	0.785318	0.997799	-0.429865	0.133598	-0.632994	0.895063	-0.986235	0.388654	
0.923922	0.795779	0.860562	1.13439	-0.324043	0.528074	-1.92352	0.350356	-2.80845	-0.183463	0.0175692	1.02755	-1.16719	0.995532	-1.55783	0.230629	1.24086	0.403765	-0.353287	-1.05457	0.860881	1.09791	-0.405987	0.201563	-0.136893	0.587589	-0.931142	0.368124	
0.878304	0.246085	0.837508	1.15909	-0.180841	0.532694	-1.58104	0.344494	-2.30593	-0.0354249	-0.186224	0.840318	-1.41672	1.08024	-1.61265	0.309378	1.22323	0.390489	-0.379417	-0.676831	0.837811	1.13506	-0.383674	0.218362	0.255491	0.390063	-0.833826	0.323644	
0.859242	-0.181426	0.74174	1.20111	-0.0528093	0.568494	-1.0291	0.269472	-1.46323	0.0731427	-0.326499	0.605146	-1.6848	1.04684	-1.54043	0.265921	1.20748	0.330002	-0.420248	-0.216341	0.759724	1.14303	-0.331574	0.197985	0.422992	0.374668	-0.721266	0.26818	
0.870851	-0.386402	0.633838	1.23459	0.0642573	0.646108	-0.477077	0.130242	-0.631699	0.0563887	-0.354964	0.426682	-1.81896	0.872136	-1.38305	0.0588042	1.2454	0.284346	-0.468643	0.0819976	0.685572	1.13541	-0.223288	0.154923	0.358168	0.507153	-0.59804	0.205436	
0.876245	-0.381848	0.577348	1.22853	0.18907	0.733938	-0.118312	-0.0545539	-0.146413	-0.125459	-0.259223	0.368744	-1.68334	0.575317	-1.18649	-0.295859	1.34664	0.296087	-0.525954	0.032836	0.659758	1.13087	-0.0490241	0.114567	0.156167	0.699662	-0.449724	0.133263	
0.835853	-0.276129	0.601943	1.13079	0.340897	0.79473	-0.0439818	-0.252208	-0.176718	-0.444505	-0.0436172	0.397941	-1.21146	0.169652	-0.95315	-0.695723	1.48083	0.371446	-0.586588	-0.402764	0.696189	1.09315	0.166819	0.0697981	-0.0209383	0.820032	-0.238149	0.0414622	
0.70093	-0.22272	0.704429	0.919747	0.509046	0.777183	-0.221821	-0.4201	-0.66144	-0.807864	0.252511	0.46283	-0.464039	-0.259474	-0.685606	-1.01185	1.58112	0.477942	-0.642796	-1.07734	0.771906	1.0037	0.377299	0.0252108	-0.0505233	0.754369	0.0446195	-0.0733276	
0.458505	-0.332293	0.839554	0.608442	0.664185	0.671133	-0.519185	-0.52887	-1.35807	-1.11174	0.559281	0.44383	0.388713	-0.624563	-0.389701	-1.1434	1.58598	0.560798	-0.687853	-1.73306	0.842438	0.837681	0.520384	-0.0376108	0.1262	0.520957	0.376099	-0.204056	
0.136952	-0.622595	0.949717	0.243384	0.759707	0.4855	-0.7525	-0.567935	-1.91594	-1.26049	0.802428	0.282786	1.14534	-0.878342	-0.0756314	-1.05522	1.4641	0.573678	-0.707355	-2.08856	0.869789	0.59456	0.550831	-0.132223	0.467207	0.171256	0.69543	-0.34233	
-0.194938	-1.01813	0.995831	-0.101934	0.756582	0.248179	-0.781557	-0.555716	-2.0606	-1.22177	0.927791	-0.0113291	1.6007	-0.96512	0.215692	-0.800449	1.23174	0.497005	-0.699231	-1.97111	0.840214	0.31605	0.457926	-0.25621	0.859314	-0.176654	0.932582	-0.470424	
-0.440416	-1.38613	0.96659	-0.371126	0.65069	0.00323085	-0.575759	-0.533225	-1.71179	-1.03076	0.931698	-0.362893	1.69054	-0.880902	0.440241	-0.470263	0.954205	0.348291	-0.667202	-1.40915	0.775001	0.0341755	0.265604	-0.417024	1.1906	-0.397077	1.03499	-0.581994	
-0.535678	-1.60031	0.898052	-0.519277	0.471438	-0.22376	-0.19278	-0.546136	-0.965176	-0.762768	0.847962	-0.6374	1.46298	-0.681691	0.558172	-0.178838	0.708867	0.176812	-0.623315	-0.579431	0.719362	-0.185328	0.0389409	-0.584134	1.37671	-0.42686	0.983327	-0.675972	
-0.44446	-1.58609	0.837825	-0.557216	0.289295	-0.41874	0.224499	-0.633339	-0.102074	-0.521033	0.737368	-0.717131	1.06885	-0.432996	0.576459	0.00591945	0.566749	0.038954	-0.586155	0.209896	0.72052	-0.324974	-0.153538	-0.748659	1.4054	-0.288631	0.834139	-0.77025	
-0.196824	-1.3607	0.838241	-0.515975	0.164627	-0.576811	0.51119	-0.797793	0.551913	-0.374918	0.672026	-0.54383	0.720913	-0.186228	0.526689	0.0691737	0.550467	-0.0300045	-0.579136	0.669461	0.796982	-0.37723	-0.266211	-0.889207	1.32695	-0.056065	0.659326	-0.858051	
0.136548	-1.00443	0.911655	-0.441858	0.141753	-0.696042	0.557396	-1.01742	0.754755	-0.355641	0.70769	-0.15125	0.557178	0.0393564	0.465072	0.048631	0.630899	-0.0318501	-0.629616	0.627721	0.924781	-0.361285	-0.291793	-0.996611	1.20801	0.176961	0.548937	-0.929526	
0.462962	-0.622958	1.03334	-0.371301	0.213081	-0.759094	0.342265	-1.24424	0.440048	-0.42544	0.850338	0.333638	0.64725	0.220784	0.460244	0.0237012	0.745912	-0.00160657	-0.748229	0.107138	1.04812	-0.322272	-0.270791	-1.08188	1.11857	0.329047	0.553326	-0.966767	
0.695145	-0.29943	1.14669	-0.309833	0.312366	-0.747656	-0.0607832	-1.42088	-0.262561	-0.512391	1.07347	0.781551	0.901628	0.40427	0.54009	0.0434851	0.816065	0.00415344	-0.938505	-0.673624	1.09271	-0.272002	-0.268197	-1.14113	1.04732	0.374413	0.65824	-0.93081	
0.791545	-0.0624113	1.17633	-0.261859	0.363747	-0.6472	-0.516387	-1.52133	-1.08404	-0.551953	1.31345	1.07884	1.21487	0.609717	0.700127	0.122261	0.789415	-0.0671539	-1.18772	-1.40866	1.00386	-0.244509	-0.357259	-1.20829	0.982067	0.344235	0.806997	-0.822024	
0.751628	0.100671	1.0859	-0.193248	0.290952	-0.452968	-0.880259	-1.53736	-1.72168	-0.502427	1.496	1.18203	1.45015	0.80478	0.879138	0.215249	0.657906	-0.232733	-1.4655	-1.80459	0.77525	-0.219601	-0.569504	-1.28072	0.879124	0.313113	0.895067	-0.641943	
0.625416	0.234058	0.870307	-0.096469	0.0742922	-0.194027	-1.05895	-1.4969	-1.9727	-0.384577	1.5683	1.14445	1.52537	0.954175	1.00556	0.259142	0.46489	-0.466741	-1.72924	-1.71319	0.455206	-0.180989	-0.883967	-1.3619	0.702024	0.316952	0.850956	-0.436432	
0.471462	0.355243	0.582808	0.0220879	-0.241609	0.0793753	-1.01607	-1.43864	-1.7632	-0.245758	1.49392	1.02677	1.45045	0.994924	1.01428	0.204072	0.27982	-0.707358	-1.92754	-1.14598	0.134942	-0.114888	-1.22587	-1.43905	0.493459	0.382925	0.646588	-0.266587	
0.343686	0.460997	0.300201	0.154383	-0.561015	0.301567	-0.785701	-1.3924	-1.17936	-0.154297	1.27854	0.913953	1.25786	0.887545	0.871835	0.0371369	0.171171	-0.877816	-2.01589	-0.285899	-0.0870729	0.00367369	-1.48715	-1.47204	0.28657	0.479086	0.315609	-0.181729	
0.271407	0.507223	0.0968378	0.264062	-0.76285	0.42445	-0.450369	-1.3662	-0.430277	-0.155105	0.941673	0.827384	1.04234	0.598479	0.613189	-0.180534	0.179829	-0.916277	-1.95906	0.589622	-0.139699	0.147151	-1.5729	-1.44295	0.161347	0.554015	-0.0382214	-0.214263	
0.249734	0.434069	0.0127607	0.339098	-0.769996	0.435864	-0.0934367	-1.32444	0.268665	-0.239142	0.519619	0.741283	0.797212	0.209596	0.300918	-0.366368	0.290758	-0.799409	-1.75091	1.24657	-0.0149048	0.309135	-1.42528	-1.31096	0.125352	0.567828	-0.316205	-0.320728	
0.256007	0.205533	0.0253852	0.360221	-0.554294	0.36082	0.216461	-1.22793	0.746346	-0.363273	0.0668835	0.592147	0.523798	-0.164978	0.0241803	-0.428303	0.447877	-0.554057	-1.41563	1.53902	0.232133	0.442874	-1.05741	-1.08198	0.165244	0.49982	-0.425537	-0.437902	
0.267152	-0.16914	0.086242	0.339992	-0.1713	0.263663	0.46258	-1.03136	0.964719	-0.434687	-0.371386	0.320889	0.128471	-0.415035	-0.151531	-0.311267	0.575431	-0.237444	-0.999193	1.5031	0.510072	0.527547	-0.53555	-0.762239	0.216012	0.3823	-0.354963	-0.475481	
0.272224	-0.620238	0.132024	0.296611	0.267121	0.206723	0.6426	-0.727754	0.967417	-0.388388	-0.742624	-0.0526032	-0.434401	-0.459194	-0.19947	-0.0421417	0.613237	0.0797758	-0.568189	1.27302	0.725531	0.564281	0.0353634	-0.384695	0.190216	0.249838	-0.162072	-0.376749	
0.28782	-1.04919	0.129275	0.242375	0.649761	0.240117	0.763632	-0.360711	0.84045	-0.198138	-1.00786	-0.456559	-1.14821	-0.287531	-0.136297	0.296386	0.547469	0.343445	-0.192686	1.02009	0.829969	0.554965	0.547401	-0.00799369	0.0721042	0.166873	0.0626719	-0.144432	
0.346945	-1.35962	0.0997753	0.199819	0.897765	0.359702	0.844678	-0.0165716	0.693322	0.0945843	-1.12783	-0.779913	-1.93619	0.0028032	-0.0141167	0.568135	0.41545	0.53442	0.0700837	0.891204	0.837368	0.548191	0.933858	0.326167	-0.110365	0.135026	0.221841	0.149595	
0.482722	-1.49685	0.103434	0.154976	1.00316	0.520257	0.872339	0.193425	0.549561	0.382071	-1.08101	-0.927719	-2.58061	0.235874	0.12603	0.667457	0.295466	0.662692	0.190945	0.902209	0.813712	0.55773	1.16671	0.555358	-0.244774	0.142502	0.281819	0.37644	
0.708465	-1.46332	0.234455	0.111	1.01993	0.653576	0.847989	0.185937	0.407371	0.551295	-0.887446	-0.878243	-2.92816	0.249831	0.262378	0.540617	0.274887	0.766414	0.169749	0.992717	0.853479	0.62068	1.27251	0.661374	-0.199124	0.144038	0.257633	0.415515	
1.00204	-1.30912	0.552288	0.0549483	1.03735	0.686603	0.752821	-0.0725257	0.194187	0.491015	-0.585329	-0.688254	-2.81823	-0.0416933	0.408918	0.204806	0.412683	0.873603	0.0328449	0.995367	1.02549	0.734373	1.29253	0.633017	0.123015	0.0847751	0.230975	0.195433	
1.31604	-1.10689	1.0558	-0.00648192	1.13311	0.591326	0.582066	-0.532992	-0.161301	0.17687	-0.241431	-0.498793	-2.25717	-0.605859	0.609102	-0.220837	0.711236	0.993316	-0.174862	0.752781	1.34091	0.869607	1.26461	0.483644	0.732788	-0.0423362	0.297465	-0.253374	
1.56291	-0.940107	1.65269	-0.073976	1.32199	0.374412	0.374355	-1.07615	-0.636106	-0.331267	0.0732356	-0.453211	-1.37282	-1.28683	0.911284	-0.595449	1.09468	1.0984	-0.401788	0.213525	1.72866	0.992187	1.2109	0.254472	1.50733	-0.238497	0.520009	-0.803796	
1.66108	-0.853301	2.17362	-0.166891	1.55388	0.0934793	0.18928	-1.54654	-1.12856	-0.894963	0.289918	-0.638754	-0.386385	-1.82927	1.34093	-0.769781	1.43846	1.13413	-0.60141	-0.546379	2.0596	1.02737	1.11868	-0.023878	2.23319	-0.446627	0.903324	-1.26574	
1.55127	-0.863619	2.44059	-0.291648	1.72131	-0.181433	0.107803	-1.79406	-1.44969	-1.33275	0.386459	-1.04481	0.434062	-2.02657	1.87782	-0.645134	1.60556	1.05271	-0.737657	-1.31285	2.19494	0.945117	0.975768	-0.29077	2.66366	-0.635105	1.35959	-1.45514	
1.22002	-0.967966	2.31936	-0.485448	1.71386	-0.387393	0.172121	-1.72675	-1.44541	-1.49738	0.373088	-1.54381	0.916736	-1.75804	2.45501	-0.185693	1.4984	0.827893	-0.789795	-1.85709	2.0406	0.720582	0.76829	-0.507525	2.62711	-0.77396	1.76402	-1.26636	
0.705273	-1.16133	1.78889	-0.759486	1.47065	-0.480131	0.411352	-1.33327	-1.00019	-1.30603	0.271849	-1.98106	0.957837	-1.05774	2.98122	0.571163	1.0987	0.482561	-0.752735	-1.96544	1.59449	0.379464	0.511541	-0.634432	2.09787	-0.855481	1.98878	-0.702582	
0.0911533	-1.44387	0.949823	-1.11328	1.00311	-0.464598	0.803804	-0.686869	-0.122379	-0.787407	0.119955	-2.20225	0.604408	-0.121223	3.36575	1.5183	0.475987	0.0831743	-0.631834	-1.5532	0.949007	-0.00841651	0.252298	-0.640462	1.19157	-0.918224	1.95499	0.113916	
-0.503437	-1.80929	0.00148697	-1.50484	0.41487	-0.364115	1.26375	0.0803401	1.00156	-0.0532602	-0.0434176	-2.16501	0.00513167	0.752357	3.55686	2.54411	-0.22066	-0.277773	-0.444336	-0.716937	0.269142	-0.369047	0.0426405	-0.528367	0.16512	-0.975469	1.67614	0.982883	
-0.974322	-2.24211	-0.813901	-1.83677	-0.157364	-0.209105	1.68832	0.823508	2.10757	0.737959	-0.208882	-1.93067	-0.681168	1.27057	3.55058	3.52388	-0.816682	-0.513907	-0.220087	0.334147	-0.268649	-0.592879	-0.0680172	-0.296516	-0.708195	-1.02703	1.2214	1.7174	
-1.23947	-2.68374	-1.29677	-2.01407	-0.570559	-0.0321842	1.96897	1.41333	2.89471	1.41886	-0.395083	-1.63586	-1.30108	1.28749	3.39663	4.34508	-1.15847	-0.584972	-0.0015107	1.30859	-0.533199	-0.631266	-0.0737726	0.00577041	-1.20251	-1.04514	0.733165	2.17953	
-1.27575	-3.05225	-1.35967	-1.93292	-0.753456	0.152404	2.02862	1.77692	3.14806	1.88076	-0.603687	-1.43755	-1.76113	0.812231	3.17354	4.92113	-1.17014	-0.504386	0.163559	1.96083	-0.491023	-0.462943	-0.0080557	0.327568	-1.24044	-0.966415	0.327129	2.34649	
-1.12352	-3.25549	-1.05037	-1.56302	-0.719387	0.327776	1.85528	1.89225	2.82664	2.08853	-0.833021	-1.41031	-2.01982	0.0507123	2.9569	5.18877	-0.876741	-0.344752	0.22761	2.16591	-0.214424	-0.131644	0.0623179	0.596995	-0.897354	-0.749917	0.0783352	2.28192	
-0.862839	-3.20922	-0.52655	-0.962877	-0.548729	0.478689	1.51102	1.78379	2.0823	2.08225	-1.05476	-1.5364	-2.07861	-0.689833	2.79675	5.11447	-0.387652	-0.20295	0.161295	1.96709	0.159398	0.257261	0.0617786	0.739276	-0.354678	-0.390066	0.00181885	2.09863	
-0.596144	-2.88281	0.0167728	-0.258837	-0.369699	0.57016	1.09573	1.49896	1.19616	1.94015	-1.21355	-1.67637	-1.94251	-1.11397	2.69294	4.69114	0.138162	-0.158053	-0.0423981	1.53128	0.477835	0.605263	-0.0491605	0.720006	0.162075	0.053457	0.0249415	1.90006	
-0.402792	-2.32254	0.403713	0.360518	-0.267743	0.553947	0.723017	1.08238	0.465843	1.7484	-1.22477	-1.66172	-1.61778	-1.03728	2.6109	3.96951	0.552679	-0.243332	-0.353637	1.07237	0.638948	0.797037	-0.265392	0.515637	0.495357	0.459011	0.0867778	1.70918	
-0.327456	-1.64454	0.559882	0.730424	-0.274663	0.397379	0.504787	0.57746	0.149775	1.57278	-1.04516	-1.38381	-1.15864	-0.477135	2.48603	3.0385	0.760259	-0.422294	-0.710715	0.81938	0.627564	0.79376	-0.518509	0.172162	0.593853	0.693652	0.112823	1.49683	
-0.352433	-1.00098	0.516188	0.738358	-0.335533	0.0825104	0.477555	0.0119167	0.302707	1.4143	-0.660169	-0.824188	-0.595243	0.373517	2.26161	2.00772	0.753071	-0.60473	-1.03797	0.848814	0.517068	0.603682	-0.70587	-0.245136	0.521006	0.656808	0.0949963	1.16855	
-0.400893	-0.524718	0.392736	0.397003	-0.339531	-0.348583	0.584965	-0.577987	0.744926	1.24169	-0.0919471	-0.101555	-0.0175956	1.19276	1.90344	1.00729	0.606125	-0.667288	-1.25853	1.08735	0.441154	0.305529	-0.723891	-0.636451	0.417495	0.339579	0.0676728	0.646876	
-0.390988	-0.289716	0.336028	-0.167898	-0.182081	-0.815781	0.727862	-1.15301	1.19694	1.01205	0.573079	0.579156	0.469775	1.68556	1.4138	0.14071	0.430053	-0.521718	-1.32703	1.38058	0.517378	0.0219743	-0.510361	-0.90281	0.429101	-0.172587	0.0712682	-0.0855081	
-0.2408	-0.27679	0.454157	-0.774515	0.210926	-1.21101	0.780382	-1.66831	1.32363	0.692902	1.23312	1.01578	0.751015	1.66747	0.841029	-0.529625	0.339219	-0.137513	-1.23432	1.51649	0.814693	-0.153397	-0.0711956	-0.991482	0.648201	-0.721144	0.179113	-0.968165	
0.0669422	-0.406721	0.776571	-1.23157	0.814329	-1.43975	0.65534	-2.07775	0.930961	0.284764	1.7933	1.09372	0.778018	1.11978	0.25715	-1.01516	0.389658	0.438401	-1.01527	1.35417	1.30706	-0.144477	0.526228	-0.87602	1.06498	-1.13282	0.391431	-1.85777	
0.480932	-0.572636	1.21445	-1.42181	1.52441	-1.4605	0.347225	-2.35871	0.044648	-0.172766	2.21408	0.83026	0.612038	0.210217	-0.250651	-1.3692	0.564992	1.08308	-0.733541	0.878558	1.87614	0.0284887	1.1599	-0.611571	1.56615	-1.27215	0.682075	-2.6075	
0.900523	-0.675786	1.64676	-1.33387	2.19898	-1.2887	-0.0677202	-2.50854	-1.10224	-0.608052	2.48146	0.349903	0.357042	-0.800893	-0.620831	-1.66273	0.791289	1.65552	-0.459349	0.215797	2.37915	0.298672	1.71011	-0.272823	2.04123	-1.13087	0.973168	-3.09505	
1.19479	-0.680679	1.94041	-1.06591	2.69929	-1.01586	-0.463603	-2.55805	-2.15898	-0.96762	2.62403	-0.138932	0.199018	-1.61346	-0.817882	-1.96682	0.962008	2.02623	-0.256571	-0.453387	2.68288	0.561361	2.08724	0.0427325	2.38453	-0.78949	1.1892	-3.2878	
1.27492	-0.617838	2.01861	-0.765163	2.95323	-0.752295	-0.708479	-2.5559	-2.8014	-1.21542	2.69762	-0.478592	0.279982	-2.02876	-0.844402	-2.31008	0.997101	2.13419	-0.151994	-0.949664	2.72827	0.707488	2.25686	0.247074	2.55516	-0.395723	1.30164	-3.24867	
1.10572	-0.550297	1.89096	-0.576963	2.96044	-0.607318	-0.706679	-2.54635	-2.81651	-1.3397	2.72677	-0.592152	0.650367	-1.98458	-0.746157	-2.6752	0.860544	1.99221	-0.139817	-1.13371	2.53943	0.691646	2.24729	0.309292	2.58789	-0.132984	1.29986	-3.10036	
0.752803	-0.533523	1.64271	-0.589932	2.80498	-0.633632	-0.482393	-2.55978	-2.29354	-1.36756	2.74088	-0.519967	1.27564	-1.59912	-0.581268	-3.00566	0.593821	1.68383	-0.189466	-1.04085	2.21778	0.506591	2.12232	0.226254	2.5631	-0.0978866	1.25937	-2.98135	
0.349631	-0.587835	1.40912	-0.802879	2.61098	-0.815394	-0.141078	-2.59232	-1.52625	-1.33873	2.7328	-0.385527	1.97241	-1.10048	-0.412133	-3.2482	0.282423	1.33324	-0.256158	-0.814615	1.90083	0.223731	1.96609	0.0573321	2.58417	-0.319901	1.27393	-2.97748	
0.0429354	-0.674788	1.29082	-1.12871	2.47535	-1.09157	0.168173	-2.61998	-0.885637	-1.28368	2.69337	-0.318946	2.5634	-0.722833	-0.277773	-3.36645	0.0229839	1.03909	-0.307414	-0.628578	1.68662	-0.0723049	1.83123	-0.138349	2.6839	-0.721101	1.42263	-3.10905	
-0.0417002	-0.716238	1.34072	-1.45112	2.45058	-1.36471	0.311548	-2.60497	-0.689945	-1.20273	2.61482	-0.414493	2.87446	-0.671988	-0.189066	-3.35955	-0.106545	0.862041	-0.32574	-0.622452	1.62102	-0.307266	1.73885	-0.30603	2.87209	-1.17085	1.739	-3.3194	
0.129396	-0.63704	1.53093	-1.67724	2.52082	-1.57571	0.235841	-2.5209	-1.04436	-1.08941	2.50703	-0.640367	2.85124	-1.01314	-0.127161	-3.28098	-0.0934115	0.796613	-0.321058	-0.836898	1.67264	-0.434337	1.67833	-0.41452	3.08988	-1.56889	2.19553	-3.51714	
0.501371	-0.419513	1.75328	-1.7629	2.6094	-1.69659	0.00347339	-2.36959	-1.77537	-0.920194	2.42117	-0.940976	2.61609	-1.70622	-0.0415965	-3.19779	0.0235075	0.782184	-0.313457	-1.17118	1.74815	-0.484795	1.60529	-0.49179	3.24101	-1.82036	2.70895	-3.62633	
0.94402	-0.0937364	1.9042	-1.7303	2.63151	-1.76318	-0.233918	-2.17804	-2.50376	-0.683308	2.38734	-1.19706	2.32285	-2.57482	0.101664	-3.17279	0.169441	0.745256	-0.327266	-1.43373	1.75765	-0.49906	1.48932	-0.569846	3.28036	-1.94981	3.15159	-3.62336	
1.31151	0.252388	1.90624	-1.64226	2.52124	-1.84092	-0.326206	-1.99416	-2.84319	-0.400809	2.451	-1.32804	2.22505	-3.43205	0.317652	-3.23375	0.279333	0.624808	-0.378845	-1.46006	1.64292	-0.543876	1.3081	-0.703914	3.1896	-2.02076	3.41472	-3.54365	
1.50095	0.501634	1.7555	-1.56887	2.27178	-1.98268	-0.16762	-1.85519	-2.53852	-0.126519	2.61903	-1.33893	2.43684	-4.08338	0.583314	-3.37084	0.325139	0.411526	-0.459781	-1.17798	1.41555	-0.654307	1.07282	-0.919823	3.0145	-2.10778	3.44302	-3.45564	
1.48935	0.580081	1.52295	-1.52998	1.91998	-2.21791	0.216434	-1.77569	-1.60626	0.064712	2.87905	-1.28145	3.01381	-4.43406	0.822103	-3.54446	0.331102	0.142628	-0.551079	-0.658284	1.14605	-0.811946	0.812194	-1.20457	2.81847	-2.27607	3.21689	-3.43335	
1.34706	0.468524	1.3163	-1.51002	1.53966	-2.50827	0.686352	-1.73233	-0.345679	0.118041	3.1852	-1.26269	3.83615	-4.4934	0.952625	-3.68435	0.364524	-0.111111	-0.615398	-0.0902039	0.933984	-0.981666	0.561156	-1.51736	2.67988	-2.50348	2.7909	-3.50612	
1.20095	0.237096	1.25959	-1.44699	1.22144	-2.78896	1.0282	-1.67282	0.754402	0.00125436	3.47604	-1.32703	4.63704	-4.34484	0.890365	-3.75325	0.495689	-0.272366	-0.618905	0.258031	0.872995	-1.0811	0.366582	-1.77271	2.65622	-2.75825	2.27322	-3.6467	
1.18053	-0.0147965	1.3978	-1.28347	1.01084	-2.98143	1.05216	-1.54035	1.25518	-0.260949	3.71606	-1.48395	5.21553	-4.15134	0.609399	-3.73393	0.765099	-0.302508	-0.536292	0.199868	0.988914	-1.07629	0.242038	-1.91288	2.73013	-2.94761	1.76653	-3.78915	
1.36152	-0.173129	1.72102	-0.999375	0.918637	-3.03928	0.695998	-1.30036	0.957161	-0.590789	3.86802	-1.65301	5.36221	-4.04597	0.142063	-3.64672	1.1574	-0.205752	-0.362227	-0.282644	1.24631	-0.954681	0.195073	-1.89259	2.86322	-3.01615	1.35428	-3.86297	
1.72972	-0.172369	2.14093	-0.634491	0.918455	-2.96991	0.0344229	-0.960972	-0.0426275	-0.898197	3.92846	-1.72422	5.06623	-4.14683	-0.426153	-3.5366	1.59286	-0.0341471	-0.112806	-1.05011	1.5506	-0.755669	0.215547	-1.71683	2.99889	-2.96441	1.08209	-3.8248	
2.19387	-0.0319006	2.52983	-0.281123	0.964372	-2.81563	-0.715367	-0.568187	-1.35346	-1.09241	3.91271	-1.63457	4.4093	-4.4613	-0.962929	-3.43448	1.96483	0.139567	0.184265	-1.82038	1.791	-0.560069	0.282169	-1.43769	3.07837	-2.82031	0.957136	-3.6764	
2.61801	0.187248	2.78477	-0.0198814	1.00621	-2.6482	-1.29393	-0.197174	-2.45613	-1.12303	3.83897	-1.38736	3.57325	-4.91066	-1.37031	-3.35926	2.17139	0.251195	0.484594	-2.29274	1.88298	-0.416322	0.376626	-1.11447	3.07752	-2.65173	0.924177	-3.46683	
2.87835	0.380619	2.83188	0.0715176	1.01429	-2.52234	-1.49928	0.0806738	-2.91876	-0.990636	3.72654	-1.07012	2.76706	-5.34206	-1.58177	-3.27833	2.15855	0.267518	0.750431	-2.25785	1.7941	-0.377291	0.470594	-0.828378	2.99078	-2.52733	0.921587	-3.26014	
2.91301	0.483457	2.6873	-0.00444611	0.982937	-2.45026	-1.27826	0.228231	-2.58484	-0.74406	3.5776	-0.811941	2.09829	-5.57077	-1.6127	-3.14699	1.93899	0.202382	0.948108	-1.70502	1.55934	-0.414114	0.550385	-0.610746	2.84239	-2.49131	0.88192	-3.08804	
2.74095	0.469524	2.40574	-0.187456	0.918064	-2.39228	-0.770966	0.253484	-1.64562	-0.478907	3.40739	-0.741231	1.65709	-5.45394	-1.54556	-2.908	1.5854	0.102123	1.05142	-0.844778	1.255	-0.474123	0.593054	-0.472091	2.65549	-2.51133	0.744965	-2.93963	
2.45128	0.377679	2.07864	-0.357425	0.819398	-2.26681	-0.223486	0.210348	-0.52259	-0.268881	3.21027	-0.888974	1.36983	-4.92737	-1.48457	-2.52481	1.20953	0.0270105	1.05474	0.0185093	0.967476	-0.481797	0.58372	-0.381328	2.43207	-2.50813	0.479462	-2.75218	
2.1414	0.285435	1.78451	-0.390301	0.686074	-1.99282	0.0831291	0.177151	0.266331	-0.177047	2.97486	-1.17829	1.12061	-4.01498	-1.53125	-2.00729	0.901545	0.0177413	0.964906	0.54013	0.752575	-0.364887	0.523773	-0.279074	2.17525	-2.39384	0.0984171	-2.43077	
1.8958	0.264712	1.55092	-0.218691	0.500026	-1.52657	-0.0341449	0.225422	0.359175	-0.20243	2.71426	-1.438	0.809059	-2.87092	-1.71296	-1.38841	0.717353	0.0808856	0.807179	0.529379	0.616692	-0.126819	0.413546	-0.132598	1.85469	-2.09071	-0.357575	-1.91247	
1.72769	0.349828	1.3728	0.166506	0.234327	-0.891596	-0.546076	0.385071	-0.240512	-0.29564	2.41316	-1.49836	0.358231	-1.69813	-1.99411	-0.755297	0.64042	0.181266	0.613114	0.0524558	0.514851	0.206319	0.271682	0.087359	1.45644	-1.57322	-0.844484	-1.19392	
1.58789	0.507397	1.18546	0.682461	-0.117411	-0.176983	-1.2512	0.638455	-1.22939	-0.390436	2.06448	-1.24715	-0.211441	-0.709789	-2.26478	-0.183754	0.6055	0.258389	0.421963	-0.65009	0.376368	0.536236	0.118375	0.352144	0.972866	-0.890374	-1.28423	-0.356418	
1.39711	0.675368	0.940656	1.21059	-0.54466	0.49893	-1.8525	0.938884	-2.12197	-0.407116	1.6528	-0.681283	-0.865044	-0.0598855	-2.4026	0.263447	0.529904	0.258205	0.273952	-1.2258	0.14373	0.774606	-0.0197334	0.626046	0.432458	-0.136469	-1.62711	0.476918	
1.07903	0.785433	0.59967	1.62623	-1.01025	1.01607	-2.08288	1.21833	-2.45243	-0.304362	1.18738	0.0495577	-1.47753	0.197795	-2.32319	0.563996	0.343867	0.147239	0.191217	-1.37315	-0.205093	0.857845	-0.131951	0.857594	-0.116082	0.581762	-1.84958	1.15815	
0.615614	0.79487	0.157108	1.83449	-1.46799	1.29951	-1.80647	1.42735	-1.96286	-0.0642266	0.678599	0.755543	-1.95335	0.128798	-2.00019	0.741876	0.0250904	-0.068318	0.189126	-0.936773	-0.648834	0.750106	-0.226785	0.99386	-0.626394	1.16166	-1.95522	1.58204	
0.0464621	0.711134	-0.335515	1.80661	-1.85284	1.33796	-1.09721	1.55201	-0.755595	0.268468	0.153158	1.2345	-2.2456	-0.0939884	-1.50294	0.831596	-0.403188	-0.343982	0.26198	-0.0187595	-1.12017	0.500627	-0.313379	1.03411	-1.03327	1.52968	-1.96778	1.73166	
-0.522479	0.594777	-0.81665	1.57688	-2.11967	1.18504	-0.228803	1.61596	0.730348	0.630239	-0.315542	1.38474	-2.3171	-0.288455	-0.950001	0.90298	-0.866036	-0.613116	0.393794	1.0578	-1.5368	0.167704	-0.412493	0.987233	-1.30806	1.67774	-1.92246	1.6603	
-0.978323	0.520733	-1.20673	1.23126	-2.25035	0.930252	0.483165	1.66406	1.97247	0.954897	-0.658231	1.23848	-2.21429	-0.308535	-0.481602	0.985497	-1.2833	-0.811252	0.565053	1.93516	-1.82983	-0.157134	-0.529393	0.907695	-1.43771	1.63371	-1.86316	1.47879	
-1.23923	0.536618	-1.4626	0.864421	-2.24754	0.666935	0.780037	1.73864	2.52187	1.1804	-0.82574	0.925787	-1.98856	-0.100091	-0.191822	1.08758	-1.59009	-0.903457	0.757559	2.30162	-1.96888	-0.410955	-0.652143	0.845151	-1.43503	1.44039	-1.80008	1.29724	
-1.27935	0.651065	-1.56556	0.541336	-2.1411	0.466283	0.567206	1.86574	2.20184	1.28368	-0.79594	0.639879	-1.71161	0.280652	-0.1042	1.19383	-1.75741	-0.884603	0.964631	2.03709	-1.96613	-0.573397	-0.749208	0.839831	-1.32277	1.15167	-1.73769	1.19366	
-1.1428	0.812417	-1.52025	0.313877	-1.9619	0.352728	-0.0197396	2.02874	1.2127	1.27207	-0.597962	0.48086	-1.44516	0.658231	-0.170797	1.26052	-1.79513	-0.778402	1.18397	1.28151	-1.85805	-0.631483	-0.774811	0.919641	-1.13038	0.812709	-1.66428	1.16022	
-0.915442	0.92688	-1.37596	0.185924	-1.74919	0.322942	-0.695545	2.1879	0.0163336	1.18131	-0.309855	0.483049	-1.23372	0.844674	-0.285317	1.24767	-1.7395	-0.625536	1.4229	0.345356	-1.70226	-0.625774	-0.69491	1.064	-0.899201	0.462868	-1.56334	1.13958	
-0.695316	0.910324	-1.16895	0.134235	-1.51704	0.347605	-1.13227	2.30046	-0.853884	1.06193	-0.0283645	0.554712	-1.15288	0.691238	-0.345403	1.12335	-1.64134	-0.459067	1.68918	-0.391581	-1.53762	-0.571971	-0.483127	1.25918	-0.653897	0.105585	-1.42536	1.05351	
-0.547664	0.71495	-0.945521	0.119232	-1.27744	0.401743	-1.11107	2.33377	-1.01963	0.967929	0.166354	0.533587	-1.19997	0.145639	-0.277788	0.894182	-1.53678	-0.299542	1.98004	-0.649819	-1.38575	-0.49633	-0.157071	1.46252	-0.427954	-0.244496	-1.26538	0.842429	
-0.501292	0.348244	-0.740614	0.0873467	-1.031	0.462278	-0.575477	2.28009	-0.362258	0.932897	0.233805	0.303939	-1.37525	-0.702841	-0.0679163	0.580692	-1.44951	-0.147234	2.27921	-0.324999	-1.24558	-0.414058	0.236429	1.63781	-0.249453	-0.593494	-1.10397	0.501418	
-0.535311	-0.1465	-0.565622	0.0142054	-0.763419	0.529991	0.317401	2.16218	0.872589	0.948769	0.166069	-0.191648	-1.65736	-1.67055	0.234193	0.220296	-1.37827	0.0127151	2.55371	0.434147	-1.09392	-0.310423	0.639225	1.77127	-0.123939	-0.93107	-0.958299	0.0893782	
-0.598829	-0.674377	-0.426209	-0.117706	-0.474969	0.622487	1.24599	2.02287	2.17489	0.985014	0.0317708	-0.850946	-1.99489	-2.50705	0.545028	-0.131503	-1.30369	0.195498	2.7611	1.28205	-0.909649	-0.193912	0.986935	1.85255	-0.053417	-1.23068	-0.846149	-0.279041	
-0.649174	-1.1383	-0.30278	-0.283083	-0.160007	0.749079	1.9021	1.89654	3.03601	0.997028	-0.0949109	-1.51462	-2.34311	-3.02889	0.774872	-0.426901	-1.20724	0.405863	2.85696	1.87153	-0.675073	-0.0455579	1.24707	1.90298	-0.0184105	-1.45855	-0.760856	-0.505671	
-0.66113	-1.46891	-0.193252	-0.454999	0.16516	0.914701	2.08797	1.79642	3.13551	0.93159	-0.161009	-1.97968	-2.63394	-3.13179	0.876383	-0.648631	-1.07551	0.624987	2.8108	1.95722	-0.401769	0.113002	1.40386	1.92249	0.00902848	-1.5731	-0.688642	-0.532801	
-0.636037	-1.60958	-0.0767942	-0.589687	0.489662	1.10616	1.7873	1.71793	2.43608	0.754685	-0.146955	-2.12218	-2.87344	-2.83772	0.839368	-0.784506	-0.908053	0.826239	2.61767	1.48587	-0.10762	0.276795	1.48689	1.93075	0.0652086	-1.55189	-0.601383	-0.370317	
-0.579993	-1.54023	0.0608364	-0.61849	0.782742	1.31147	1.1482	1.63743	1.18933	0.462428	-0.0818802	-1.96829	-3.02532	-2.31668	0.692337	-0.84088	-0.706171	0.981877	2.2991	0.608989	0.181199	0.449858	1.53417	1.93832	0.162147	-1.36204	-0.502321	-0.0954525	
-0.504932	-1.26167	0.215965	-0.50821	1.01552	1.5157	0.427518	1.53758	-0.17048	0.0921967	-0.027173	-1.61925	-3.13418	-1.75646	0.482624	-0.831438	-0.483366	1.0762	1.90897	-0.376418	0.437671	0.62347	1.58352	1.94583	0.289994	-1.02092	-0.399002	0.192446	
-0.415368	-0.808345	0.375477	-0.240352	1.16011	1.70811	-0.122874	1.42079	-1.20723	-0.288018	-0.0500492	-1.28544	-3.22044	-1.35962	0.252035	-0.775263	-0.263099	1.11194	1.51696	-1.14339	0.641995	0.819515	1.66299	1.97058	0.415364	-0.563437	-0.331082	0.404321	
-0.294644	-0.238702	0.506625	0.14311	1.19158	1.88853	-0.360145	1.31059	-1.65849	-0.590201	-0.187444	-1.12782	-3.31188	-1.21666	0.0399783	-0.681363	-0.064581	1.11181	1.19863	-1.47775	0.782632	1.0234	1.7638	2.00486	0.4797	-0.0630794	-0.33976	0.503784	
-0.138399	0.349282	0.58387	0.571277	1.11853	2.04301	-0.268298	1.23943	-1.49598	-0.743855	-0.434654	-1.22767	-3.43608	-1.31901	-0.13623	-0.553702	0.0888002	1.11254	1.00962	-1.32815	0.866015	1.23479	1.87311	2.05796	0.437661	0.386851	-0.431638	0.50296	
0.047555	0.819557	0.574007	0.947165	0.961036	2.16236	0.0416799	1.22896	-0.912949	-0.725965	-0.743435	-1.54532	-3.55554	-1.55893	-0.253848	-0.420815	0.183401	1.14404	0.972236	-0.826756	0.899752	1.42297	1.95925	2.11753	0.264013	0.707139	-0.586409	0.461948	
0.241205	1.05549	0.482585	1.17643	0.770065	2.22997	0.383048	1.28323	-0.253243	-0.554282	-1.03636	-1.91081	-3.67169	-1.7766	-0.3075	-0.28541	0.220001	1.22498	1.07196	-0.234616	0.905842	1.55276	2.00324	2.17386	-0.00864436	0.847318	-0.746169	0.449066	
0.401525	0.968232	0.3429	1.21232	0.599596	2.2227	0.608013	1.36348	0.198096	-0.302651	-1.24403	-2.16841	-3.70651	-1.85861	-0.288045	-0.176698	0.216065	1.3478	1.24962	0.208774	0.907429	1.60701	1.99783	2.21338	-0.315486	0.803833	-0.841619	0.497505	
0.489445	0.542031	0.208955	1.04698	0.505403	2.13113	0.664153	1.41049	0.310192	-0.0625147	-1.34446	-2.18343	-3.66224	-1.7388	-0.19322	-0.116131	0.206234	1.48592	1.43561	0.357088	0.927668	1.56068	1.94643	2.20506	-0.560176	0.614817	-0.797964	0.598338	
0.482179	-0.134166	0.158912	0.746207	0.521308	1.94912	0.586298	1.36164	0.122596	0.0752925	-1.34852	-1.94831	-3.52417	-1.44945	-0.0517247	-0.129526	0.232059	1.60408	1.5529	0.207162	0.989696	1.44612	1.8704	2.14528	-0.645203	0.345078	-0.594345	0.690848	
0.406801	-0.880254	0.255084	0.415673	0.639462	1.71183	0.463349	1.18001	-0.199577	0.055228	-1.30506	-1.57059	-3.30105	-1.09796	0.0882217	-0.229113	0.342736	1.672	1.54912	-0.118438	1.10705	1.30093	1.77792	2.02456	-0.528327	0.0767536	-0.273872	0.711546	
0.316099	-1.48164	0.527016	0.159597	0.820745	1.45743	0.39527	0.874221	-0.436425	-0.119397	-1.26455	-1.20448	-3.01505	-0.803475	0.14891	-0.409475	0.562733	1.67584	1.40993	-0.417128	1.28144	1.1825	1.67431	1.85961	-0.224958	-0.140754	0.0655662	0.602947	
0.279007	-1.75089	0.951334	0.05624	1.00298	1.2382	0.424093	0.494895	-0.456852	-0.411915	-1.2571	-1.0227	-2.67401	-0.656825	0.067857	-0.667142	0.893611	1.62222	1.15181	-0.536297	1.50121	1.1448	1.55478	1.67756	0.18531	-0.273109	0.309055	0.364485	
0.3612	-1.58757	1.46419	0.124737	1.12469	1.10122	0.500231	0.126276	-0.290371	-0.741056	-1.2714	-1.07267	-2.32483	-0.688394	-0.188852	-0.95414	1.31257	1.54076	0.8295	-0.444486	1.74884	1.20279	1.40836	1.50289	0.592368	-0.324144	0.361332	0.0436382	
0.581872	-1.03733	1.98024	0.333438	1.15579	1.05633	0.531696	-0.158779	-0.0847836	-1.04119	-1.27517	-1.31149	-1.98631	-0.86115	-0.602115	-1.23668	1.76926	1.46667	0.499103	-0.222152	2.00288	1.3602	1.24149	1.36695	0.891377	-0.32366	0.204505	-0.281453	
0.92036	-0.278015	2.40776	0.610286	1.10089	1.10681	0.401072	-0.316374	-0.077778	-1.26835	-1.21507	-1.59807	-1.69986	-1.08431	-1.08968	-1.46608	2.21429	1.42867	0.208595	-0.0712156	2.24417	1.57002	1.06303	1.26855	1.02137	-0.279112	-0.100328	-0.509296	
1.30768	0.45765	2.69593	0.87993	1.00475	1.20956	0.0401466	-0.355252	-0.459135	-1.41218	-1.05557	-1.7492	-1.50488	-1.24266	-1.54484	-1.61058	2.60172	1.43628	-0.021255	-0.193035	2.46204	1.7901	0.902616	1.20218	0.996949	-0.201473	-0.435509	-0.589147	
1.65596	0.939154	2.8298	1.09166	0.92704	1.31533	-0.508129	-0.331193	-1.24994	-1.49599	-0.818608	-1.6501	-1.43423	-1.27566	-1.84535	-1.65234	2.90491	1.46804	-0.197824	-0.677242	2.64573	1.96944	0.78951	1.13548	0.880069	-0.0778003	-0.655386	-0.515022	
1.88296	1.02491	2.83022	1.22182	0.918286	1.37725	-1.11205	-0.31647	-2.28854	-1.54479	-0.557721	-1.2836	-1.50201	-1.15647	-1.91491	-1.58959	3.10892	1.48248	-0.341513	-1.46809	2.78362	2.06756	0.742787	1.03133	0.778748	0.0996498	-0.656648	-0.330303	
1.9452	0.722406	2.75226	1.30291	1.00291	1.36622	-1.613	-0.37166	-3.32636	-1.5869	-0.364884	-0.767121	-1.68609	-0.907098	-1.74884	-1.43974	3.2162	1.43352	-0.487625	-2.39472	2.86493	2.09257	0.767734	0.872333	0.790304	0.34374	-0.406934	-0.105691	
1.85203	0.166523	2.63985	1.36368	1.15224	1.28597	-1.87505	-0.509142	-4.07427	-1.61314	-0.306986	-0.270225	-1.90926	-0.591448	-1.40763	-1.21469	3.23512	1.28577	-0.648832	-3.19222	2.86947	2.0393	0.835116	0.643015	0.955026	0.625463	0.0205188	0.0918156	
1.63578	-0.442735	2.51359	1.42124	1.30564	1.14332	-1.81117	-0.695378	-4.28206	-1.5945	-0.421301	0.0239032	-2.06491	-0.264185	-1.00524	-0.94296	3.1551	1.02418	-0.815425	-3.58265	2.77035	1.93086	0.90904	0.368019	1.23604	0.884214	0.491983	0.214792	
1.35583	-0.918311	2.36614	1.46574	1.38929	0.969024	-1.4615	-0.861356	-3.90658	-1.50239	-0.678385	0.000570267	-2.03233	0.032826	-0.646138	-0.637647	2.97498	0.669794	-0.961222	-3.44721	2.55321	1.77267	0.941592	0.0748655	1.5402	1.05466	0.864739	0.263724	
1.0597	-1.13456	2.18038	1.46154	1.35204	0.790701	-0.95691	-0.928827	-3.09267	-1.31863	-0.998226	-0.319633	-1.75435	0.295789	-0.4042	-0.314876	2.69511	0.275506	-1.04516	-2.84265	2.22758	1.57123	0.908231	-0.189968	1.75789	1.06986	1.03759	0.274438	
0.774419	-1.09386	1.93972	1.36906	1.18162	0.618729	-0.459129	-0.855249	-2.10261	-1.06487	-1.2933	-0.813564	-1.21866	0.520459	-0.285757	0.00993186	2.33323	-0.0958192	-1.04338	-1.97231	1.82498	1.33466	0.806266	-0.38888	1.78166	0.909106	0.994715	0.287958	
0.515513	-0.886735	1.64189	1.15567	0.912798	0.465505	-0.133909	-0.647384	-1.26795	-0.795624	-1.46546	-1.27637	-0.494457	0.700673	-0.24722	0.324191	1.93633	-0.379355	-0.954812	-1.15161	1.40651	1.06028	0.653887	-0.511419	1.57696	0.615443	0.799807	0.343512	
