-0.544667	-1.05899	0.0960084	-0.926491	0.0290971	-0.539143	-0.131554	-0.129457	-0.184168	0.0934222	0.432296	-0.391531	-0.454059	0.366969	0.707637	1.1923	-0.791515	-0.422494	-0.210448	-0.123215	-0.258762	-1.1968	-0.278175	-0.710711	0.148476	-0.172957	-0.0839227	0.237693	
-0.384788	-1.271	0.143614	-1.02214	0.127717	-0.634134	0.124855	-0.112238	0.13776	0.17838	0.374951	-0.689853	-0.0754218	0.332944	0.818027	1.10316	-0.655616	-0.245204	0.0522337	0.00402923	-0.0942179	-1.0502	-0.057738	-0.579702	0.21899	-0.320385	0.13495	0.0866979	
-0.221368	-1.3976	0.0998496	-1.06165	0.224523	-0.658735	0.380245	-0.0518377	0.480482	0.303708	0.357573	-0.987909	0.317808	0.230994	0.820652	0.929061	-0.497801	-0.0750777	0.34203	0.171802	0.0411544	-0.843337	0.16976	-0.380127	0.278466	-0.523243	0.334669	-0.0647583	
-0.0891015	-1.40585	-0.0108926	-1.03596	0.295037	-0.601972	0.571053	0.029286	0.748998	0.43063	0.390727	-1.21296	0.575233	0.0568127	0.731461	0.712635	-0.352502	0.0484382	0.585689	0.330463	0.116817	-0.621764	0.348966	-0.157541	0.316765	-0.723672	0.463955	-0.184779	
-0.0199661	-1.2941	-0.158394	-0.9423	0.313401	-0.474734	0.652732	0.108953	0.877509	0.518082	0.444605	-1.30549	0.61883	-0.171527	0.575794	0.496494	-0.256557	0.0967524	0.726371	0.436298	0.110366	-0.433379	0.436039	0.0370927	0.315541	-0.85776	0.490948	-0.254951	
-0.0231494	-1.08512	-0.303772	-0.7873	0.267074	-0.313306	0.613495	0.178551	0.854818	0.544189	0.473103	-1.24581	0.454705	-0.408407	0.362776	0.326876	-0.217788	0.0684096	0.745819	0.46833	0.0262862	-0.303121	0.418599	0.172934	0.26179	-0.888559	0.406988	-0.269645	
-0.085953	-0.822801	-0.412762	-0.583644	0.163969	-0.163766	0.486354	0.236254	0.735807	0.515847	0.433423	-1.05217	0.188224	-0.605438	0.1021	0.230681	-0.222907	-0.0137134	0.666432	0.444592	-0.107639	-0.231212	0.314991	0.242001	0.154627	-0.817334	0.239978	-0.243323	
-0.174776	-0.549316	-0.46155	-0.347466	0.0292293	-0.0614386	0.320539	0.282612	0.593468	0.452617	0.315882	-0.762459	-0.04576	-0.72933	-0.199201	0.208485	-0.235957	-0.111761	0.531004	0.395045	-0.251506	-0.195699	0.164818	0.259222	0.0117629	-0.664199	0.0350106	-0.199712	
-0.251472	-0.308307	-0.446698	-0.104914	-0.105355	-0.0248168	0.171999	0.311879	0.499614	0.377818	0.152693	-0.435627	-0.157141	-0.770996	-0.518578	0.228644	-0.22289	-0.186328	0.39057	0.354644	-0.36548	-0.165963	0.0164439	0.251921	-0.137471	-0.474466	-0.158716	-0.168422	
-0.286334	-0.12656	-0.377868	0.114076	-0.208491	-0.0421024	0.0805621	0.314107	0.489269	0.308613	-0.00439889	-0.122565	-0.123782	-0.745384	-0.816705	0.244345	-0.164601	-0.212993	0.279473	0.345931	-0.424533	-0.119849	-0.0905594	0.246612	-0.255819	-0.285007	-0.300344	-0.170837	
-0.263463	-0.0115676	-0.271833	0.277179	-0.262028	-0.0827563	0.0540151	0.282519	0.546453	0.250021	-0.0948305	0.137752	-0.0106494	-0.675936	-1.05378	0.213382	-0.0577012	-0.180996	0.21547	0.367866	-0.418618	-0.0436549	-0.133035	0.264524	-0.313737	-0.122975	-0.375337	-0.209624	
-0.189387	0.0411217	-0.153579	0.364217	-0.266535	-0.101947	0.0714309	0.217813	0.611195	0.193005	-0.0882865	0.32523	0.0946912	-0.590805	-1.1838	0.105211	0.0752434	-0.100152	0.192757	0.396026	-0.359822	0.0586736	-0.111727	0.309363	-0.301102	0.0117759	-0.384984	-0.269785	
-0.0825212	0.0538415	-0.0419178	0.370085	-0.234625	-0.0635235	0.0972421	0.136617	0.610276	0.126219	-0.00675279	0.432919	0.109883	-0.505813	-1.17278	-0.078064	0.209633	0.00888844	0.194176	0.397811	-0.267353	0.175619	-0.0443489	0.376026	-0.232602	0.129176	-0.34336	-0.320557	
0.0299233	0.0512802	0.0493653	0.308265	-0.187168	0.0420843	0.0948038	0.0631217	0.492874	0.0444529	0.0959782	0.460183	0.025612	-0.423537	-1.02741	-0.308852	0.321227	0.121099	0.199779	0.348854	-0.161366	0.290648	0.0395204	0.449163	-0.138305	0.232118	-0.271409	-0.337385	
0.127162	0.0627203	0.11463	0.216172	-0.141683	0.203271	0.0376754	0.0249272	0.244308	-0.0504624	0.149118	0.419665	-0.112939	-0.34128	-0.799356	-0.541587	0.401974	0.215811	0.193341	0.237517	-0.0566036	0.394403	0.110535	0.515909	-0.0589559	0.323841	-0.19279	-0.304508	
0.197091	0.102588	0.156609	0.136645	-0.105897	0.381152	-0.0660777	0.0433251	-0.0821352	-0.134181	0.110121	0.327809	-0.240354	-0.246034	-0.563269	-0.72055	0.460335	0.282422	0.173789	0.0915935	0.0416018	0.488078	0.150405	0.568411	-0.0132158	0.389525	-0.125525	-0.223323	
0.240506	0.169629	0.189441	0.109532	-0.0706326	0.530239	-0.183702	0.118352	-0.400783	-0.181463	-0.0255594	0.210808	-0.264286	-0.135605	-0.377762	-0.803747	0.514428	0.320006	0.14439	-0.0453043	0.137536	0.574946	0.154943	0.60111	-0.00501839	0.412651	-0.0680024	-0.11378	
0.26511	0.249294	0.226611	0.153811	-0.0219003	0.61111	-0.267609	0.228349	-0.61582	-0.171147	-0.206843	0.102923	-0.15328	-0.0139484	-0.264536	-0.766319	0.583142	0.334058	0.113157	-0.122004	0.235033	0.659724	0.130986	0.614005	-0.0147493	0.384708	-0.0125314	0.000646969	
0.274153	0.309443	0.273046	0.259816	0.0486778	0.601838	-0.281106	0.330491	-0.669061	-0.107316	-0.35349	0.0354203	0.0614705	0.110147	-0.2008	-0.621485	0.665026	0.327556	0.0788418	-0.111954	0.328764	0.732429	0.089985	0.598995	-0.0149023	0.313182	0.0498958	0.0927874	
0.266075	0.317183	0.325659	0.39417	0.140235	0.505687	-0.203497	0.375957	-0.550359	-0.0181141	-0.394752	0.0271673	0.284897	0.21944	-0.116244	-0.407282	0.741983	0.29846	0.0357182	-0.0182713	0.405447	0.773023	0.0448143	0.54408	0.0113063	0.216002	0.128676	0.144874	
0.230802	0.247274	0.375606	0.506608	0.240535	0.340386	-0.0449858	0.329116	-0.299507	0.0566762	-0.290844	0.0775482	0.428035	0.301528	0.0481817	-0.174738	0.783358	0.242048	-0.0263822	0.126208	0.446755	0.757006	0.00167442	0.433975	0.0787925	0.113211	0.223869	0.14965	
0.161478	0.0991251	0.411986	0.559215	0.330792	0.142171	0.161028	0.18318	0.00429403	0.0740816	-0.06458	0.169146	0.437807	0.344857	0.338493	0.0230407	0.761141	0.156163	-0.116352	0.265014	0.438489	0.668378	-0.0372029	0.259071	0.171776	0.0321559	0.333936	0.116354	
0.0590194	-0.102753	0.428565	0.535099	0.393145	-0.0499019	0.376369	-0.0333096	0.287598	0.0135878	0.213394	0.267156	0.304469	0.352067	0.754244	0.153082	0.667098	0.0462569	-0.230888	0.351622	0.378083	0.51649	-0.0740771	0.0284679	0.274883	-0.0163474	0.452352	0.0646466	
-0.0627222	-0.309151	0.425745	0.449565	0.415936	-0.20571	0.558443	-0.274597	0.488589	-0.125981	0.455303	0.334962	0.0918737	0.324437	1.24101	0.193116	0.514293	-0.0761604	-0.364783	0.348895	0.277991	0.326601	-0.116165	-0.237212	0.361915	-0.0375521	0.568891	0.00690456	
-0.175383	-0.458443	0.411274	0.345441	0.399344	-0.303849	0.678506	-0.486986	0.584856	-0.31813	0.587773	0.350875	-0.101862	0.270994	1.70432	0.152032	0.342618	-0.194697	-0.505875	0.251313	0.162475	0.14716	-0.170595	-0.500119	0.415106	-0.0434901	0.670809	-0.0438731	
-0.24605	-0.502357	0.396176	0.271844	0.349041	-0.335815	0.723824	-0.628434	0.59104	-0.517417	0.584679	0.316124	-0.197637	0.212308	2.03479	0.0577249	0.199804	-0.289534	-0.642064	0.0842004	0.0569315	0.0304053	-0.243317	-0.717177	0.43449	-0.0431059	0.738809	-0.0816094	
-0.245364	-0.417593	0.394508	0.26644	0.279139	-0.304712	0.701557	-0.684306	0.541597	-0.678245	0.468099	0.254326	-0.138293	0.164503	2.17355	-0.0517831	0.130072	-0.345672	-0.764785	-0.107188	-0.0161187	0.0130856	-0.334702	-0.855518	0.42438	-0.0388386	0.766241	-0.106551	
-0.16348	-0.21973	0.408577	0.335214	0.199119	-0.225493	0.627549	-0.665973	0.475736	-0.764703	0.300896	0.20158	0.0747435	0.156746	2.11016	-0.130174	0.152385	-0.357938	-0.86994	-0.273025	-0.0517124	0.104476	-0.441673	-0.897634	0.399459	-0.0250871	0.746964	-0.11615	
-0.0156977	0.0436124	0.425958	0.453082	0.107399	-0.11803	0.523447	-0.605783	0.418883	-0.764205	0.15003	0.192353	0.373984	0.205168	1.90457	-0.148924	0.252274	-0.332789	-0.959125	-0.375537	-0.0627483	0.275342	-0.556312	-0.853118	0.35759	0.0154008	0.68197	-0.10908	
0.159994	0.307231	0.424823	0.572622	-0.00185912	-0.00638606	0.406383	-0.541168	0.377665	-0.686168	0.0524943	0.244211	0.671586	0.316386	1.63984	-0.094483	0.389122	-0.2863	-1.03203	-0.397979	-0.0736454	0.471208	-0.667741	-0.752582	0.288627	0.0917913	0.57637	-0.08413	
0.310122	0.507942	0.376201	0.641022	-0.135751	0.0822395	0.292233	-0.499971	0.351896	-0.551928	0.0135963	0.348994	0.883656	0.470267	1.39467	0.0229487	0.504147	-0.237451	-1.08414	-0.340658	-0.113391	0.625222	-0.762689	-0.638015	0.176879	0.19501	0.439374	-0.0455427	
0.389697	0.610411	0.264754	0.625879	-0.287577	0.129984	0.192218	-0.484426	0.334906	-0.383073	-0.00565042	0.482418	0.976823	0.6341	1.21132	0.182718	0.551252	-0.198433	-1.10347	-0.216566	-0.194268	0.688569	-0.82584	-0.543998	0.0121364	0.305374	0.28779	0.00607042	
0.37265	0.608366	0.0909274	0.52438	-0.44093	0.133517	0.118279	-0.475643	0.333342	-0.189572	-0.0439878	0.609062	0.929908	0.769431	1.07643	0.358318	0.502589	-0.168151	-1.06995	-0.0385535	-0.312219	0.645711	-0.841604	-0.481895	-0.194737	0.392974	0.132827	0.0683874	
0.261591	0.527476	-0.122591	0.364076	-0.565589	0.100005	0.0780716	-0.447762	0.35417	0.02235	-0.12204	0.701555	0.754788	0.828266	0.941819	0.516894	0.360309	-0.137346	-0.9683	0.177377	-0.441697	0.512166	-0.798123	-0.444248	-0.412814	0.431358	-0.0136785	0.131	
0.0867442	0.404158	-0.338559	0.186372	-0.629185	0.0476664	0.063413	-0.379436	0.392775	0.244616	-0.219709	0.744605	0.497885	0.793722	0.736043	0.639593	0.152344	-0.0922593	-0.795707	0.405234	-0.547548	0.331855	-0.691822	-0.406773	-0.592286	0.40246	-0.147742	0.187078	
-0.106479	0.267261	-0.510672	0.0255955	-0.60739	-0.000566867	0.0656028	-0.265629	0.444142	0.468938	-0.292368	0.73582	0.204152	0.669552	0.408617	0.718093	-0.079334	-0.0176188	-0.562284	0.625046	-0.595258	0.157178	-0.525326	-0.339696	-0.684034	0.312966	-0.266695	0.229853	
-0.269564	0.128068	-0.602031	-0.10451	-0.494101	-0.0233178	0.062948	-0.118058	0.479803	0.678666	-0.284031	0.68602	-0.068815	0.495831	-0.042385	0.759838	-0.290947	0.0950038	-0.293348	0.810758	-0.564564	0.0294489	-0.312931	-0.224086	-0.655324	0.189554	-0.36854	0.260443	
-0.372503	-0.0309796	-0.600919	-0.218366	-0.308389	-0.01177	0.0385284	0.0377232	0.470562	0.853223	-0.157154	0.601596	-0.263937	0.334069	-0.552085	0.784292	-0.456902	0.239936	-0.0210851	0.939422	-0.461858	-0.035558	-0.0753575	-0.0592675	-0.504755	0.0600736	-0.445331	0.284694	
-0.406146	-0.232326	-0.521316	-0.34148	-0.0886153	0.030496	-0.0187647	0.172512	0.386438	0.968155	0.071792	0.487812	-0.330152	0.237573	-1.01027	0.805294	-0.56687	0.398069	0.218339	0.991601	-0.312683	-0.0498194	0.160583	0.132724	-0.271816	-0.0441726	-0.48337	0.309806	
-0.389374	-0.499915	-0.402114	-0.500804	0.117675	0.0863378	-0.1009	0.263721	0.225981	1.01081	0.342069	0.339433	-0.244556	0.235782	-1.29768	0.825031	-0.63226	0.540581	0.397598	0.964926	-0.160996	-0.0460938	0.365432	0.313599	-0.0167112	-0.114287	-0.467324	0.336695	
-0.358825	-0.831575	-0.292801	-0.700756	0.270106	0.129087	-0.181492	0.299917	0.0205656	0.983673	0.55586	0.154835	-0.0223087	0.317859	-1.32907	0.833603	-0.676877	0.632547	0.502334	0.877931	-0.0529492	-0.0639912	0.51441	0.44086	0.191673	-0.159584	-0.386326	0.357556	
-0.352418	-1.19577	-0.238305	-0.917209	0.343417	0.136881	-0.225353	0.290717	-0.174043	0.907665	0.630127	-0.0560094	0.296961	0.448681	-1.07325	0.815444	-0.723753	0.645545	0.53316	0.764546	-0.0223754	-0.127903	0.589197	0.484756	0.303763	-0.204623	-0.238097	0.364269	
-0.397446	-1.53634	-0.261596	-1.09976	0.332621	0.10206	-0.191866	0.256561	-0.276661	0.82469	0.51684	-0.267232	0.636974	0.573951	-0.581567	0.762218	-0.78932	0.564701	0.509844	0.678148	-0.0801486	-0.236598	0.585512	0.442969	0.298583	-0.267022	-0.0377373	0.348772	
-0.496607	-1.78569	-0.360948	-1.18855	0.250582	0.0345787	-0.0569049	0.220634	-0.223067	0.77302	0.241206	-0.433626	0.899654	0.645983	0.0447279	0.675237	-0.875569	0.395642	0.455622	0.666785	-0.213584	-0.365205	0.512185	0.335399	0.193603	-0.344681	0.184137	0.309829	
-0.631895	-1.89755	-0.507347	-1.14715	0.122411	-0.0454475	0.173995	0.200734	0.0130228	0.779297	-0.117786	-0.515665	1.02047	0.656171	0.671207	0.583424	-0.971569	0.162413	0.39422	0.757014	-0.388832	-0.475894	0.389016	0.197288	0.0320508	-0.426947	0.386919	0.257905	
-0.765577	-1.85387	-0.654036	-0.971898	-0.0248261	-0.109413	0.461666	0.203492	0.403326	0.847781	-0.454403	-0.489405	0.97405	0.625374	1.15754	0.529878	-1.05451	-0.0928489	0.342384	0.946597	-0.561024	-0.530188	0.245652	0.0683497	-0.139954	-0.483667	0.525408	0.214053	
-0.854558	-1.68066	-0.752582	-0.703851	-0.16817	-0.132337	0.754138	0.231884	0.886906	0.970523	-0.668464	-0.359394	0.799727	0.608753	1.41211	0.569662	-1.09647	-0.316066	0.310164	1.21495	-0.687933	-0.502742	0.112829	-0.0198621	-0.276935	-0.481278	0.571356	0.210039	
-0.860913	-1.43366	-0.769006	-0.409363	-0.291284	-0.099772	0.98926	0.278825	1.36988	1.12119	-0.705194	-0.159466	0.574636	0.670567	1.39705	0.752447	-1.07243	-0.458426	0.297249	1.51692	-0.7395	-0.390053	0.0159663	-0.0546301	-0.354439	-0.397574	0.512934	0.276456	
-0.762754	-1.17624	-0.68549	-0.161421	-0.37739	-0.0148552	1.13081	0.334429	1.76971	1.26619	-0.565023	0.0590449	0.396354	0.851622	1.16222	1.08771	-0.965185	-0.485283	0.291145	1.8027	-0.700912	-0.209899	-0.0301244	-0.0449038	-0.358566	-0.231028	0.376066	0.428461	
-0.56602	-0.963517	-0.511459	-0.0143397	-0.414101	0.103238	1.17374	0.384848	2.04013	1.38154	-0.305318	0.241178	0.344899	1.14739	0.799837	1.54361	-0.774313	-0.392309	0.273426	2.03314	-0.578504	0.00403712	-0.0292326	-0.0152243	-0.292257	-0.0031342	0.20619	0.657685	
-0.298753	-0.821777	-0.277973	0.0181692	-0.391366	0.229202	1.14515	0.413307	2.17563	1.45065	-0.00107791	0.35808	0.429016	1.50395	0.431228	2.04225	-0.519064	-0.204193	0.219977	2.18385	-0.399448	0.213658	0.000427921	0.00166898	-0.157191	0.254686	0.0571823	0.930378	
-0.00845586	-0.747676	-0.0261533	-0.0419161	-0.305282	0.336751	1.0942	0.409076	2.21524	1.47617	0.270558	0.412958	0.626641	1.85672	0.16835	2.49441	-0.234867	0.0270011	0.114463	2.25191	-0.199337	0.388786	0.0298423	-0.0177475	0.0368027	0.505932	-0.0214352	1.20428	
0.249529	-0.716666	0.195049	-0.145	-0.168574	0.409807	1.06824	0.368048	2.21437	1.47548	0.46217	0.43492	0.856897	2.13589	0.0804147	2.81763	0.0290728	0.235197	-0.0453073	2.25113	-0.0199101	0.511738	0.0298102	-0.0802112	0.273013	0.721386	-0.00849658	1.43409	
0.426856	-0.694206	0.346412	-0.235127	-0.00877704	0.445927	1.10165	0.297763	2.23001	1.47744	0.55967	0.472168	1.05698	2.30337	0.196044	2.97205	0.22624	0.363131	-0.245894	2.21074	0.100671	0.581796	-0.0204598	-0.173496	0.523686	0.893039	0.0949708	1.59345	
0.49095	-0.658353	0.399013	-0.275302	0.130614	0.451641	1.18426	0.217001	2.27725	1.51076	0.569834	0.558533	1.18426	2.37458	0.473088	2.97954	0.320944	0.373836	-0.461058	2.15316	0.134193	0.606759	-0.129308	-0.274126	0.74239	1.01755	0.248727	1.68016	
0.43352	-0.603293	0.342775	-0.257509	0.201834	0.441843	1.27582	0.154653	2.33794	1.60173	0.507011	0.701172	1.24206	2.39414	0.823622	2.9101	0.297208	0.264624	-0.6556	2.09709	0.0687752	0.596217	-0.287812	-0.35514	0.873055	1.09307	0.394445	1.71484	
0.269638	-0.539642	0.182459	-0.198234	0.162785	0.435896	1.3206	0.150689	2.37723	1.77889	0.380873	0.878309	1.27831	2.42435	1.12507	2.87276	0.167423	0.0648527	-0.792505	2.06369	-0.090801	0.564399	-0.476013	-0.390591	0.863609	1.12487	0.467606	1.7414	
0.0367066	-0.489362	-0.0594556	-0.127566	-0.0028512	0.450639	1.27623	0.24033	2.36214	2.06306	0.197781	1.04868	1.31191	2.51333	1.27638	2.9702	-0.0346099	-0.171964	-0.846925	2.07465	-0.321992	0.521553	-0.667674	-0.369146	0.695905	1.11859	0.420292	1.80366	
-0.221706	-0.473104	-0.347274	-0.0791349	-0.278133	0.49549	1.13974	0.445334	2.29357	2.4681	-0.0383887	1.17059	1.35094	2.68331	1.23748	3.27174	-0.265205	-0.389279	-0.81104	2.15641	-0.58988	0.472856	-0.84004	-0.292375	0.388718	1.07899	0.244416	1.93683	
-0.470875	-0.508594	-0.646527	-0.0805383	-0.620388	0.566387	0.953263	0.763377	2.21412	2.99621	-0.316651	1.20984	1.34661	2.91256	1.03518	3.78321	-0.489798	-0.550451	-0.699368	2.33654	-0.859306	0.412504	-0.981012	-0.176999	0.00484649	1.00897	-0.032526	2.14773	
-0.691668	-0.603728	-0.930879	-0.144501	-0.972295	0.652972	0.796682	1.16293	2.20288	3.62982	-0.607588	1.16292	1.2315	3.14417	0.767337	4.44682	-0.694233	-0.646151	-0.541143	2.63495	-1.10577	0.328515	-1.08994	-0.0474074	-0.374097	0.922496	-0.348344	2.41741	
-0.886514	-0.763001	-1.18393	-0.278995	-1.27574	0.736011	0.762466	1.59778	2.35417	4.33402	-0.869245	1.04898	0.946864	3.33253	0.562364	5.17075	-0.887993	-0.694886	-0.364202	3.05855	-1.31622	0.209443	-1.17218	0.0755147	-0.661925	0.837136	-0.626887	2.71049	
-1.07205	-0.987534	-1.40013	-0.489664	-1.48758	0.792357	0.927719	2.01336	2.74198	5.05384	-1.06447	0.891984	0.477815	3.44344	0.552849	5.84817	-1.10019	-0.729493	-0.182426	3.59203	-1.48816	0.0412871	-1.22878	0.178594	-0.805379	0.759288	-0.793288	2.98026	
-1.27108	-1.27165	-1.58844	-0.777646	-1.59416	0.806286	1.32008	2.36574	3.38237	5.72229	-1.17378	0.713844	-0.0913459	3.45822	0.828666	6.39192	-1.36145	-0.779846	0.0111902	4.19197	-1.63361	-0.177931	-1.2541	0.262891	-0.806194	0.696059	-0.793144	3.18854	
-1.49452	-1.60378	-1.75651	-1.13714	-1.60072	0.767676	1.90376	2.62912	4.21288	6.26057	-1.21321	0.519025	-0.627761	3.38521	1.39826	6.74465	-1.68596	-0.853645	0.239199	4.78707	-1.76194	-0.437812	-1.22997	0.336605	-0.713834	0.643789	-0.609368	3.30799	
-1.72989	-1.9567	-1.90786	-1.54858	-1.52647	0.679586	2.58683	2.79786	5.10445	6.59379	-1.22321	0.294327	-0.960993	3.23792	2.18352	6.88054	-2.05674	-0.929704	0.533442	5.29245	-1.87294	-0.711045	-1.12985	0.414659	-0.611566	0.580409	-0.261935	3.32671	
-1.93727	-2.28108	-2.03101	-1.96331	-1.38933	0.56004	3.23915	2.88653	5.8841	6.66311	-1.25054	0.031116	-0.960379	3.01976	3.0177	6.79634	-2.41708	-0.961151	0.915023	5.62509	-1.9481	-0.947685	-0.928799	0.513062	-0.565955	0.491433	0.191778	3.24749	
-2.05235	-2.50761	-2.09413	-2.30625	-1.19347	0.438903	3.73351	2.91241	6.38048	6.43097	-1.31789	-0.263608	-0.595961	2.72542	3.71392	6.48421	-2.68271	-0.890813	1.37668	5.7191	-1.95027	-1.08671	-0.612077	0.64067	-0.604717	0.372856	0.67985	3.07796	
-2.00714	-2.56485	-2.04978	-2.49192	-0.925919	0.348282	3.9754	2.88823	6.46619	5.88965	-1.40841	-0.556904	0.0638345	2.35018	4.1094	5.93462	-2.76333	-0.673365	1.87851	5.53871	-1.83035	-1.06501	-0.185518	0.800688	-0.686581	0.237136	1.1349	2.82941	
-1.75126	-2.39561	-1.85053	-2.44969	-0.566599	0.310222	3.918	2.8074	6.07701	5.04919	-1.46448	-0.798916	0.859439	1.90108	4.11017	5.12179	-2.59397	-0.297321	2.34802	5.07216	-1.54271	-0.846659	0.322955	0.982353	-0.725285	0.104251	1.50519	2.50412	
-1.27337	-1.9817	-1.47177	-2.14785	-0.107093	0.333071	3.56418	2.64528	5.22242	3.94007	-1.40211	-0.93716	1.62205	1.40209	3.70974	4.0248	-2.15771	0.206286	2.69793	4.32966	-1.06875	-0.431612	0.863172	1.16742	-0.622666	0.00151419	1.76349	2.10267	
-0.607334	-1.35184	-0.915342	-1.60832	0.44466	0.40803	2.9526	2.37677	3.97253	2.60757	-1.1477	-0.931616	2.20623	0.919281	2.96477	2.65806	-1.49047	0.776707	2.85269	3.33642	-0.42126	0.141889	1.37679	1.33454	-0.300114	-0.0463491	1.89912	1.63195	
0.176448	-0.580644	-0.213496	-0.909005	1.05798	0.511139	2.14928	1.9855	2.4436	1.11481	-0.670391	-0.781902	2.56433	0.533037	1.99201	1.08519	-0.673104	1.33993	2.77103	2.13546	0.354733	0.800262	1.81182	1.46435	0.257364	-0.0402455	1.92461	1.10625	
0.982685	0.228959	0.565996	-0.158031	1.67952	0.615661	1.22285	1.47733	0.762608	-0.459518	-0.00367193	-0.519724	2.73939	0.30049	0.923273	-0.570206	0.189353	1.83105	2.45674	0.778943	1.18142	1.45606	2.12939	1.54503	0.995988	0.0108505	1.86027	0.554809	
1.71903	0.972664	1.34081	0.536146	2.24963	0.701845	0.235207	0.882114	-0.954329	-2.0319	0.760286	-0.202038	2.81271	0.240533	-0.129328	-2.15948	0.994627	2.21002	1.95403	-0.673748	1.96908	2.02342	2.31324	1.56658	1.79709	0.0902734	1.725	0.0154326	
2.31761	1.568	2.0322	1.09686	2.71965	0.761419	-0.752168	0.251963	-2.59598	-3.5069	1.50222	0.11232	2.85031	0.317137	-1.09387	-3.52359	1.66958	2.46994	1.33812	-2.13815	2.63732	2.44833	2.36926	1.52875	2.53125	0.182941	1.53323	-0.468451	
2.74694	1.9788	2.58207	1.49958	3.05825	0.80122	-1.68401	-0.350671	-4.06955	-4.79105	2.10944	0.393205	2.87653	0.44192	-1.94282	-4.54046	2.18112	2.62982	0.693676	-3.51704	3.12987	2.71373	2.31943	1.43464	3.08494	0.290264	1.29306	-0.860686	
3.01299	2.21434	2.96373	1.77356	3.25851	0.839898	-2.50072	-0.865128	-5.29116	-5.7958	2.52293	0.644476	2.8445	0.502132	-2.66794	-5.15034	2.53467	2.7199	0.0951991	-4.69934	3.42453	2.84175	2.19326	1.2947	3.40312	0.434878	1.01371	-1.13661	
3.14285	2.31531	3.17489	1.97354	3.3251	0.892975	-3.14006	-1.24398	-6.18034	-6.45151	2.74167	0.893377	2.67919	0.416366	-3.26285	-5.3619	2.75608	2.7634	-0.402179	-5.57514	3.52645	2.87549	2.02029	1.12631	3.48821	0.639926	0.708367	-1.28771	
3.17124	2.33414	3.23976	2.15144	3.27476	0.963594	-3.54881	-1.46355	-6.6792	-6.72393	2.81087	1.16842	2.31643	0.157068	-3.71141	-5.25384	2.87479	2.76448	-0.766518	-6.06266	3.46869	2.8539	1.82887	0.947906	3.38592	0.909197	0.399374	-1.32696	
3.116	2.309	3.1755	2.32237	3.11219	1.03272	-3.6985	-1.53186	-6.76246	-6.62467	2.80476	1.46851	1.7727	-0.23784	-3.97953	-4.94852	2.90144	2.70501	-0.991116	-6.13054	3.28174	2.79073	1.63525	0.775267	3.15268	1.2097	0.114184	-1.28851	
2.97886	2.25568	3.00187	2.46088	2.83943	1.06955	-3.60167	-1.47637	-6.45628	-6.21113	2.77115	1.75355	1.13485	-0.667148	-4.05885	-4.57171	2.83008	2.56045	-1.08303	-5.81436	2.99662	2.67046	1.45143	0.620166	2.8287	1.46824	-0.128105	-1.21095	
2.74995	2.16646	2.73036	2.50809	2.46055	1.03907	-3.29696	-1.33366	-5.82443	-5.56617	2.72431	1.94839	0.536935	-1.01553	-3.94149	-4.21956	2.64499	2.31533	-1.05519	-5.19443	2.63739	2.46226	1.28609	0.492091	2.43471	1.59159	-0.308993	-1.13288	
2.41881	2.01874	2.37074	2.39942	1.98974	0.916754	-2.84884	-1.14928	-4.9698	-4.79249	2.62748	1.97144	0.135078	-1.20138	-3.63693	-3.94526	2.3338	1.97426	-0.927993	-4.39185	2.22226	2.13387	1.14339	0.390517	1.96546	1.49677	-0.414264	-1.08501	
1.99599	1.79867	1.9447	2.10889	1.46804	0.70912	-2.33258	-0.965964	-4.02227	-3.99017	2.43401	1.7741	-0.0109585	-1.21104	-3.17659	-3.75975	1.90797	1.57036	-0.731254	-3.53999	1.77526	1.68196	1.02516	0.30823	1.42755	1.15782	-0.441186	-1.08221	
1.51077	1.50483	1.47604	1.65828	0.944453	0.44734	-1.80914	-0.82065	-3.08978	-3.23534	2.11415	1.36587	0.0737205	-1.10133	-2.60665	-3.64248	1.40034	1.1514	-0.506195	-2.74258	1.31667	1.13924	0.924323	0.23028	0.843073	0.618552	-0.397815	-1.127	
1.0184	1.16262	1.01812	1.12731	0.489643	0.185589	-1.31373	-0.736569	-2.24804	-2.56895	1.66492	0.830883	0.246693	-0.980215	-1.9878	-3.55063	0.872339	0.772049	-0.296812	-2.05735	0.885365	0.578259	0.834391	0.142261	0.274287	-0.00286749	-0.298614	-1.20672	
0.579793	0.809308	0.620466	0.622817	0.157651	-0.0217818	-0.855868	-0.721639	-1.52825	-1.99837	1.14806	0.296576	0.359789	-0.960891	-1.36077	-3.45064	0.390213	0.469898	-0.145241	-1.49256	0.513543	0.0895122	0.7424	0.0320106	-0.199839	-0.550163	-0.156211	-1.30687	
0.242687	0.48146	0.326928	0.24095	-0.0282253	-0.139572	-0.427297	-0.764732	-0.91668	-1.50251	0.652379	-0.112065	0.294294	-1.1034	-0.765157	-3.31173	0.00693566	0.255146	-0.0764055	-1.01414	0.224267	-0.252228	0.638815	-0.104059	-0.508332	-0.891187	0.0104218	-1.40617	
0.0288709	0.206384	0.157357	0.0353665	-0.0827446	-0.165963	-0.0197742	-0.83955	-0.386539	-1.05354	0.265699	-0.313973	0.0170035	-1.40085	-0.221429	-3.12437	-0.252049	0.11012	-0.0902223	-0.578241	0.0256188	-0.415347	0.522628	-0.259044	-0.618427	-0.959581	0.183159	-1.49317	
-0.0790995	-0.00974386	0.0965695	-0.00865104	-0.0619713	-0.138486	0.352458	-0.91931	0.0770606	-0.641856	0.0391544	-0.307086	-0.387646	-1.7864	0.238848	-2.90712	-0.399474	-0.00850243	-0.166106	-0.164315	-0.100274	-0.433274	0.395379	-0.427132	-0.563978	-0.791837	0.335598	-1.57077	
-0.124754	-0.177392	0.105911	0.0372233	-0.0347122	-0.116684	0.650525	-0.983055	0.455864	-0.28136	-0.0351383	-0.172168	-0.787358	-2.16217	0.576055	-2.68767	-0.474975	-0.14334	-0.266638	0.20881	-0.182663	-0.390845	0.269145	-0.599675	-0.424471	-0.51679	0.436671	-1.65243	
-0.16387	-0.317894	0.128429	0.0711405	-0.0650496	-0.159044	0.82647	-1.01309	0.713076	0.00196382	-0.0232004	-0.0314245	-1.06015	-2.43647	0.747839	-2.49595	-0.531878	-0.321889	-0.34628	0.496711	-0.258534	-0.392689	0.159716	-0.767036	-0.308654	-0.300964	0.455205	-1.75292	
-0.239089	-0.451065	0.120499	0.00211233	-0.179304	-0.300678	0.8455	-1.00917	0.806673	0.180211	-0.0181003	-0.00464888	-1.16335	-2.56258	0.732735	-2.34877	-0.610866	-0.540417	-0.369766	0.651429	-0.348385	-0.525676	0.0850792	-0.920829	-0.297473	-0.286863	0.374966	-1.87923	
-0.358008	-0.586195	0.0680698	-0.209193	-0.353138	-0.534879	0.701264	-0.983432	0.707733	0.238087	-0.0874959	-0.156879	-1.1432	-2.54529	0.542807	-2.25117	-0.722363	-0.763025	-0.323511	0.639169	-0.44714	-0.814316	0.0586763	-1.05125	-0.413031	-0.534093	0.204269	-2.02563	
-0.503103	-0.721118	-0.0214015	-0.546144	-0.534819	-0.817645	0.43481	-0.951676	0.442207	0.196643	-0.253413	-0.476703	-1.12166	-2.43783	0.228706	-2.18332	-0.855538	-0.93917	-0.216042	0.481242	-0.538234	-1.21861	0.082489	-1.14828	-0.612748	-0.998669	-0.0277629	-2.16862	
-0.62584	-0.840358	-0.10754	-0.934686	-0.647975	-1.07704	0.132023	-0.925218	0.0938004	0.115279	-0.474517	-0.873963	-1.22695	-2.30435	-0.126337	-2.09948	-0.970572	-1.01065	-0.0684341	0.2572	-0.582796	-1.63098	0.154554	-1.19211	-0.791423	-1.53752	-0.266245	-2.26969	
-0.673751	-0.92796	-0.141772	-1.28119	-0.631693	-1.23933	-0.100539	-0.893178	-0.210025	0.0814111	-0.668571	-1.22228	-1.50193	-2.17982	-0.426049	-1.94085	-1.02475	-0.939381	0.101463	0.0879447	-0.548578	-1.91713	0.265003	-1.15675	-0.836602	-1.96811	-0.44496	-2.28066	
-0.61342	-0.977602	-0.0945211	-1.51144	-0.467886	-1.25615	-0.164944	-0.831417	-0.328603	0.186875	-0.731988	-1.42051	-1.862	-2.05732	-0.582799	-1.64602	-0.994398	-0.717118	0.287677	0.104531	-0.425798	-1.96709	0.403335	-1.01727	-0.668669	-2.14441	-0.504122	-2.16172	
-0.442216	-0.991848	0.034879	-1.59284	-0.184862	-1.11649	-0.00310394	-0.699895	-0.156584	0.496112	-0.60876	-1.41822	-2.11764	-1.89554	-0.542051	-1.17408	-0.884644	-0.370278	0.501548	0.397955	-0.233538	-1.73049	0.560415	-0.75404	-0.283528	-2.00289	-0.405253	-1.89234	
-0.1996	-0.98644	0.202745	-1.55133	0.141706	-0.853119	0.374401	-0.468641	0.331445	1.0137	-0.30519	-1.2451	-2.05655	-1.65096	-0.311788	-0.529342	-0.73787	0.0428238	0.759059	0.98054	-0.0236457	-1.25141	0.724897	-0.372831	0.237219	-1.59011	-0.155737	-1.48535	
0.0531171	-0.984923	0.346899	-1.4532	0.42785	-0.525568	0.896283	-0.1309	1.07154	1.67965	0.109919	-0.990602	-1.53395	-1.29841	0.0480781	0.238134	-0.613389	0.451562	1.06838	1.77284	0.143402	-0.643229	0.886633	0.0940789	0.760494	-1.0408	0.199881	-0.983862	
0.240627	-1.01531	0.394512	-1.38363	0.597557	-0.202558	1.45308	0.297078	1.9268	2.38722	0.507941	-0.769659	-0.568292	-0.859079	0.454987	1.04362	-0.581186	0.784399	1.42189	2.62785	0.207098	-0.0638241	1.03269	0.589042	1.14051	-0.525608	0.587285	-0.449856	
0.311268	-1.09633	0.301503	-1.3987	0.619006	0.0665657	1.9337	0.765455	2.73412	3.01621	0.778964	-0.664766	0.648101	-0.391176	0.815666	1.78598	-0.680364	0.995647	1.78539	3.3805	0.141851	0.348692	1.15068	1.04247	1.28402	-0.173226	0.923958	0.0556867	
0.24366	-1.23949	0.0655079	-1.51733	0.509097	0.256944	2.26412	1.21126	3.35235	3.46782	0.843735	-0.706188	1.81202	0.0316059	1.0923	2.38057	-0.915513	1.06499	2.10676	3.89464	-0.0415032	0.51161	1.22747	1.38991	1.17675	-0.0412047	1.15461	0.487149	
0.0504845	-1.44127	-0.276651	-1.71136	0.320717	0.371074	2.41766	1.57002	3.69907	3.68872	0.696929	-0.863776	2.58433	0.344298	1.27691	2.77575	-1.25356	1.00082	2.32875	4.09957	-0.300529	0.416436	1.25283	1.58381	0.878045	-0.100033	1.2488	0.822832	
-0.222411	-1.68119	-0.655145	-1.91718	0.122853	0.432913	2.4242	1.80001	3.77617	3.6932	0.395368	-1.0594	2.75057	0.525915	1.40993	2.97422	-1.62649	0.836339	2.40993	4.01502	-0.572858	0.136894	1.22237	1.61475	0.505597	-0.253696	1.22153	1.06975	
-0.516402	-1.92732	-0.99256	-2.0671	-0.0271448	0.467989	2.34317	1.8953	3.65173	3.54656	0.0372581	-1.21412	2.28055	0.61312	1.5384	3.02633	-1.9564	0.617836	2.34493	3.73087	-0.79953	-0.214227	1.14	1.50929	0.179401	-0.397063	1.1125	1.25604	
-0.773991	-2.1369	-1.22895	-2.10836	-0.102256	0.496986	2.23765	1.8801	3.42897	3.33778	-0.273147	-1.27326	1.34776	0.681071	1.69052	3.00329	-2.17486	0.39417	2.16082	3.36903	-0.943434	-0.520905	1.01864	1.32126	-0.0181106	-0.458987	0.971165	1.41351	
-0.955493	-2.26306	-1.33889	-2.02533	-0.114399	0.525237	2.14788	1.8013	3.1984	3.14271	-0.471309	-1.23024	0.25849	0.799201	1.87271	2.97207	-2.24416	0.203107	1.9129	3.03653	-1.00029	-0.703219	0.874982	1.11497	-0.0689931	-0.429833	0.840238	1.56308	
-1.04089	-2.26122	-1.33554	-1.8283	-0.100842	0.553346	2.0713	1.70249	3.00131	2.99224	-0.544878	-1.10785	-0.67932	0.995743	2.03099	2.95608	-2.16096	0.0682984	1.6595	2.78401	-0.99253	-0.738484	0.725168	0.942688	-0.0209662	-0.339121	0.731178	1.70574	
-1.03227	-2.10658	-1.26159	-1.55681	-0.111006	0.579852	1.97413	1.61541	2.82376	2.87287	-0.53524	-0.94912	-1.24294	1.25234	2.10415	2.94319	-1.95763	-0.00383567	1.44201	2.60209	-0.957099	-0.65617	0.580487	0.833118	0.0444924	-0.239767	0.634134	1.82685	
-0.94465	-1.80076	-1.16673	-1.25334	-0.18144	0.610117	1.80784	1.55489	2.61401	2.73677	-0.507656	-0.78858	-1.38281	1.49819	2.01582	2.88985	-1.68523	-0.0199841	1.27924	2.43536	-0.925832	-0.514354	0.447252	0.789622	0.0410163	-0.164398	0.516714	1.90597	
-0.796107	-1.37436	-1.08976	-0.945668	-0.326559	0.664416	1.542	1.52129	2.32293	2.54317	-0.530496	-0.628434	-1.20419	1.64585	1.72096	2.75215	-1.39583	0.00553857	1.16269	2.22921	-0.912731	-0.363981	0.326529	0.79931	-0.0799294	-0.0953108	0.347898	1.93354	
-0.607265	-0.886824	-1.04631	-0.649225	-0.533534	0.761733	1.18245	1.50755	1.93376	2.27685	-0.639732	-0.453137	-0.901438	1.63566	1.23711	2.51638	-1.13092	0.0565123	1.07359	1.95719	-0.910168	-0.232009	0.217395	0.842016	-0.323005	0.0168221	0.116278	1.9158	
-0.39872	-0.411717	-1.02799	-0.364548	-0.766898	0.915981	0.774342	1.51027	1.47632	1.96259	-0.839102	-0.239619	-0.684786	1.46276	0.633457	2.20472	-0.915274	0.117246	0.990884	1.63778	-0.895895	-0.1165	0.121534	0.900695	-0.651014	0.229448	-0.164603	1.87485	
-0.188288	-0.0199497	-1.00725	-0.0892406	-0.988162	1.12168	0.386412	1.53279	1.02099	1.66246	-1.09261	0.0158657	-0.67916	1.18965	0.0157143	1.88424	-0.749958	0.178684	0.908286	1.33142	-0.844565	0.0126845	0.0425291	0.970809	-1.00162	0.566912	-0.459347	1.84256	
0.00562002	0.239231	-0.95736	0.17265	-1.15901	1.3478	0.0954474	1.58359	0.665267	1.45557	-1.34484	0.287365	-0.899981	0.919414	-0.512136	1.63242	-0.626017	0.237118	0.842205	1.12136	-0.7433	0.185018	-0.0125479	1.05585	-1.31427	0.991908	-0.720319	1.84033	
0.163097	0.3494	-0.863676	0.405789	-1.25844	1.54443	-0.0473493	1.66666	0.481067	1.40143	-1.54366	0.518932	-1.25776	0.75627	-0.859594	1.5121	-0.532603	0.291888	0.815327	1.06899	-0.600146	0.40782	-0.0372338	1.1576	-1.54273	1.40495	-0.901815	1.87082	
0.268318	0.332824	-0.729247	0.58786	-1.28067	1.65626	-0.0314988	1.77002	0.49207	1.51038	-1.64849	0.648406	-1.62972	0.755592	-0.983571	1.53714	-0.459109	0.342874	0.846713	1.18401	-0.440626	0.659059	-0.0306515	1.26963	-1.66902	1.67858	-0.978274	1.91018	
0.312028	0.240919	-0.573622	0.698682	-1.22893	1.64462	0.116206	1.86464	0.662958	1.74049	-1.65627	0.636297	-1.92959	0.899457	-0.8763	1.66324	-0.405747	0.384452	0.93551	1.4212	-0.301635	0.885737	0.000558266	1.36909	-1.69126	1.71096	-0.943593	1.91742	
0.290581	0.127641	-0.433301	0.724981	-1.1215	1.49632	0.334314	1.90504	0.907697	2.00226	-1.5821	0.480835	-2.10633	1.10956	-0.567369	1.80333	-0.380706	0.407106	1.05239	1.68518	-0.218939	1.02304	0.0391036	1.4208	-1.62352	1.46203	-0.814495	1.84753	
0.211005	0.0368196	-0.340463	0.669012	-0.974558	1.23736	0.560156	1.85589	1.13494	2.19925	-1.45702	0.229358	-2.16696	1.27658	-0.117714	1.86331	-0.394755	0.399991	1.15289	1.88003	-0.212159	1.02194	0.0693544	1.39374	-1.48341	0.983284	-0.619205	1.67764	
0.0927449	-0.00973675	-0.31034	0.556033	-0.81197	0.927356	0.741772	1.70175	1.27232	2.25788	-1.31351	-0.033866	-2.13544	1.30431	0.399007	1.78584	-0.447894	0.355486	1.1911	1.93709	-0.278563	0.875091	0.0764951	1.27623	-1.28623	0.411034	-0.391266	1.42107	
-0.0394121	-0.0164262	-0.340975	0.419657	-0.651249	0.639237	0.862502	1.45937	1.30393	2.15689	-1.17547	-0.218922	-2.03273	1.1539	0.9144	1.5662	-0.531585	0.273159	1.14288	1.84632	-0.394091	0.620895	0.0574205	1.08197	-1.05418	-0.0855067	-0.155524	1.12305	
-0.162317	-0.00455051	-0.413351	0.29658	-0.507564	0.438991	0.932577	1.17429	1.25569	1.92443	-1.05474	-0.266658	-1.84505	0.853996	1.38778	1.26197	-0.628859	0.160242	1.01181	1.65026	-0.524001	0.328409	0.0192204	0.848821	-0.807644	-0.363169	0.0771799	0.849726	
-0.255314	0.00310406	-0.498032	0.212173	-0.391196	0.364664	0.979239	0.904939	1.1887	1.62686	-0.947017	-0.163083	-1.54522	0.49282	1.78162	0.962611	-0.713098	0.0340331	0.829287	1.42387	-0.631224	0.0826109	-0.0234051	0.628722	-0.57218	-0.353302	0.298468	0.665197	
-0.304356	-0.00469674	-0.559704	0.176543	-0.295054	0.415917	1.03806	0.704822	1.17275	1.34414	-0.850562	0.0559765	-1.13397	0.178964	2.07232	0.75771	-0.761573	-0.0817662	0.64913	1.25124	-0.686923	-0.0480769	-0.0498371	0.468552	-0.369232	-0.0820097	0.505117	0.607884	
-0.308518	-0.0246908	-0.582035	0.182666	-0.213699	0.553149	1.1236	0.598039	1.24292	1.13429	-0.749526	0.321509	-0.627981	0.00147316	2.25388	0.69697	-0.763732	-0.167876	0.517074	1.18123	-0.682519	-0.0361739	-0.0504448	0.389162	-0.209874	0.34234	0.689832	0.674945	
-0.278107	-0.0423857	-0.562015	0.20848	-0.128444	0.714373	1.23444	0.574216	1.39243	1.01713	-0.636334	0.561459	-0.113438	-0.00363742	2.34041	0.768878	-0.726556	-0.211455	0.456969	1.21471	-0.626114	0.0983879	-0.0222991	0.378448	-0.0908818	0.776461	0.845672	0.824444	
-0.229929	-0.0366154	-0.514559	0.23047	-0.026754	0.834789	1.34684	0.590627	1.56801	0.970645	-0.512557	0.727389	0.304026	0.141985	2.37029	0.911979	-0.67183	-0.214104	0.458815	1.30672	-0.541399	0.292629	0.0211886	0.396279	0.00114478	1.09183	0.96581	0.990475	
-0.189324	-0.00188273	-0.474546	0.223789	0.0923746	0.863772	1.42613	0.591072	1.69588	0.946615	-0.383435	0.803532	0.540617	0.372236	2.38563	1.03103	-0.634424	-0.192831	0.484795	1.38539	-0.462878	0.463894	0.0584311	0.387871	0.0783227	1.21475	1.04517	1.10443	
-0.181907	0.0501712	-0.478799	0.175765	0.215655	0.782459	1.43591	0.530353	1.70502	0.891611	-0.266975	0.802954	0.582257	0.610866	2.41648	1.04997	-0.648454	-0.171885	0.48589	1.38398	-0.422976	0.53578	0.0675828	0.311133	0.144964	1.13883	1.08182	1.12081	
-0.224138	0.0987574	-0.554066	0.0874176	0.311098	0.607054	1.35218	0.394577	1.55944	0.774519	-0.173331	0.758291	0.503871	0.801439	2.46932	0.932735	-0.729803	-0.17773	0.423469	1.26868	-0.445647	0.470402	0.0327853	0.15343	0.191309	0.919	1.07598	1.03122	
-0.316999	0.115064	-0.697707	-0.0258203	0.349767	0.38132	1.17337	0.204337	1.26871	0.592422	-0.116706	0.698784	0.419089	0.919076	2.51931	0.697711	-0.868591	-0.224008	0.287677	1.04716	-0.531885	0.276518	-0.046183	-0.0597543	0.197599	0.637928	1.03074	0.862923	
-0.446136	0.0800053	-0.888994	-0.140621	0.304204	0.160378	0.917707	0.00639976	0.883907	0.372002	-0.0913083	0.634241	0.464996	0.982898	2.53056	0.413668	-1.03042	-0.314513	0.0990635	0.767209	-0.66764	0.00195797	-0.157695	-0.276384	0.140552	0.36451	0.950348	0.666066	
-0.58314	-0.00870508	-1.08353	-0.232321	0.171967	-0.00634417	0.621637	-0.15087	0.478821	0.149617	-0.0833836	0.562304	0.699408	1.01097	2.45802	0.150618	-1.16345	-0.435842	-0.102831	0.488898	-0.821647	-0.279961	-0.281176	-0.439775	0.0145551	0.145795	0.839139	0.489261	
-0.687215	-0.12822	-1.21863	-0.277751	-0.0199446	-0.0864603	0.327095	-0.236566	0.123428	-0.0432522	-0.0790921	0.480013	1.07509	1.02668	2.26666	-0.0314675	-1.21073	-0.561242	-0.274757	0.2637	-0.947362	-0.495075	-0.393327	-0.509652	-0.163513	-0.0020368	0.699917	0.367228	
-0.723133	-0.246518	-1.24446	-0.264348	-0.227496	-0.0740727	0.0770266	-0.244052	-0.127517	-0.18331	-0.0553889	0.392469	1.44873	1.03968	1.95687	-0.108348	-1.13136	-0.661572	-0.383811	0.126075	-1.00482	-0.588525	-0.478612	-0.478874	-0.348812	-0.0784332	0.53766	0.313329	
-0.672313	-0.334071	-1.13791	-0.193125	-0.394943	0.0120022	-0.0920444	-0.19616	-0.2504	-0.266637	-0.00711603	0.322828	1.63545	1.04176	1.58134	-0.0939888	-0.919077	-0.710928	-0.42308	0.0794327	-0.96773	-0.545477	-0.530588	-0.376885	-0.48516	-0.0873774	0.368731	0.318599	
-0.540421	-0.370369	-0.919088	-0.0786258	-0.484162	0.138938	-0.154155	-0.126178	-0.24641	-0.295698	0.0504892	0.309347	1.50594	1.02686	1.24491	-0.0213227	-0.605108	-0.698187	-0.406601	0.111134	-0.840509	-0.387802	-0.553056	-0.25502	-0.534944	-0.0205954	0.221458	0.365657	
-0.359419	-0.360194	-0.647995	0.0527111	-0.485059	0.268503	-0.105737	-0.0648096	-0.143684	-0.28216	0.0798405	0.386831	1.02396	0.994533	1.0548	0.0683232	-0.25519	-0.623986	-0.362059	0.192763	-0.654275	-0.168155	-0.5566	-0.165149	-0.493624	0.135258	0.122884	0.439682	
-0.182288	-0.32732	-0.414006	0.164191	-0.42198	0.366296	0.0404103	-0.0229933	0.0276057	-0.229575	0.0393043	0.557813	0.322319	0.981287	1.09974	0.163098	0.0439409	-0.504893	-0.31325	0.305107	-0.465267	0.0475258	-0.548544	-0.139245	-0.400336	0.370094	0.0992482	0.53284	
-0.0662919	-0.305368	-0.302863	0.222436	-0.342291	0.408905	0.253555	0.00946153	0.235645	-0.137187	-0.104771	0.787817	-0.366036	1.02096	1.40368	0.263815	0.215344	-0.365241	-0.270371	0.437451	-0.336368	0.203045	-0.534972	-0.178194	-0.317402	0.649632	0.162425	0.640802	
-0.0523726	-0.319684	-0.362253	0.202116	-0.292098	0.387817	0.489885	0.0507675	0.447315	-0.0112589	-0.354954	1.00626	-0.794053	1.1415	1.91989	0.383567	0.212571	-0.230547	-0.232143	0.575661	-0.310816	0.260722	-0.514073	-0.256917	-0.309452	0.905681	0.305282	0.75748	
-0.153211	-0.38387	-0.587368	0.0934786	-0.299448	0.309812	0.705521	0.120523	0.63865	0.140132	-0.669971	1.12438	-0.783139	1.35416	2.53824	0.540938	0.0375859	-0.120813	-0.184242	0.713931	-0.400658	0.216449	-0.479408	-0.330317	-0.402685	1.0539	0.502631	0.874414	
-0.34745	-0.488161	-0.911048	-0.0921281	-0.354782	0.186165	0.861562	0.20808	0.781677	0.284488	-0.97022	1.07055	-0.319674	1.60872	3.11262	0.710789	-0.261401	-0.0519219	-0.125363	0.826746	-0.576669	0.0851255	-0.42694	-0.370453	-0.571266	1.02028	0.71631	0.960919	
-0.586153	-0.605752	-1.22386	-0.32636	-0.414981	0.03487	0.931609	0.277339	0.84874	0.379525	-1.15829	0.824379	0.456645	1.81806	3.50477	0.847654	-0.601855	-0.0318754	-0.0693059	0.878352	-0.776856	-0.101032	-0.358185	-0.372024	-0.737862	0.779632	0.906117	0.979925	
-0.806226	-0.706073	-1.40282	-0.565521	-0.421005	-0.127604	0.902208	0.278166	0.814797	0.381197	-1.14934	0.4291	1.27159	1.8899	3.60508	0.891447	-0.887182	-0.0584992	-0.0452818	0.829641	-0.922337	-0.3038	-0.284859	-0.35855	-0.796007	0.367539	1.0302	0.901291	
-0.95067	-0.761278	-1.35832	-0.764135	-0.320858	-0.289226	0.785067	0.16042	0.675276	0.261577	-0.897678	-0.0208067	1.86227	1.75335	3.39175	0.792877	-1.04003	-0.126379	-0.0920145	0.656273	-0.948257	-0.494142	-0.221487	-0.374731	-0.661326	-0.127822	1.07194	0.709022	
