-0.0513757	-0.293285	-0.414013	0.00594533	-0.180645	0.469298	0.305225	0.581761	-0.653481	0.0295568	-0.465248	0.726775	-0.52499	0.76014	-0.355158	0.927131	-0.497315	0.31263	0.518421	-0.427898	-0.164175	0.00406075	0.305339	0.898116	-0.295676	0.394265	0.00554512	0.122172	
0.236094	0.308155	-0.0928418	0.371731	0.0594307	0.400087	-0.0997843	0.0478765	-1.12029	-0.667906	-0.164567	1.00783	-0.766996	0.421174	-0.547498	-0.0734495	-0.0684155	0.461304	0.0318862	-1.11862	0.174922	0.360334	0.274778	0.637461	0.0974092	0.547383	-0.0403018	-0.0388516	
0.533995	0.759398	0.243386	0.670705	0.313145	0.3064	-0.431222	-0.448921	-1.40812	-1.21132	0.0473853	1.08202	-0.676851	0.132894	-0.665694	-0.981657	0.345705	0.574959	-0.403624	-1.56848	0.517468	0.667264	0.234455	0.340894	0.412679	0.609084	-0.0724898	-0.234238	
0.805325	0.997207	0.588897	0.867001	0.545862	0.200131	-0.630534	-0.831792	-1.52355	-1.52449	0.180764	0.926272	-0.371135	-0.0134399	-0.72351	-1.58491	0.707605	0.639125	-0.728992	-1.7272	0.83063	0.878427	0.179948	0.0577782	0.615996	0.576418	-0.0849207	-0.435121	
1.0184	1.03366	0.924212	0.958187	0.718685	0.0877096	-0.692442	-1.07156	-1.49042	-1.59432	0.284498	0.594228	-0.0453183	0.00694259	-0.761842	-1.80175	0.998466	0.645833	-0.927546	-1.61621	1.08554	0.975397	0.105324	-0.183905	0.717372	0.470096	-0.0768957	-0.618494	
1.14764	0.938583	1.21797	0.966048	0.797735	-0.0263593	-0.646459	-1.17652	-1.36519	-1.46521	0.391708	0.194405	0.171414	0.139713	-0.786833	-1.69273	1.20741	0.595368	-1.01193	-1.32324	1.25618	0.966713	0.00584614	-0.369526	0.740118	0.331588	-0.0507893	-0.762065	
1.18679	0.810637	1.43305	0.934092	0.772431	-0.13737	-0.545055	-1.17643	-1.16692	-1.19821	0.503098	-0.14404	0.109629	0.248739	-0.791436	-1.41739	1.33851	0.504055	-1.00839	-0.938835	1.33076	0.888799	-0.110487	-0.494772	0.707153	0.20948	-0.00773297	-0.860366	
1.1423	0.724059	1.52842	0.893133	0.652999	-0.247586	-0.440758	-1.1106	-0.896439	-0.857145	0.599777	-0.330611	-0.170732	0.187744	-0.76646	-1.15955	1.39477	0.390065	-0.943451	-0.538684	1.30667	0.780877	-0.230949	-0.566634	0.640679	0.121106	0.044507	-0.933288	
1.03356	0.706046	1.48411	0.85587	0.472709	-0.355594	-0.35833	-1.0036	-0.544966	-0.487217	0.635073	-0.330415	-0.569975	-0.135173	-0.688743	-1.05079	1.38141	0.277472	-0.827142	-0.162088	1.1959	0.676021	-0.331553	-0.588213	0.536604	0.0651066	0.104297	-0.999559	
0.886474	0.734418	1.31446	0.823224	0.263247	-0.455595	-0.311293	-0.86284	-0.100924	-0.12375	0.572568	-0.175258	-0.865296	-0.690179	-0.568027	-1.1009	1.30694	0.182467	-0.664192	0.184213	1.02304	0.590307	-0.396549	-0.564222	0.399382	0.0164838	0.131479	-1.07879	
0.725765	0.7584	1.06805	0.776701	0.0672757	-0.533447	-0.273837	-0.683031	0.382034	0.199135	0.398254	0.0422426	-0.908346	-1.334	-0.398199	-1.22092	1.18212	0.115533	-0.458755	0.486627	0.823693	0.518533	-0.412542	-0.497171	0.233319	-0.051539	0.11917	-1.15293	
0.57741	0.731615	0.811338	0.703665	-0.0840093	-0.573217	-0.228321	-0.459828	0.838165	0.442131	0.155251	0.226023	-0.709835	-1.84956	-0.229046	-1.25432	1.03218	0.0821901	-0.223704	0.729209	0.638418	0.448912	-0.374559	-0.394905	0.0584987	-0.155437	0.0443756	-1.19618	
0.455721	0.635851	0.602983	0.596059	-0.18043	-0.558028	-0.149674	-0.196504	1.14842	0.563597	-0.0879868	0.303578	-0.366109	-2.02757	-0.0704435	-1.08008	0.878807	0.0789387	0.0182361	0.8654	0.496024	0.367051	-0.288254	-0.269057	-0.101882	-0.28753	-0.0978923	-1.15634	
0.36855	0.490713	0.478966	0.464538	-0.212506	-0.476616	-0.031347	0.0910421	1.20558	0.531837	-0.258961	0.252981	-0.1452	-1.77012	0.0324267	-0.667662	0.744773	0.104124	0.235933	0.842055	0.41335	0.270688	-0.162264	-0.131793	-0.203975	-0.413499	-0.262522	-0.982753	
0.310714	0.339509	0.422988	0.32181	-0.203102	-0.336716	0.107131	0.376239	0.992091	0.365525	-0.309863	0.105837	-0.207675	-1.15117	0.0529387	-0.0922648	0.636376	0.146986	0.404512	0.650236	0.378477	0.166511	-0.0168011	0.00218687	-0.230411	-0.495467	-0.418071	-0.67463	
0.26661	0.218585	0.381315	0.177845	-0.170581	-0.156377	0.243791	0.633271	0.537783	0.108567	-0.244982	-0.0810517	-0.628036	-0.339858	0.0142517	0.471573	0.537535	0.194236	0.511484	0.30743	0.358619	0.065021	0.127771	0.123674	-0.19367	-0.498731	-0.484055	-0.249742	
0.221056	0.145928	0.290846	0.0415933	-0.15055	0.0316794	0.344593	0.845629	-0.0223029	-0.1488	-0.120746	-0.242383	-1.26505	0.402684	-0.0489889	0.856442	0.426066	0.232232	0.564926	-0.0994025	0.31286	-0.0182671	0.248958	0.232309	-0.129769	-0.421497	-0.450626	0.214312	
0.162157	0.105967	0.104903	-0.093446	-0.15706	0.192677	0.4016	1.00434	-0.537675	-0.318718	-0.0170896	-0.346111	-1.83442	0.868553	-0.10065	0.940533	0.27389	0.250691	0.586997	-0.465836	0.210186	-0.0774951	0.334905	0.333251	-0.0895958	-0.291081	-0.298118	0.626902	
0.0886287	0.0530299	-0.177074	-0.23999	-0.184969	0.291702	0.407119	1.10239	-0.866959	-0.340896	0.00503557	-0.395264	-2.01397	0.960078	-0.118867	0.716632	0.0701247	0.244238	0.598086	-0.691092	0.0458573	-0.116241	0.381045	0.429064	-0.109122	-0.163602	-0.0454399	0.893318	
0.0111847	-0.055009	-0.506904	-0.405832	-0.228725	0.307995	0.382018	1.12971	-0.948522	-0.218785	-0.0833102	-0.422376	-1.54436	0.741563	-0.0761419	0.281932	-0.172026	0.214208	0.611887	-0.730776	-0.15634	-0.142132	0.392297	0.515919	-0.209604	-0.094883	0.227489	0.962895	
-0.0490463	-0.236448	-0.790185	-0.577933	-0.249778	0.243134	0.345682	1.07593	-0.815523	-0.0214637	-0.250541	-0.469984	-0.471697	0.387775	0.0197895	-0.192368	-0.412816	0.172075	0.619481	-0.612118	-0.34138	-0.16551	0.381848	0.583852	-0.355753	-0.116898	0.474785	0.844561	
-0.0667105	-0.46597	-0.93364	-0.732397	-0.216085	0.112655	0.312643	0.920437	-0.562173	0.153227	-0.420876	-0.55264	0.994494	0.0801762	0.127633	-0.545358	-0.592884	0.133662	0.596754	-0.412699	-0.446829	-0.187264	0.365037	0.610793	-0.479635	-0.226438	0.624866	0.576249	
-0.0191854	-0.685052	-0.878944	-0.831945	-0.0926277	-0.0507085	0.298475	0.651018	-0.336136	0.196065	-0.495772	-0.657682	2.4024	-0.0322821	0.222286	-0.686568	-0.660145	0.118703	0.517944	-0.249177	-0.42093	-0.197912	0.359624	0.57544	-0.511663	-0.380457	0.657512	0.24054	
0.101021	-0.816077	-0.622351	-0.836557	0.124114	-0.211271	0.292608	0.275162	-0.232566	0.0704767	-0.416654	-0.73492	3.32383	0.0324621	0.276918	-0.611851	-0.585427	0.136651	0.364965	-0.195031	-0.249718	-0.181591	0.369258	0.465599	-0.38644	-0.512251	0.573746	-0.0941799	
0.278692	-0.799016	-0.221682	-0.726806	0.41477	-0.339973	0.289145	-0.174007	-0.278156	-0.198059	-0.177413	-0.726611	3.51536	0.172346	0.273998	-0.411721	-0.383871	0.183817	0.14643	-0.266687	0.036104	-0.127159	0.388249	0.283656	-0.0969823	-0.560693	0.414837	-0.386844	
0.480464	-0.620458	0.220215	-0.513536	0.738745	-0.419973	0.262538	-0.635741	-0.411056	-0.511576	0.175737	-0.593344	2.94408	0.225386	0.236941	-0.214255	-0.109221	0.24263	-0.113225	-0.410082	0.369283	-0.0345173	0.397341	0.0524491	0.313684	-0.495503	0.250331	-0.627511	
0.65946	-0.324657	0.588463	-0.242115	1.02754	-0.453905	0.207346	-1.04035	-0.525026	-0.747881	0.55246	-0.340593	1.93024	0.0540924	0.215592	-0.127786	0.159297	0.284809	-0.368583	-0.531948	0.661657	0.0814349	0.374599	-0.192589	0.754687	-0.334567	0.123417	-0.835796	
0.770814	0.00319946	0.804588	0.0275522	1.22358	-0.452877	0.122659	-1.31762	-0.503774	-0.803431	0.857339	-0.0231836	0.875642	-0.348228	0.246068	-0.195338	0.343961	0.285296	-0.574169	-0.535388	0.839097	0.192254	0.304912	-0.406235	1.12148	-0.133956	0.0723066	-1.03043	
0.78182	0.262249	0.844728	0.228299	1.29239	-0.439637	0.0154808	-1.43292	-0.279845	-0.639244	1.02263	0.267522	0.202459	-0.874907	0.352032	-0.401284	0.395262	0.226777	-0.704578	-0.371499	0.861292	0.26328	0.185147	-0.556194	1.34393	0.0318908	0.120725	-1.22381	
0.682179	0.370305	0.731424	0.307214	1.21807	-0.434882	-0.0839862	-1.38447	0.113517	-0.311233	1.03524	0.428422	0.163494	-1.30949	0.572089	-0.667144	0.303141	0.109952	-0.749986	-0.0731738	0.732255	0.26773	0.0316986	-0.626576	1.36612	0.093375	0.241795	-1.38663	
0.489084	0.299749	0.530691	0.254124	1.01643	-0.44599	-0.160183	-1.1969	0.600349	0.08911	0.919894	0.394559	0.680174	-1.4563	0.881524	-0.876319	0.103816	-0.0460028	-0.722448	0.287563	0.497465	0.197831	-0.131336	-0.616282	1.20168	0.0242813	0.385333	-1.4684	
0.241156	0.073086	0.318061	0.0860003	0.739063	-0.474974	-0.181431	-0.920177	1.06119	0.455594	0.73246	0.158204	1.4614	-1.22003	1.24926	-0.957952	-0.140992	-0.20554	-0.633683	0.62037	0.229116	0.0664715	-0.264922	-0.543091	0.908204	-0.164036	0.507013	-1.4384	
-0.00985485	-0.244981	0.144529	-0.151998	0.442423	-0.507428	-0.138908	-0.59843	1.39805	0.719141	0.526414	-0.225699	2.07018	-0.651858	1.60983	-0.86864	-0.364416	-0.329924	-0.497382	0.858936	-0.0041015	-0.0927705	-0.338349	-0.428602	0.563399	-0.416907	0.560347	-1.27027	
-0.217079	-0.574118	0.0242717	-0.406419	0.169508	-0.530313	-0.0312444	-0.267631	1.56579	0.878539	0.329162	-0.66087	2.19312	0.0228283	1.91339	-0.614397	-0.520642	-0.392469	-0.31457	0.994939	-0.161285	-0.240157	-0.335025	-0.296311	0.234403	-0.665599	0.513792	-0.987665	
-0.348961	-0.842843	-0.0580423	-0.628406	-0.0503568	-0.52869	0.120569	0.0573963	1.5793	0.981503	0.138661	-1.0373	1.7409	0.545063	2.08482	-0.232003	-0.593953	-0.383957	-0.0829023	1.06947	-0.235477	-0.341613	-0.259052	-0.161285	-0.0307944	-0.851312	0.362189	-0.648042	
-0.394687	-1.00907	-0.130628	-0.7828	-0.203279	-0.495338	0.280433	0.369646	1.50494	1.09964	-0.0543894	-1.26683	0.862137	0.689384	2.06005	0.207801	-0.597958	-0.314571	0.190612	1.14941	-0.247798	-0.378272	-0.134893	-0.030168	-0.213289	-0.943384	0.135996	-0.327388	
-0.367228	-1.07386	-0.22773	-0.866829	-0.301094	-0.43517	0.414639	0.654888	1.38787	1.26583	-0.245899	-1.31641	-0.0272109	0.369127	1.82738	0.630263	-0.568467	-0.209983	0.485152	1.26642	-0.238123	-0.351134	0.00805491	0.0910034	-0.322803	-0.950941	-0.111602	-0.094852	
-0.292937	-1.06044	-0.354428	-0.880348	-0.3545	-0.351184	0.48759	0.898061	1.27033	1.46918	-0.428241	-1.20465	-0.564463	-0.297886	1.37636	0.98088	-0.53815	-0.0978225	0.763205	1.41673	-0.241122	-0.2751	0.13806	0.204286	-0.377223	-0.901329	-0.321183	0.0240971	
-0.205033	-1.00296	-0.493439	-0.83627	-0.366333	-0.255225	0.48252	1.06281	1.1617	1.64232	-0.567357	-0.99575	-0.486755	-1.07179	0.768326	1.17824	-0.527621	-0.000299871	0.973959	1.54409	-0.272451	-0.174456	0.239025	0.30255	-0.390324	-0.832255	-0.430947	0.0311136	
-0.133165	-0.928897	-0.620894	-0.747756	-0.338285	-0.149319	0.402199	1.12565	1.04758	1.69253	-0.620085	-0.768416	0.147244	-1.64769	0.108118	1.1811	-0.539463	0.0735008	1.07674	1.57015	-0.329125	-0.0710604	0.307687	0.383399	-0.375962	-0.767081	-0.413129	-0.0170726	
-0.0991784	-0.854225	-0.722126	-0.627989	-0.277051	-0.0344227	0.277992	1.07557	0.911246	1.56197	-0.576514	-0.589413	1.07022	-1.79005	-0.452235	0.971204	-0.568407	0.12348	1.05744	1.44101	-0.397117	0.0182031	0.351608	0.443592	-0.360157	-0.708093	-0.283948	-0.0550411	
-0.108894	-0.78449	-0.791952	-0.489449	-0.187598	0.0922642	0.154984	0.935377	0.773726	1.26182	-0.458753	-0.490336	1.83975	-1.42986	-0.781166	0.578349	-0.602734	0.159881	0.943403	1.17141	-0.456631	0.0859106	0.386766	0.487152	-0.350697	-0.638258	-0.0922542	-0.0386069	
-0.153882	-0.718218	-0.841866	-0.347856	-0.0807793	0.231523	0.088727	0.761281	0.687892	0.879555	-0.323548	-0.463535	2.04083	-0.677274	-0.779601	0.0802481	-0.637486	0.192627	0.79601	0.84861	-0.496061	0.128614	0.425717	0.526422	-0.372585	-0.539721	0.0936827	0.0482922	
-0.223245	-0.665956	-0.900467	-0.232238	0.00249921	0.373361	0.110093	0.616014	0.702316	0.538486	-0.244417	-0.481558	1.5909	0.214631	-0.409553	-0.394248	-0.681336	0.216494	0.679933	0.586853	-0.526167	0.143341	0.466286	0.56568	-0.448774	-0.406245	0.189876	0.194715	
-0.294128	-0.634585	-0.977966	-0.165714	0.0347674	0.497397	0.225739	0.552844	0.844676	0.350569	-0.27624	-0.500852	0.593096	0.954317	0.234541	-0.692724	-0.73583	0.225724	0.65018	0.491259	-0.557904	0.130654	0.498711	0.610215	-0.580562	-0.253181	0.155993	0.357472	
-0.348526	-0.639363	-1.06533	-0.167563	-0.00303671	0.56918	0.403706	0.577358	1.09872	0.367269	-0.427203	-0.49243	-0.499033	1.30119	1.01056	-0.734418	-0.801523	0.203616	0.709808	0.601453	-0.602013	0.0881599	0.502446	0.644451	-0.739897	-0.11938	-0.00342885	0.480115	
-0.36789	-0.681599	-1.1261	-0.236003	-0.10772	0.560444	0.586425	0.654522	1.38827	0.545358	-0.636518	-0.444383	-1.26505	1.18909	1.69814	-0.484367	-0.858261	0.142795	0.818691	0.865343	-0.653851	0.0232534	0.462007	0.646882	-0.871228	-0.0442421	-0.232406	0.53276	
-0.340769	-0.752411	-1.11479	-0.351224	-0.242929	0.451513	0.709719	0.697334	1.58795	0.754587	-0.816879	-0.37342	-1.32175	0.715281	2.12382	-0.0207578	-0.874193	0.0432634	0.892561	1.14243	-0.69268	-0.0505792	0.36857	0.583755	-0.912333	-0.0554628	-0.418601	0.496948	
-0.262997	-0.823907	-0.985193	-0.465022	-0.356009	0.248239	0.723601	0.620791	1.62445	0.869777	-0.869823	-0.300188	-0.628986	0.069936	2.19614	0.498499	-0.81102	-0.0800342	0.846343	1.29968	-0.68482	-0.110653	0.228128	0.431089	-0.800039	-0.149867	-0.4755	0.374286	
-0.135396	-0.847625	-0.725442	-0.523483	-0.385027	-0.0157212	0.60361	0.369712	1.48044	0.796693	-0.722888	-0.23903	0.523144	-0.51209	1.90318	0.887403	-0.639168	-0.198242	0.62701	1.24621	-0.596282	-0.129597	0.0585527	0.188504	-0.51592	-0.290539	-0.344162	0.177683	
0.021729	-0.795322	-0.376937	-0.49355	-0.310997	-0.285558	0.366887	-0.0512695	1.21887	0.540959	-0.4002	-0.202451	1.71876	-0.845637	1.41268	0.992823	-0.369781	-0.290907	0.234525	0.987672	-0.424386	-0.0914013	-0.121377	-0.120982	-0.108059	-0.422214	-0.0579436	-0.0606757	
0.186804	-0.652322	-0.0093271	-0.36284	-0.141774	-0.496276	0.0710104	-0.563925	0.959143	0.198887	0.0076481	-0.180174	2.43841	-0.846414	0.884309	0.787666	-0.0393471	-0.338119	-0.261904	0.628029	-0.187824	0.00710388	-0.287858	-0.441308	0.330745	-0.483697	0.305568	-0.310989	
0.331427	-0.438007	0.286697	-0.15736	0.069802	-0.596433	-0.219446	-1.04543	0.852039	-0.0644483	0.36004	-0.157118	2.4317	-0.575927	0.526639	0.333604	0.283096	-0.340421	-0.754421	0.340701	0.0632951	0.146556	-0.429222	-0.70692	0.675466	-0.442913	0.597895	-0.55006	
0.430006	-0.196002	0.437734	0.0718316	0.235533	-0.559719	-0.442782	-1.362	0.984121	-0.097945	0.530146	-0.117911	1.69933	-0.144661	0.444902	-0.188189	0.5242	-0.312802	-1.13033	0.277042	0.263898	0.293939	-0.539988	-0.858052	0.808826	-0.303602	0.67636	-0.727936	
0.466443	0.0116872	0.410781	0.257689	0.278243	-0.402685	-0.570045	-1.4317	1.33066	0.152895	0.446395	-0.0597581	0.593369	0.297958	0.627427	-0.565856	0.629927	-0.280678	-1.31435	0.489733	0.359994	0.40862	-0.623717	-0.8689	0.671306	-0.106782	0.469381	-0.808463	
0.438793	0.121124	0.239197	0.345972	0.155544	-0.183043	-0.588768	-1.24293	1.80413	0.676478	0.121031	0.00655513	-0.447734	0.59161	1.00601	-0.658943	0.582195	-0.266875	-1.28257	0.949627	0.329612	0.455345	-0.678209	-0.750762	0.291123	0.0737719	-0.0062495	-0.778056	
0.359678	0.0953123	-0.00556475	0.312108	-0.114694	0.0243469	-0.526767	-0.862189	2.25739	1.349	-0.342214	0.0577771	-1.00475	0.668604	1.38055	-0.408968	0.408175	-0.283248	-1.07383	1.52091	0.192052	0.417794	-0.701441	-0.553177	-0.228626	0.169616	-0.629288	-0.634455	
0.24829	-0.0752192	-0.237333	0.160995	-0.467775	0.140504	-0.417263	-0.416881	2.58137	2.02703	-0.808538	0.0551957	-0.857615	0.478871	1.64211	0.103568	0.162581	-0.330927	-0.766167	2.05058	-0.00367455	0.300074	-0.687949	-0.350356	-0.746483	0.126	-1.23388	-0.422366	
0.125222	-0.369238	-0.384947	-0.0728229	-0.801034	0.11038	-0.278767	-0.0384183	2.75101	2.60592	-1.1478	-0.0309945	-0.124119	0.0574182	1.72681	0.722842	-0.0932175	-0.398361	-0.443487	2.43316	-0.193466	0.122768	-0.627251	-0.212026	-1.12736	-0.0726479	-1.62384	-0.218326	
-0.00208778	-0.742586	-0.434465	-0.350123	-1.01725	-0.0810578	-0.118857	0.185123	2.87731	3.077	-1.29689	-0.217146	0.86795	-0.548346	1.6968	1.27693	-0.3239	-0.474098	-0.158674	2.68166	-0.330021	-0.0922417	-0.5176	-0.180127	-1.29683	-0.405735	-1.69633	-0.12248	
-0.13985	-1.14847	-0.432687	-0.646495	-1.06941	-0.403691	0.0798704	0.231895	3.13821	3.51019	-1.27803	-0.512541	1.67564	-1.24691	1.70769	1.6327	-0.53104	-0.552357	0.0729432	2.89837	-0.405757	-0.326621	-0.363913	-0.255283	-1.26326	-0.82738	-1.42891	-0.195603	
-0.313184	-1.55533	-0.471371	-0.963231	-0.960254	-0.792069	0.342589	0.157079	3.70428	4.00851	-1.19061	-0.903374	1.99235	-1.88947	1.91649	1.78218	-0.756269	-0.642716	0.275366	3.23305	-0.456481	-0.583614	-0.185591	-0.401326	-1.11188	-1.28073	-0.897374	-0.450391	
-0.544107	-1.94042	-0.636382	-1.3141	-0.753853	-1.16788	0.683385	0.0578952	4.67219	4.67217	-1.15395	-1.36061	1.6872	-2.37908	2.44791	1.79306	-1.04983	-0.755957	0.494139	3.82293	-0.540759	-0.869291	-0.00561375	-0.553075	-0.965883	-1.71664	-0.26411	-0.846295	
-0.847473	-2.29722	-0.98572	-1.71871	-0.539954	-1.45833	1.09494	0.0399931	5.96242	5.49445	-1.262	-1.84774	0.924047	-2.58339	3.27693	1.78824	-1.44963	-0.903306	0.764341	4.68395	-0.720814	-1.19181	0.152832	-0.646218	-0.93309	-2.09876	0.311451	-1.264	
-1.21428	-2.62062	-1.50716	-2.17856	-0.406178	-1.61595	1.53543	0.169324	7.32435	6.34824	-1.5355	-2.31979	0.0743165	-2.44302	4.25146	1.89399	-1.94913	-1.08187	1.09348	5.69101	-1.02544	-1.54291	0.272141	-0.637744	-1.06809	-2.40774	0.689993	-1.56714	
-1.59968	-2.89765	-2.1143	-2.65285	-0.395464	-1.62373	1.94504	0.455673	8.40697	7.02413	-1.91068	-2.72758	-0.559194	-1.94409	5.12538	2.14455	-2.48426	-1.26261	1.45576	6.60651	-1.43068	-1.88385	0.354079	-0.513279	-1.34331	-2.62582	0.835345	-1.63418	
-1.93599	-3.10276	-2.66968	-3.06411	-0.487649	-1.49203	2.25404	0.856475	8.86617	7.29964	-2.27123	-3.01319	-0.748392	-1.17106	5.6084	2.5008	-2.95249	-1.39608	1.80392	7.16044	-1.85521	-2.15403	0.410304	-0.289707	-1.6661	-2.73492	0.774247	-1.41892	
-2.13567	-3.18677	-3.02977	-3.30475	-0.624291	-1.24439	2.39762	1.29129	8.47816	7.00905	-2.47436	-3.12848	-0.526014	-0.30746	5.48817	2.83019	-3.22889	-1.41866	2.08314	7.13537	-2.18358	-2.27083	0.460613	-0.00214539	-1.91091	-2.70784	0.581906	-0.955807	
-2.12523	-3.10671	-3.09016	-3.28157	-0.716496	-0.90897	2.34562	1.68386	7.21807	6.11865	-2.43311	-3.03316	-0.1041	0.478218	4.70097	2.98835	-3.21839	-1.27868	2.25371	6.45043	-2.30392	-2.16863	0.522509	0.310127	-1.98422	-2.51836	0.347113	-0.359192	
-1.86123	-2.8224	-2.81854	-2.94108	-0.704545	-0.507815	2.0862	1.97527	5.24799	4.72722	-2.12723	-2.70303	0.265614	1.00612	3.32514	2.88189	-2.8804	-0.953191	2.29251	5.17227	-2.14316	-1.81238	0.598123	0.614739	-1.85012	-2.14827	0.105806	0.225899	
-1.3491	-2.32302	-2.26559	-2.29363	-0.561123	-0.0528791	1.64863	2.1455	2.87145	3.03621	-1.61431	-2.14531	0.311954	1.19948	1.57733	2.48373	-2.24315	-0.460674	2.199	3.49134	-1.6965	-1.21988	0.67714	0.894381	-1.52875	-1.59659	-0.122526	0.687713	
-0.646191	-1.63111	-1.54113	-1.42363	-0.325394	0.441307	1.06215	2.19316	0.411544	1.2641	-0.997972	-1.40069	0.0644102	1.10199	-0.287705	1.8685	-1.39852	0.134036	1.97599	1.63706	-1.02856	-0.461356	0.726563	1.13528	-1.10379	-0.899458	-0.391064	0.975588	
0.15491	-0.796557	-0.771207	-0.456743	-0.059259	0.953307	0.371227	2.13038	-1.85193	-0.394092	-0.381408	-0.540874	-0.381656	0.858922	-2.01996	1.15487	-0.467099	0.739776	1.63059	-0.169018	-0.254323	0.357445	0.713208	1.32661	-0.658889	-0.118154	-0.725072	1.11529	
0.944657	0.0943194	-0.0607641	0.454155	0.174373	1.44573	-0.373677	1.96582	-3.76384	-1.82521	0.151578	0.337588	-0.77606	0.645327	-3.46128	0.473382	0.426037	1.26363	1.17214	-1.78315	0.4984	1.1203	0.616653	1.45192	-0.256394	0.657419	-1.12535	1.18847	
1.62375	0.949464	0.526503	1.18296	0.324935	1.86827	-1.12686	1.69497	-5.28963	-3.00659	0.581485	1.1227	-0.828335	0.607993	-4.54151	-0.101874	1.1879	1.6296	0.612223	-3.14321	1.11775	1.73085	0.432807	1.48513	0.0914012	1.33193	-1.55464	1.28986	
2.12533	1.67327	0.985426	1.65418	0.402995	2.16998	-1.82326	1.31874	-6.44372	-3.95172	0.928148	1.70825	-0.494681	0.829497	-5.2516	-0.551984	1.76924	1.80724	-0.0119855	-4.22553	1.54467	2.13343	0.191251	1.40851	0.413559	1.8248	-1.91316	1.46786	
2.42758	2.19406	1.34465	1.8589	0.447558	2.30941	-2.40293	0.845021	-7.26453	-4.68647	1.23092	2.01769	0.181848	1.2371	-5.64695	-0.920594	2.16244	1.81244	-0.64512	-5.0267	1.77773	2.32567	-0.0598277	1.2165	0.753611	2.08533	-2.11133	1.69781	
2.54968	2.46818	1.64358	1.84664	0.528034	2.27518	-2.7937	0.314309	-7.73265	-5.19126	1.52092	2.01787	0.912999	1.67352	-5.76782	-1.26729	2.38993	1.70045	-1.20347	-5.50817	1.86237	2.34548	-0.258724	0.931315	1.14117	2.10661	-2.074	1.88357	
2.54184	2.48625	1.89841	1.69544	0.684734	2.09135	-2.94493	-0.20397	-7.80384	-5.43029	1.78832	1.72587	1.4527	1.93727	-5.61816	-1.63606	2.483	1.54616	-1.596	-5.62339	1.86427	2.257	-0.351911	0.605198	1.54769	1.91973	-1.82918	1.904	
2.46332	2.28069	2.0986	1.49377	0.921091	1.8117	-2.83794	-0.631774	-7.42877	-5.35763	1.99121	1.21758	1.65495	1.89009	-5.20882	-2.02776	2.47355	1.41355	-1.75935	-5.33811	1.8412	2.12207	-0.314493	0.302582	1.90197	1.59178	-1.46019	1.66289	
2.37166	1.91673	2.21569	1.31277	1.20179	1.51256	-2.495	-0.89835	-6.63027	-4.97544	2.06873	0.610731	1.4415	1.4965	-4.5774	-2.39658	2.39146	1.35284	-1.66996	-4.68571	1.83632	1.99416	-0.146475	0.0919111	2.12183	1.21039	-1.09486	1.14714	
2.30968	1.48999	2.22225	1.20243	1.44509	1.26278	-2.00043	-0.976277	-5.52356	-4.35378	1.97969	0.038598	1.02366	0.817795	-3.79851	-2.69938	2.27099	1.37765	-1.3708	-3.7832	1.86218	1.90638	0.111133	0.0159923	2.13147	0.864538	-0.889473	0.426941	
2.29926	1.10123	2.11853	1.18355	1.58282	1.11297	-1.46557	-0.889411	-4.31849	-3.63015	1.72404	-0.375763	0.623453	0.077345	-3.00392	-2.89291	2.15051	1.47316	-0.958865	-2.82097	1.91548	1.86912	0.397519	0.079369	1.91318	0.627555	-0.920326	-0.356966	
2.35419	0.846251	1.94708	1.26191	1.57862	1.08018	-1.01055	-0.708743	-3.2847	-2.98783	1.35153	-0.539228	0.399314	-0.552886	-2.34901	-2.97882	2.08059	1.6156	-0.559079	-2.02872	1.99211	1.89091	0.652359	0.251067	1.52576	0.542449	-1.18701	-1.03406	
2.47729	0.797306	1.7849	1.43636	1.44822	1.14711	-0.739338	-0.541956	-2.64755	-2.58152	0.958413	-0.418726	0.383266	-0.897635	-1.9957	-3.01721	2.1135	1.77373	-0.300029	-1.59267	2.09302	1.97521	0.823776	0.46382	1.08869	0.620726	-1.60177	-1.47805	
2.66614	0.983633	1.72101	1.70098	1.26411	1.27289	-0.696212	-0.486238	-2.5355	-2.50337	0.654408	-0.0491621	0.405028	-0.906797	-2.01201	-3.08595	2.28413	1.92893	-0.262406	-1.5993	2.23302	2.12627	0.891071	0.646595	0.754401	0.837287	-2.01609	-1.64759	
2.90958	1.38287	1.81537	2.04157	1.11742	1.40302	-0.871092	-0.608947	-2.90131	-2.72986	0.515799	0.481217	0.268655	-0.675911	-2.38675	-3.23621	2.59479	2.06581	-0.472847	-1.99862	2.42198	2.3408	0.854622	0.737239	0.623222	1.13858	-2.27737	-1.5931	
3.18569	1.92498	2.07519	2.43021	1.08695	1.49368	-1.19272	-0.922586	-3.5723	-3.15324	0.573735	1.05066	-0.254551	-0.328402	-3.01111	-3.48005	3.0054	2.17688	-0.892902	-2.63371	2.66239	2.60387	0.739642	0.701855	0.744625	1.45828	-2.28981	-1.42179	
3.45769	2.50529	2.44739	2.82138	1.19818	1.5138	-1.56304	-1.38323	-4.28274	-3.60772	0.796543	1.53446	-1.14118	-0.0730683	-3.67158	-3.77793	3.43867	2.24899	-1.43782	-3.28563	2.92794	2.88059	0.577514	0.54073	1.06736	1.72731	-2.06346	-1.2607	
3.67027	3.00738	2.82535	3.15277	1.4173	1.45377	-1.87984	-1.91559	-4.7766	-3.9281	1.10738	1.83942	-2.17879	0.0142569	-4.17282	-4.04752	3.79313	2.25733	-2.00947	-3.75194	3.16445	3.11295	0.394663	0.276829	1.47833	1.8971	-1.67327	-1.19933	
3.76497	3.33595	3.09604	3.36284	1.6655	1.31544	-2.06239	-2.43038	-4.89498	-4.01186	1.41456	1.92545	-3.03389	-0.117528	-4.36632	-4.18685	3.97751	2.17705	-2.51512	-3.91663	3.30756	3.24059	0.210801	-0.0517045	1.84905	1.93884	-1.23613	-1.26086	
3.69223	3.44444	3.17088	3.40869	1.83498	1.11027	-2.09393	-2.85539	-4.57294	-3.80944	1.63019	1.81473	-3.30483	-0.412091	-4.22013	-4.15536	3.94058	1.98188	-2.89666	-3.74547	3.2943	3.21413	0.0233309	-0.409165	2.06373	1.86287	-0.89942	-1.40586	
3.42477	3.33497	3.01963	3.27407	1.84434	0.849919	-1.98646	-3.14467	-3.89063	-3.35179	1.70998	1.57564	-2.74793	-0.749556	-3.77693	-3.94297	3.67827	1.66027	-3.12618	-3.29866	3.09117	3.00744	-0.173188	-0.769344	2.07548	1.69425	-0.738992	-1.56506	
2.97601	3.06079	2.67651	2.98375	1.65707	0.54973	-1.79329	-3.28205	-2.98689	-2.70981	1.64097	1.30143	-1.40735	-1.03186	-3.18436	-3.59565	3.24411	1.22818	-3.20522	-2.67985	2.70586	2.63955	-0.386104	-1.11201	1.89834	1.47709	-0.763434	-1.6617	
2.39899	2.71468	2.22688	2.60255	1.30119	0.23101	-1.57493	-3.27572	-2.02785	-1.96789	1.45695	1.07932	0.30939	-1.15172	-2.60907	-3.1868	2.7278	0.730864	-3.15272	-1.99412	2.19293	2.16809	-0.611516	-1.42107	1.6217	1.26353	-0.9197	-1.6523	
1.77764	2.39534	1.777	2.21194	0.848238	-0.0809886	-1.3894	-3.14456	-1.14971	-1.20697	1.21486	0.962845	1.8901	-1.12288	-2.18044	-2.79581	2.23059	0.233864	-2.99684	-1.32033	1.63588	1.67755	-0.835612	-1.67953	1.335	1.09267	-1.11732	-1.54343	
1.20382	2.17963	1.39851	1.88674	0.387205	-0.352362	-1.27333	-2.91044	-0.424579	-0.484399	0.961549	0.965234	2.80594	-0.997347	-1.96599	-2.4599	1.82988	-0.192903	-2.76435	-0.696151	1.11886	1.25469	-1.03626	-1.86339	1.09639	0.991937	-1.27418	-1.36649	
0.755714	2.1059	1.125	1.6781	-0.0128096	-0.545577	-1.23643	-2.59255	0.103207	0.136202	0.741226	1.06349	2.71488	-0.864485	-1.93899	-2.15208	1.56579	-0.49244	-2.4839	-0.154302	0.707516	0.966266	-1.18794	-1.94822	0.920504	0.966381	-1.35406	-1.15671	
0.476895	2.16752	0.938072	1.59828	-0.326107	-0.628404	-1.28041	-2.21508	0.423474	0.598147	0.570038	1.20789	1.6926	-0.810159	-2.04427	-1.8462	1.43535	-0.638564	-2.19054	0.272204	0.426666	0.844343	-1.27788	-1.91853	0.771207	1.01228	-1.3959	-0.930711	
0.36193	2.32056	0.781857	1.62116	-0.56226	-0.583093	-1.38563	-1.80474	0.525624	0.852837	0.447778	1.35115	0.0927601	-0.872028	-2.17299	-1.47012	1.39416	-0.643117	-1.91824	0.538952	0.257819	0.873547	-1.30357	-1.77579	0.579014	1.11468	-1.45262	-0.679822	
0.364871	2.50016	0.600172	1.69294	-0.768025	-0.415911	-1.53505	-1.39972	0.401954	0.864753	0.36445	1.4654	-1.50156	-1.04391	-2.26768	-1.00066	1.38457	-0.550132	-1.70282	0.593068	0.152583	1.00661	-1.2821	-1.54662	0.291489	1.25486	-1.59839	-0.373578	
0.413328	2.65208	0.355873	1.76139	-0.986566	-0.153505	-1.71967	-1.03626	0.0778359	0.646713	0.292993	1.54505	-2.55405	-1.24682	-2.30405	-0.434435	1.35054	-0.423562	-1.57032	0.416116	0.0522417	1.176	-1.24544	-1.27464	-0.0963278	1.42207	-1.88399	0.0183575	
0.434377	2.73252	0.0612823	1.77809	-1.24484	0.159941	-1.91943	-0.74713	-0.399264	0.266078	0.218052	1.6087	-2.71486	-1.3797	-2.27418	0.159966	1.25609	-0.324943	-1.52748	0.0414323	-0.0864493	1.31449	-1.22311	-1.01219	-0.540327	1.60005	-2.30332	0.488917	
0.376718	2.72222	-0.250687	1.7172	-1.51987	0.472956	-2.09836	-0.552407	-0.936778	-0.161356	0.114275	1.6704	-1.9768	-1.35841	-2.22934	0.702751	1.08637	-0.292673	-1.55599	-0.439764	-0.277696	1.37374	-1.22887	-0.801423	-0.952291	1.7681	-2.75398	0.993981	
0.219604	2.62501	-0.533495	1.58111	-1.77272	0.746739	-2.22254	-0.441373	-1.38893	-0.493302	-0.0374596	1.7391	-0.686956	-1.10786	-2.19392	1.14406	0.846279	-0.33884	-1.61745	-0.880309	-0.509116	1.32971	-1.26185	-0.659752	-1.24232	1.91174	-3.12762	1.46555	
-0.0259166	2.44966	-0.75868	1.37857	-1.94967	0.951608	-2.251	-0.394275	-1.63085	-0.616653	-0.24431	1.7981	0.727217	-0.630923	-2.18176	1.44733	0.548327	-0.449448	-1.67062	-1.14726	-0.75278	1.18316	-1.30162	-0.583513	-1.35032	2.00585	-3.30437	1.82992	
-0.326188	2.21443	-0.937788	1.13174	-2.01923	1.08148	-2.15215	-0.375446	-1.5484	-0.46882	-0.511627	1.81672	1.79787	0.0164885	-2.15101	1.6311	0.205534	-0.59407	-1.6735	-1.13641	-0.981607	0.954712	-1.31867	-0.545589	-1.29557	2.03731	-3.21337	2.04173	
-0.643774	1.92513	-1.11268	0.847596	-1.9802	1.13643	-1.9099	-0.3575	-1.11794	-0.0712915	-0.815836	1.75931	2.24578	0.720069	-2.02354	1.73828	-0.176231	-0.740822	-1.60419	-0.833748	-1.18397	0.671023	-1.28249	-0.513689	-1.13671	1.98619	-2.86628	2.10021	
-0.950035	1.59131	-1.3403	0.535352	-1.86332	1.12426	-1.53677	-0.322232	-0.394518	0.477472	-1.12826	1.59447	2.06875	1.34542	-1.74802	1.85263	-0.594882	-0.869497	-1.46204	-0.312927	-1.36824	0.359302	-1.17819	-0.464575	-0.97832	1.85308	-2.33184	2.0481	
-1.23456	1.21756	-1.65723	0.191795	-1.72535	1.0475	-1.06574	-0.268814	0.504553	1.05775	-1.39625	1.31805	1.46689	1.74613	-1.23975	2.01459	-1.04795	-0.977569	-1.25982	0.309302	-1.55793	0.0388834	-1.00856	-0.395646	-0.920818	1.64326	-1.73812	1.94527	
-1.49709	0.823583	-2.06345	-0.183583	-1.61414	0.900566	-0.548331	-0.212999	1.43554	1.56223	-1.5719	0.955982	0.746104	1.79365	-0.493567	2.24178	-1.5205	-1.0734	-1.02044	0.905044	-1.77268	-0.274322	-0.79447	-0.325126	-1.01778	1.3625	-1.20903	1.84393	
-1.74501	0.434661	-2.50418	-0.580096	-1.56759	0.682498	-0.051822	-0.167588	2.28384	1.92813	-1.62574	0.554929	0.198634	1.46554	0.443469	2.51937	-1.98828	-1.1737	-0.765373	1.39194	-2.01799	-0.570962	-0.574031	-0.281722	-1.25602	1.03651	-0.857373	1.76674	
-1.97638	0.0732921	-2.88647	-0.985442	-1.56746	0.396684	0.37188	-0.141124	2.95578	2.15919	-1.53899	0.160965	-0.0439636	0.820559	1.46341	2.78857	-2.41775	-1.28253	-0.50865	1.7445	-2.26911	-0.842925	-0.377678	-0.286441	-1.54526	0.677145	-0.708913	1.69345	
-2.17527	-0.236974	-3.10659	-1.3692	-1.57682	0.0666712	0.703093	-0.125914	3.41614	2.31054	-1.33336	-0.182724	0.0175009	-0.000489044	2.42167	2.98121	-2.77046	-1.38971	-0.247887	2.0004	-2.47776	-1.08006	-0.223017	-0.342161	-1.78691	0.30848	-0.71949	1.57128	
-2.31464	-0.484908	-3.09918	-1.7052	-1.54017	-0.269467	0.927874	-0.100213	3.67785	2.44928	-1.05397	-0.455939	0.250028	-0.818552	3.17211	3.03974	-3.014	-1.47061	0.0170288	2.22292	-2.58857	-1.27335	-0.111389	-0.424746	-1.87188	-0.054612	-0.814226	1.35823	
-2.36447	-0.670972	-2.856	-1.96289	-1.4174	-0.556204	1.0556	-0.0379257	3.7497	2.60608	-0.766832	-0.658696	0.527126	-1.40026	3.56021	2.94138	-3.13118	-1.49407	0.283001	2.44344	-2.5591	-1.41287	-0.0286236	-0.492247	-1.76076	-0.382809	-0.900275	1.04443	
-2.30448	-0.807852	-2.42965	-2.12558	-1.19455	-0.742505	1.11127	0.0777169	3.63387	2.76188	-0.529964	-0.800753	0.759539	-1.62427	3.5336	2.68456	-3.12225	-1.43195	0.541604	2.64714	-2.3749	-1.49099	0.0522819	-0.499388	-1.47736	-0.649598	-0.904266	0.664168	
-2.13437	-0.902779	-1.93001	-2.18521	-0.895639	-0.794291	1.1122	0.251951	3.33403	2.85914	-0.383993	-0.894589	0.902063	-1.45834	3.09897	2.31292	-3.0036	-1.27196	0.775787	2.7713	-2.06082	-1.5024	0.152315	-0.411611	-1.10736	-0.834527	-0.810118	0.296296	
-1.8805	-0.955591	-1.47039	-2.14006	-0.572441	-0.704751	1.07114	0.465297	2.85018	2.80787	-0.342934	-0.93716	1.00632	-0.976905	2.32897	1.89038	-2.80515	-1.02708	0.963937	2.7199	-1.67623	-1.44645	0.280413	-0.228852	-0.768043	-0.90797	-0.640337	0.0307441	
-1.58921	-0.957148	-1.14846	-2.00067	-0.283472	-0.500831	0.985954	0.689042	2.21877	2.55303	-0.387323	-0.921787	1.06714	-0.35745	1.39401	1.4801	-2.56164	-0.730576	1.09047	2.42888	-1.2963	-1.32933	0.428717	0.0219396	-0.54803	-0.865781	-0.463275	-0.0590501	
-1.31092	-0.884107	-0.996207	-1.7771	-0.0771829	-0.236969	0.859117	0.878101	1.50242	2.08851	-0.468327	-0.831183	1.0946	0.177854	0.470568	1.12854	-2.30141	-0.429544	1.14631	1.88646	-0.986472	-1.15993	0.576374	0.282517	-0.490058	-0.714949	-0.333212	0.0412691	
-1.08582	-0.719237	-0.990374	-1.48984	0.023955	0.0208549	0.686382	0.998172	0.820248	1.47651	-0.541711	-0.658156	1.06147	0.425881	-0.251894	0.870912	-2.04324	-0.170397	1.13536	1.17122	-0.784952	-0.95461	0.695964	0.493025	-0.56232	-0.487796	-0.314507	0.277512	
-0.931459	-0.469406	-1.06493	-1.16045	0.030147	0.219725	0.475817	1.0293	0.272522	0.818527	-0.566321	-0.429993	0.915635	0.331395	-0.672851	0.715132	-1.79908	0.0145416	1.0649	0.404011	-0.691665	-0.733134	0.764582	0.607989	-0.684324	-0.226664	-0.402289	0.561885	
-0.834716	-0.165116	-1.12702	-0.817277	-0.0195657	0.325555	0.257172	0.966765	-0.0579695	0.229858	-0.519759	-0.187629	0.648107	-0.0960486	-0.739261	0.64734	-1.56584	0.117262	0.949133	-0.267885	-0.667931	-0.515696	0.777869	0.609161	-0.757165	0.0163585	-0.566146	0.77622	
-0.763419	0.137415	-1.11157	-0.492962	-0.0871982	0.337525	0.0578978	0.830837	-0.137056	-0.195364	-0.418208	0.00890804	0.312014	-0.700486	-0.476046	0.643256	-1.33561	0.149153	0.798257	-0.723521	-0.659078	-0.32352	0.740303	0.515631	-0.702742	0.194734	-0.765207	0.834145	
-0.672018	0.381875	-0.979217	-0.210974	-0.136463	0.281387	-0.098885	0.637732	-0.0134504	-0.437622	-0.281601	0.107037	0.0548401	-1.27505	-0.0270258	0.653413	-1.09336	0.139488	0.609683	-0.925693	-0.609131	-0.164396	0.669257	0.364297	-0.498127	0.293641	-0.949904	0.699473	
-0.525161	0.518359	-0.74159	0.00826798	-0.146479	0.197772	-0.193685	0.415357	0.217924	-0.51589	-0.152459	0.0771894	0.00139836	-1.63499	0.468569	0.639951	-0.828296	0.124219	0.388716	-0.901155	-0.482177	-0.0402948	0.588718	0.207699	-0.188112	0.311408	-1.09698	0.397759	
-0.307797	0.535604	-0.437358	0.157524	-0.116236	0.124573	-0.229205	0.180798	0.424404	-0.505993	-0.0474134	-0.0707635	0.240712	-1.68555	0.847795	0.586663	-0.534025	0.131067	0.134704	-0.75314	-0.272171	0.059743	0.514802	0.08341	0.139761	0.269153	-1.18029	0.00832054	
-0.0301449	0.465157	-0.113359	0.246005	-0.0518485	0.0876955	-0.21912	-0.0490998	0.530336	-0.472575	0.0141136	-0.288394	0.716981	-1.44072	1.01004	0.489272	-0.211447	0.175294	-0.133485	-0.575922	-0.00176706	0.151189	0.457626	0.0118038	0.389436	0.197791	-1.21999	-0.383053	
0.271617	0.357674	0.179678	0.28831	0.0343116	0.0958115	-0.189516	-0.261028	0.490647	-0.469518	0.0281124	-0.510604	1.2558	-0.990482	0.929278	0.360548	0.119818	0.254997	-0.390903	-0.456051	0.285985	0.248589	0.416961	-0.00984619	0.491292	0.124464	-1.21655	-0.684843	
0.553072	0.276032	0.42333	0.301508	0.139101	0.13409	-0.156568	-0.45069	0.333187	-0.510966	0.0261704	-0.676612	1.63648	-0.513517	0.660889	0.212023	0.433607	0.355121	-0.603674	-0.420589	0.546581	0.359529	0.390413	-0.00615059	0.442568	0.0606799	-1.17045	-0.862111	
0.771853	0.255315	0.611987	0.296485	0.267824	0.18174	-0.122777	-0.601473	0.142822	-0.562728	0.0214377	-0.751647	1.64033	-0.163056	0.323921	0.0631703	0.69618	0.456462	-0.732159	-0.431469	0.746694	0.476519	0.377694	0.00112063	0.291909	0.00126876	-1.06155	-0.925406	
0.900364	0.289946	0.747756	0.274592	0.419438	0.216988	-0.0734754	-0.702418	-0.00751406	-0.592813	0.0355203	-0.746389	1.19321	-0.0315984	0.0461207	-0.0773001	0.872194	0.540925	-0.751007	-0.434899	0.866656	0.58324	0.383902	-0.00425845	0.125324	-0.0678679	-0.864247	-0.914817	
0.931025	0.327899	0.829839	0.229053	0.593665	0.227367	0.0199338	-0.735414	-0.0419408	-0.548706	0.0613678	-0.707785	0.390529	-0.129681	-0.0726199	-0.217054	0.935396	0.598017	-0.645797	-0.355523	0.906642	0.652996	0.418857	-0.019921	0.0269397	-0.1671	-0.562188	-0.88436	
0.873923	0.297096	0.842524	0.146101	0.763742	0.212393	0.183842	-0.686864	0.0499404	-0.413541	0.0818725	-0.685685	-0.513028	-0.370736	0.0170933	-0.346287	0.873909	0.623334	-0.425363	-0.159942	0.872734	0.663235	0.489415	-0.029671	0.0305029	-0.302481	-0.170554	-0.876624	
0.756205	0.141352	0.779844	0.0246366	0.902082	0.179658	0.426271	-0.555369	0.254699	-0.183484	0.0783592	-0.727273	-1.20128	-0.644617	0.281584	-0.478143	0.701651	0.620234	-0.117259	0.157601	0.780625	0.602507	0.595164	-0.012101	0.1334	-0.464166	0.259719	-0.920351	
0.608067	-0.160085	0.623726	-0.125633	0.973196	0.146389	0.727944	-0.34578	0.5165	0.116917	0.0221409	-0.84015	-1.44935	-0.842408	0.630647	-0.596529	0.449197	0.59738	0.240311	0.552378	0.642603	0.478567	0.725117	0.0531962	0.26239	-0.62304	0.651603	-0.998579	
0.453283	-0.569015	0.381736	-0.285218	0.946663	0.123445	1.04293	-0.080792	0.776244	0.45508	-0.085897	-0.995993	-1.16582	-0.899195	0.957689	-0.677787	0.159127	0.558547	0.605299	0.960498	0.466773	0.31193	0.8538	0.168383	0.340159	-0.750649	0.924333	-1.0876	
0.310517	-1.0011	0.0847402	-0.422096	0.820249	0.119589	1.30743	0.214773	1.00815	0.801794	-0.242194	-1.13661	-0.477148	-0.805753	1.15906	-0.694516	-0.120421	0.509065	0.941767	1.32526	0.266997	0.132305	0.950874	0.323986	0.298672	-0.820393	1.01983	-1.1542	
0.18741	-1.35618	-0.218575	-0.514846	0.60896	0.134842	1.46536	0.509743	1.19126	1.12667	-0.418356	-1.1982	0.343103	-0.608519	1.19829	-0.617607	-0.354882	0.451769	1.22578	1.60225	0.0561771	-0.0315533	0.993176	0.497218	0.115556	-0.823796	0.915319	-1.1717	
0.0820999	-1.56541	-0.470079	-0.555921	0.355065	0.158188	1.4805	0.771591	1.34401	1.41672	-0.573189	-1.15602	1.0597	-0.38625	1.10663	-0.449945	-0.528985	0.383656	1.43945	1.78482	-0.146664	-0.16795	0.96658	0.655836	-0.16287	-0.781974	0.653056	-1.14187	
-0.00988877	-1.61026	-0.628537	-0.560352	0.104889	0.182285	1.35662	0.980804	1.48158	1.65392	-0.677707	-1.00964	1.46688	-0.18118	0.954292	-0.194134	-0.645425	0.305031	1.57861	1.88393	-0.323293	-0.276843	0.877392	0.776508	-0.461744	-0.719725	0.299308	-1.06872	
-0.0935043	-1.54545	-0.66434	-0.562323	-0.0876592	0.192905	1.14311	1.12133	1.61277	1.82708	-0.709522	-0.814664	1.53743	-0.0221798	0.863083	0.0994827	-0.725913	0.218525	1.64728	1.92964	-0.452181	-0.374526	0.753216	0.844128	-0.667198	-0.679162	-0.0351419	-0.984677	
-0.170655	-1.46809	-0.594805	-0.5991	-0.191324	0.182518	0.912728	1.19117	1.73182	1.92502	-0.674902	-0.643608	1.40424	0.0976636	0.914306	0.379594	-0.796801	0.129909	1.65484	1.95035	-0.522917	-0.4777	0.628665	0.858833	-0.711187	-0.68453	-0.270294	-0.907815	
-0.242568	-1.47147	-0.456894	-0.698504	-0.198422	0.145038	0.744037	1.1921	1.82022	1.94268	-0.590258	-0.556407	1.2656	0.207823	1.14587	0.604061	-0.880348	0.0444682	1.61491	1.96633	-0.536807	-0.59772	0.536637	0.826941	-0.563905	-0.743709	-0.349212	-0.854748	
-0.300401	-1.61347	-0.297477	-0.854799	-0.109714	0.0801133	0.695763	1.12942	1.85842	1.88007	-0.48239	-0.58589	1.27907	0.350622	1.50362	0.735951	-0.978914	-0.0262755	1.54011	1.98188	-0.499664	-0.727202	0.501414	0.761439	-0.265339	-0.838777	-0.245138	-0.834489	
-0.332618	-1.87696	-0.162589	-1.03685	0.0534907	-0.00603329	0.78057	1.01543	1.83238	1.73917	-0.372427	-0.708762	1.44825	0.504131	1.86716	0.793882	-1.07677	-0.0700958	1.44616	1.98268	-0.426146	-0.839725	0.528539	0.676499	0.106377	-0.932392	0.0117929	-0.833277	
-0.330721	-2.18567	-0.0740952	-1.1858	0.271664	-0.106377	0.974623	0.859195	1.74448	1.53569	-0.271028	-0.872018	1.66476	0.641266	2.11154	0.784867	-1.14862	-0.0800424	1.34379	1.94876	-0.332107	-0.903599	0.605503	0.579615	0.463741	-0.990442	0.393889	-0.844837	
-0.286657	-2.41586	-0.0318604	-1.23441	0.507256	-0.205895	1.20331	0.67766	1.61452	1.28322	-0.177235	-0.990852	1.76399	0.72565	2.10721	0.736396	-1.16158	-0.0557512	1.23644	1.85582	-0.232505	-0.887904	0.696883	0.477916	0.719218	-0.974515	0.810932	-0.848533	
-0.199079	-2.4646	-0.00353906	-1.1374	0.743844	-0.291349	1.39309	0.484601	1.45551	0.995623	-0.0710167	-1.00087	1.55675	0.713405	1.82142	0.647239	-1.09538	-0.000599133	1.12418	1.68353	-0.129929	-0.782505	0.771945	0.37439	0.851712	-0.871994	1.2179	-0.839629	
