-0.713884	-1.10129	-0.226694	-0.7001	-0.422483	-0.358914	-0.556622	0.07916	0.111253	0.786889	1.08055	0.728462	1.08371	1.20779	0.0536619	1.42165	-0.830331	-0.148082	-0.600819	0.503339	-0.485599	-0.612435	-0.571407	-0.172154	0.385307	-0.284521	-0.0317425	0.375306	
-0.478422	-0.531526	-0.074748	-0.188833	-0.410348	-0.222571	-0.7531	-0.349025	-0.307311	0.104024	1.24714	1.35223	1.28994	1.48306	-0.129427	0.755196	-0.515191	-0.0961407	-0.854958	-0.0589232	-0.373106	-0.296246	-0.66243	-0.221119	0.397134	0.0764802	-0.0792838	-0.102506	
-0.1687	0.071232	0.239019	0.274037	-0.229599	-0.0805241	-0.887337	-0.709737	-0.714298	-0.572328	1.27575	1.51969	1.385	1.25563	-0.32571	0.109882	-0.125282	-0.0307317	-1.0683	-0.615139	-0.121208	0.02456	-0.666019	-0.279412	0.545293	0.371188	-0.0463929	-0.430575	
0.170754	0.598237	0.634688	0.613722	0.0603584	0.0633634	-0.965044	-0.923375	-1.08688	-1.14224	1.22743	1.22475	1.358	0.593382	-0.528567	-0.390583	0.27982	0.0520472	-1.21373	-1.10488	0.216326	0.305078	-0.595246	-0.312537	0.798449	0.551909	0.0391561	-0.524395	
0.489411	0.977546	0.997231	0.803399	0.363234	0.195434	-0.996232	-0.977356	-1.40142	-1.54985	1.17541	0.632293	1.21426	-0.216346	-0.717986	-0.702694	0.642182	0.149008	-1.27582	-1.48379	0.556852	0.514431	-0.479843	-0.298936	1.07236	0.614068	0.132883	-0.429727	
0.749259	1.197	1.24271	0.871058	0.593062	0.297848	-0.991592	-0.911534	-1.63844	-1.78452	1.13116	0.0111565	0.977557	-0.894913	-0.869746	-0.852323	0.924572	0.248912	-1.25606	-1.72797	0.826607	0.648841	-0.352716	-0.235867	1.28168	0.57918	0.189668	-0.254594	
0.937711	1.29492	1.32941	0.889312	0.684981	0.355425	-0.962481	-0.805231	-1.78497	-1.87277	1.10307	-0.379613	0.684433	-1.22088	-0.964657	-0.927909	1.11787	0.330723	-1.17716	-1.83276	0.975539	0.725021	-0.250599	-0.145015	1.35183	0.513032	0.17509	-0.144334	
1.0706	1.34626	1.28456	0.9284	0.62613	0.359343	-0.914324	-0.729334	-1.82177	-1.8474	1.04754	-0.402849	0.375346	-1.18412	-0.989402	-1.00913	1.24218	0.374604	-1.06639	-1.80284	0.999182	0.7715	-0.195871	-0.0588299	1.25334	0.455245	0.0774079	-0.189402	
1.17134	1.41602	1.15428	1.03338	0.449506	0.318938	-0.848916	-0.718774	-1.73704	-1.74822	0.95592	-0.0870872	0.0726824	-0.940022	-0.94353	-1.1426	1.32081	0.36344	-0.951669	-1.65575	0.921999	0.815447	-0.194199	-0.00913382	1.01437	0.437239	-0.0855927	-0.382854	
1.26668	1.53759	1.01421	1.20733	0.207938	0.250675	-0.770606	-0.761339	-1.52789	-1.58893	0.790998	0.396465	-0.214723	-0.679966	-0.845862	-1.30222	1.3816	0.295145	-0.849474	-1.41143	0.78999	0.871487	-0.238546	-0.0132116	0.68259	0.459412	-0.290041	-0.657898	
1.35943	1.69693	0.894538	1.4015	-0.040661	0.181741	-0.676945	-0.798721	-1.20656	-1.36466	0.574716	0.835171	-0.489734	-0.639839	-0.714152	-1.41358	1.42448	0.178545	-0.754806	-1.09626	0.641095	0.934079	-0.305623	-0.0622565	0.312975	0.493331	-0.497477	-0.867283	
1.42249	1.83588	0.76106	1.52878	-0.258499	0.128545	-0.558703	-0.762931	-0.792025	-1.05753	0.36935	1.02689	-0.758547	-0.841794	-0.55695	-1.38053	1.41938	0.0335132	-0.641105	-0.727642	0.485845	0.973755	-0.365115	-0.127209	-0.0644986	0.488772	-0.668291	-0.912925	
1.41237	1.87755	0.576936	1.51686	-0.420545	0.103047	-0.410112	-0.598798	-0.325778	-0.666747	0.175384	0.913667	-1.02834	-1.21648	-0.385102	-1.13031	1.32635	-0.115414	-0.477504	-0.335733	0.320802	0.956787	-0.388383	-0.170335	-0.421613	0.422446	-0.774703	-0.736337	
1.27855	1.75313	0.28033	1.31128	-0.530677	0.103155	-0.221989	-0.289685	0.150651	-0.199126	0.0196701	0.54951	-1.28621	-1.55584	-0.197355	-0.653761	1.10057	-0.246183	-0.234893	0.0627877	0.122695	0.849835	-0.355303	-0.157125	-0.76966	0.277674	-0.798927	-0.363152	
0.9933	1.43663	-0.149055	0.910907	-0.596492	0.108392	0.0123458	0.127279	0.602882	0.324407	-0.122728	0.0883887	-1.49197	-1.65044	0.0167712	-0.0168034	0.723761	-0.34588	0.0935575	0.459832	-0.123659	0.633768	-0.259642	-0.0776352	-1.11311	0.0621954	-0.735961	0.0889184	
0.559533	0.942579	-0.674626	0.354739	-0.61292	0.0968592	0.294598	0.582421	1.00968	0.853138	-0.290874	-0.317897	-1.6092	-1.40068	0.272468	0.660425	0.209189	-0.413371	0.488609	0.846539	-0.412299	0.313039	-0.105634	0.053228	-1.42076	-0.20384	-0.582147	0.507154	
0.028238	0.33836	-1.19919	-0.275396	-0.576347	0.0408996	0.610043	0.985487	1.37031	1.34501	-0.530663	-0.578835	-1.58494	-0.824403	0.575928	1.24367	-0.38222	-0.458762	0.901796	1.22702	-0.71161	-0.0834702	0.0835533	0.191477	-1.6544	-0.49318	-0.351389	0.762956	
-0.518356	-0.278422	-1.59444	-0.878207	-0.484998	-0.0646639	0.923944	1.26086	1.68744	1.75364	-0.863097	-0.668245	-1.39226	-0.124757	0.915445	1.62345	-0.961706	-0.501932	1.26188	1.58882	-0.97278	-0.503944	0.271331	0.285434	-1.76031	-0.75958	-0.06996	0.825352	
-0.987886	-0.804902	-1.76605	-1.37228	-0.340461	-0.22024	1.19712	1.36096	1.97099	2.04769	-1.22727	-0.681676	-1.02584	0.464016	1.27318	1.7556	-1.43363	-0.554942	1.50224	1.91699	-1.1474	-0.890496	0.424429	0.29014	-1.69545	-0.993469	0.235739	0.702827	
-1.30151	-1.16276	-1.65387	-1.68763	-0.163545	-0.40601	1.37363	1.27547	2.20307	2.20194	-1.55422	-0.702016	-0.523669	0.749147	1.60326	1.66312	-1.71532	-0.622893	1.56385	2.1697	-1.20167	-1.18565	0.506343	0.181752	-1.42949	-1.16258	0.519221	0.462251	
-1.41672	-1.30854	-1.29162	-1.7965	0.00633252	-0.594167	1.41155	1.03034	2.35439	2.21083	-1.73005	-0.787192	0.0460982	0.679858	1.85969	1.42234	-1.76797	-0.698615	1.42634	2.30267	-1.13489	-1.34721	0.495654	-0.029592	-1.00556	-1.25684	0.738138	0.181161	
-1.33478	-1.24662	-0.785934	-1.70492	0.128123	-0.753501	1.2893	0.675599	2.38492	2.08807	-1.63901	-0.939806	0.601293	0.333215	1.9981	1.12606	-1.60344	-0.764394	1.10539	2.28237	-0.978022	-1.35847	0.389865	-0.305688	-0.497107	-1.26394	0.857274	-0.08401	
-1.09738	-1.02327	-0.275056	-1.44925	0.172099	-0.84998	1.01555	0.278562	2.25752	1.84459	-1.2367	-1.09002	1.04937	-0.121808	1.9922	0.862713	-1.28134	-0.801145	0.648966	2.08755	-0.781431	-1.22826	0.205047	-0.587658	0.00464913	-1.17902	0.8606	-0.277158	
-0.764834	-0.704296	0.120137	-1.08366	0.132924	-0.867281	0.630864	-0.0998128	1.96356	1.51174	-0.569201	-1.14501	1.33057	-0.482709	1.83979	0.676114	-0.882643	-0.791319	0.129462	1.73875	-0.592541	-0.987628	-0.0246529	-0.820376	0.40409	-1.01399	0.753331	-0.401452	
-0.405756	-0.369242	0.32524	-0.67633	0.0264582	-0.793786	0.197771	-0.400587	1.53345	1.1424	0.243924	-1.03776	1.41715	-0.649672	1.56682	0.5741	-0.497455	-0.7307	-0.376612	1.30022	-0.448086	-0.685868	-0.257915	-0.959119	0.634489	-0.791596	0.558821	-0.440448	
-0.0752463	-0.0772898	0.32386	-0.287211	-0.100244	-0.634659	-0.207081	-0.582484	1.04092	0.78684	1.03974	-0.768634	1.315	-0.66004	1.23007	0.530766	-0.195935	-0.628952	-0.799784	0.856234	-0.358904	-0.374943	-0.449612	-0.986793	0.668061	-0.542245	0.327033	-0.388548	
0.192687	0.131874	0.17705	0.0347467	-0.202495	-0.407658	-0.525606	-0.623368	0.581362	0.509254	1.63013	-0.406479	1.05429	-0.643209	0.887533	0.513759	-0.00951419	-0.509018	-1.09429	0.502906	-0.312842	-0.102194	-0.570364	-0.91477	0.539404	-0.295499	0.0974611	-0.235238	
0.38685	0.257442	-0.0367528	0.255365	-0.253132	-0.146136	-0.718367	-0.522888	0.257428	0.368768	1.86696	-0.0643105	0.689936	-0.735621	0.599556	0.507557	0.0644667	-0.401658	-1.23518	0.320076	-0.289497	0.0983076	-0.606846	-0.774046	0.278021	-0.0922238	-0.0937136	0.0195481	
0.509087	0.318292	-0.227855	0.365325	-0.244337	0.102482	-0.777311	-0.315632	0.133596	0.392055	1.72275	0.143324	0.287513	-1.02544	0.403119	0.496663	0.0621693	-0.327959	-1.22291	0.339719	-0.264646	0.212268	-0.563335	-0.609366	-0.0477477	0.0403876	-0.226089	0.323779	
0.562928	0.341681	-0.354229	0.369403	-0.197349	0.289776	-0.718858	-0.0502385	0.224786	0.576595	1.26613	0.155568	-0.100332	-1.46715	0.315491	0.495202	0.0257305	-0.299738	-1.07525	0.544073	-0.232335	0.238325	-0.461669	-0.458966	-0.380463	0.0782558	-0.298889	0.611437	
0.555219	0.359916	-0.400832	0.29848	-0.143949	0.375132	-0.576962	0.209648	0.489552	0.870914	0.626515	-0.00482007	-0.432399	-1.91082	0.321818	0.51143	-0.0026836	-0.311874	-0.821634	0.863097	-0.195478	0.196593	-0.331437	-0.350513	-0.682631	0.0260671	-0.32155	0.783102	
0.489865	0.378598	-0.388021	0.176211	-0.113495	0.332611	-0.387779	0.40306	0.849802	1.21078	-0.0157264	-0.268542	-0.679636	-2.13994	0.395051	0.544123	-0.00346793	-0.346067	-0.500615	1.21752	-0.168236	0.106313	-0.201166	-0.296582	-0.916358	-0.114427	-0.308864	0.744884	
0.373154	0.394097	-0.357624	0.0296961	-0.11357	0.172592	-0.180075	0.498831	1.21724	1.51118	-0.508272	-0.540493	-0.834661	-2.02745	0.501926	0.592126	0.0180983	-0.383157	-0.153071	1.52483	-0.167457	-0.00872564	-0.091291	-0.289294	-1.07006	-0.323036	-0.266279	0.480649	
0.21486	0.38227	-0.326568	-0.120159	-0.13246	-0.0677292	0.0220697	0.490522	1.51783	1.70403	-0.782448	-0.739766	-0.901345	-1.54599	0.611162	0.637544	0.0429208	-0.405655	0.176406	1.73544	-0.196336	-0.128349	-0.0145458	-0.312564	-1.11826	-0.567281	-0.204405	0.028697	
0.0300832	0.31862	-0.319381	-0.269378	-0.146759	-0.325054	0.205552	0.414609	1.72208	1.76726	-0.863721	-0.846891	-0.902915	-0.803103	0.707786	0.679187	0.0389778	-0.406435	0.454541	1.85041	-0.252879	-0.239574	0.0302053	-0.340116	-1.07767	-0.816971	-0.1284	-0.480169	
-0.16237	0.190934	-0.330038	-0.40515	-0.133441	-0.526972	0.356689	0.320293	1.83615	1.70942	-0.832437	-0.880002	-0.862572	-0.0501464	0.785592	0.707605	-0.0147972	-0.390111	0.655038	1.89741	-0.32303	-0.328969	0.0500231	-0.351231	-0.965607	-1.01628	-0.0463166	-0.889785	
-0.344536	0.00713375	-0.351583	-0.520952	-0.0887991	-0.614083	0.460076	0.265065	1.89438	1.58792	-0.827812	-0.87548	-0.825622	0.482266	0.844666	0.732109	-0.122765	-0.367028	0.768966	1.92767	-0.390225	-0.388938	0.0542057	-0.326494	-0.821391	-1.12223	0.0180668	-1.05471	
-0.501704	-0.198172	-0.381764	-0.607799	-0.0310763	-0.560272	0.504359	0.293648	1.93835	1.47324	-0.960308	-0.879206	-0.828007	0.63104	0.883073	0.779423	-0.270567	-0.347717	0.81156	1.98378	-0.442864	-0.411043	0.0552459	-0.25405	-0.709049	-1.10836	0.0421059	-0.903988	
-0.623853	-0.379515	-0.420707	-0.652083	0.00934612	-0.388235	0.488111	0.402632	1.99085	1.42653	-1.26145	-0.896946	-0.890571	0.412143	0.899998	0.838828	-0.421932	-0.331933	0.811854	2.08251	-0.471184	-0.389252	0.0655999	-0.137718	-0.683925	-0.975994	0.00463529	-0.507852	
-0.705832	-0.487948	-0.476375	-0.637963	0.0080455	-0.146349	0.42158	0.565494	2.03996	1.46437	-1.68266	-0.909462	-1.02717	-0.0637641	0.880769	0.895376	-0.531982	-0.305372	0.811514	2.1969	-0.470327	-0.316709	0.0976595	0.0165991	-0.78308	-0.750554	-0.101185	-0.00164523	
-0.744405	-0.496707	-0.543086	-0.560585	-0.0371339	0.0934723	0.334079	0.726176	2.05624	1.5556	-2.10685	-0.886193	-1.22416	-0.603958	0.816017	0.904468	-0.56148	-0.24789	0.845673	2.27618	-0.43364	-0.193803	0.161923	0.19068	-0.995712	-0.489655	-0.257945	0.422575	
-0.732889	-0.409122	-0.603585	-0.4344	-0.0967973	0.264189	0.266952	0.826064	2.0022	1.62589	-2.3972	-0.81836	-1.44724	-1.02765	0.708158	0.813884	-0.48429	-0.13528	0.933453	2.26168	-0.350139	-0.0293822	0.267782	0.361983	-1.27052	-0.272461	-0.42236	0.599317	
-0.664458	-0.259009	-0.62147	-0.290534	-0.118419	0.326836	0.260621	0.823763	1.85644	1.59151	-2.44499	-0.734185	-1.63448	-1.27636	0.574177	0.586063	-0.302115	0.0383472	1.06719	2.11295	-0.211576	0.156628	0.416134	0.503677	-1.51509	-0.172235	-0.533015	0.463481	
-0.537443	-0.0961125	-0.557581	-0.159526	-0.0499247	0.290593	0.33535	0.710626	1.62117	1.37948	-2.22507	-0.671756	-1.73676	-1.40625	0.441165	0.212444	-0.0383981	0.260113	1.2089	1.81725	-0.0147325	0.340988	0.592273	0.594202	-1.63435	-0.213975	-0.542948	0.0801425	
-0.363031	0.0190676	-0.396104	-0.0850679	0.136602	0.188437	0.488135	0.514461	1.33799	0.975575	-1.7913	-0.704769	-1.70487	-1.5292	0.351653	-0.247521	0.254861	0.495401	1.30984	1.41246	0.226207	0.491163	0.771789	0.617136	-1.55709	-0.395076	-0.420179	-0.396699	
-0.16622	0.0406191	-0.149299	-0.0964939	0.425121	0.0666715	0.691549	0.281549	1.07864	0.449294	-1.27021	-0.867834	-1.51812	-1.77063	0.353943	-0.700989	0.516929	0.691311	1.32345	0.983319	0.476467	0.576824	0.922334	0.562832	-1.27579	-0.670353	-0.168408	-0.78663	
0.00975249	-0.0543643	0.137528	-0.202842	0.754525	-0.0324534	0.8965	0.0696619	0.917469	-0.0742333	-0.817048	-1.16111	-1.19206	-2.17916	0.476659	-1.02489	0.68928	0.797568	1.22535	0.631551	0.68753	0.575888	1.00904	0.437269	-0.835255	-0.967822	0.167257	-0.941717	
0.117292	-0.262379	0.381198	-0.405625	1.03222	-0.102382	1.06019	-0.0703754	0.931427	-0.417354	-0.542935	-1.53683	-0.778865	-2.68495	0.729891	-1.09953	0.721035	0.771875	1.03139	0.473614	0.800422	0.474544	1.00733	0.257482	-0.348552	-1.24153	0.519446	-0.818175	
0.117795	-0.557018	0.496942	-0.683614	1.17536	-0.167804	1.16211	-0.118813	1.16369	-0.429355	-0.48221	-1.91349	-0.35513	-3.13221	1.10163	-0.872896	0.59555	0.604436	0.791425	0.591744	0.774863	0.276707	0.914092	0.0453931	0.0524225	-1.46236	0.818497	-0.507894	
-0.00679156	-0.901811	0.424526	-1.01074	1.13735	-0.266055	1.20864	-0.073548	1.62197	-0.0127136	-0.606861	-2.22404	-0.00920944	-3.36457	1.54756	-0.363296	0.323917	0.31644	0.580949	1.03011	0.598983	0.00222314	0.749158	-0.167771	0.251345	-1.64507	1.01363	-0.154451	
-0.242895	-1.25396	0.156172	-1.35492	0.930351	-0.428808	1.22975	0.0436758	2.27492	0.82708	-0.820668	-2.4239	0.163424	-3.2918	2.00803	0.330855	-0.0482296	-0.0443632	0.470356	1.77213	0.301086	-0.314674	0.549892	-0.355192	0.18919	-1.82274	1.08318	0.0719186	
-0.54601	-1.582	-0.255467	-1.69461	0.624539	-0.66499	1.26651	0.201164	3.05323	1.96795	-1.02646	-2.53632	0.123363	-2.92341	2.42422	1.0655	-0.454655	-0.412748	0.503247	2.73505	-0.0517927	-0.634733	0.36438	-0.495276	-0.113995	-2.04522	1.04631	0.062107	
-0.851371	-1.85313	-0.718951	-2.00038	0.313704	-0.938492	1.3398	0.373478	3.85797	3.22186	-1.15128	-2.59418	-0.13943	-2.41567	2.73823	1.69983	-0.823151	-0.733761	0.675787	3.78901	-0.382436	-0.914641	0.228188	-0.576324	-0.58548	-2.32207	0.937429	-0.17467	
-1.0979	-2.03597	-1.12692	-2.23118	0.080421	-1.17574	1.43397	0.539451	4.56789	4.35665	-1.18651	-2.63549	-0.572198	-1.94699	2.90503	2.13076	-1.09001	-0.967748	0.930005	4.76295	-0.623058	-1.11716	0.150134	-0.600416	-1.10741	-2.59875	0.789342	-0.533281	
-1.24805	-2.11245	-1.4031	-2.35882	-0.0380163	-1.2969	1.50009	0.700856	5.07197	5.19365	-1.16547	-2.67578	-1.08534	-1.68954	2.90551	2.35348	-1.22585	-1.10301	1.17957	5.49945	-0.743566	-1.22213	0.113489	-0.572536	-1.5717	-2.79724	0.623234	-0.831915	
-1.29843	-2.08069	-1.50665	-2.36681	-0.0567097	-1.24771	1.47535	0.870375	5.28449	5.6575	-1.18005	-2.69368	-1.57482	-1.70749	2.75367	2.4517	-1.2343	-1.15344	1.3348	5.88294	-0.754174	-1.23208	0.0822206	-0.508678	-1.89413	-2.83016	0.441269	-0.914453	
-1.28662	-1.95669	-1.46901	-2.2517	-0.0473623	-1.01145	1.30286	1.07676	5.16535	5.795	-1.30582	-2.64718	-1.95334	-1.92728	2.47886	2.57363	-1.16008	-1.15456	1.33583	5.86798	-0.710749	-1.16781	0.0111901	-0.419311	-2.05933	-2.6275	0.223742	-0.675529	
-1.2719	-1.78046	-1.36139	-2.051	-0.0922539	-0.640069	0.970074	1.34714	4.75335	5.77103	-1.57042	-2.50531	-2.1848	-2.17206	2.13737	2.87876	-1.07081	-1.15022	1.17851	5.50847	-0.684905	-1.06945	-0.128991	-0.315541	-2.09389	-2.21013	-0.0465735	-0.14466	
-1.31368	-1.62011	-1.27722	-1.8326	-0.254505	-0.225933	0.527104	1.70053	4.14659	5.78679	-1.96334	-2.28542	-2.26195	-2.22486	1.80253	3.4724	-1.03716	-1.16922	0.917774	4.92548	-0.736961	-0.983139	-0.335208	-0.199731	-2.07209	-1.67111	-0.368725	0.553643	
-1.45325	-1.55077	-1.29197	-1.68193	-0.535433	0.13085	0.079075	2.14655	3.49735	6.02947	-2.41592	-2.06413	-2.26081	-2.02533	1.55041	4.37065	-1.11224	-1.22666	0.653245	4.29856	-0.890109	-0.946967	-0.565702	-0.0647721	-2.07014	-1.16513	-0.708015	1.27299	
-1.69326	-1.63162	-1.43262	-1.67592	-0.877335	0.348688	-0.247543	2.65785	2.96256	6.56922	-2.8672	-1.95341	-2.2623	-1.54743	1.44513	5.46258	-1.30921	-1.31421	0.487932	3.78903	-1.12035	-0.982103	-0.755456	0.0913005	-2.13435	-0.849411	-1.00489	1.84422	
-1.99302	-1.88052	-1.67208	-1.85247	-1.18018	0.403298	-0.345065	3.17953	2.65436	7.31011	-3.23456	-2.05178	-2.33574	-0.954925	1.52437	6.54428	-1.59443	-1.40046	0.497383	3.48699	-1.36052	-1.07729	-0.830677	0.276444	-2.27755	-0.82885	-1.18726	2.18049	
-2.27558	-2.25903	-1.93041	-2.19351	-1.32846	0.332312	-0.163525	3.63124	2.59846	8.01474	-3.4934	-2.41014	-2.50455	-0.46684	1.78924	7.36765	-1.89339	-1.44596	0.697469	3.3824	-1.52226	-1.19557	-0.737247	0.486703	-2.46007	-1.11457	-1.19065	2.28482	
-2.45319	-2.66468	-2.11475	-2.59624	-1.25225	0.217843	0.256613	3.9022	2.69893	8.33268	-3.60773	-2.94954	-2.71798	-0.223839	2.18764	7.68385	-2.10596	-1.40554	1.02904	3.33706	-1.53023	-1.27427	-0.466856	0.704663	-2.61536	-1.57869	-0.993083	2.19957	
-2.44539	-2.96358	-2.12316	-2.9295	-0.929999	0.147308	0.803442	3.89113	2.78341	7.93536	-3.56702	-3.52057	-2.87021	-0.300602	2.63808	7.32757	-2.13297	-1.24227	1.38446	3.15548	-1.33436	-1.25044	-0.0506995	0.906102	-2.64531	-2.0575	-0.608983	2.00011	
-2.20377	-3.02842	-1.89257	-3.04805	-0.416313	0.18832	1.31783	3.525	2.62182	6.5981	-3.35682	-3.90101	-2.81537	-0.574277	3.02805	6.24736	-1.90517	-0.934904	1.6305	2.61499	-0.933397	-1.07194	0.434799	1.06098	-2.46856	-2.34503	-0.107767	1.7355	
-1.72114	-2.77056	-1.40891	-2.84714	0.197334	0.362312	1.64993	2.79179	2.02112	4.30213	-2.92515	-3.90926	-2.45305	-0.891489	3.23898	4.52495	-1.39993	-0.485878	1.66133	1.5711	-0.363387	-0.713547	0.902827	1.14701	-2.02978	-2.30772	0.421754	1.43426	
-1.03107	-2.17467	-0.705961	-2.29751	0.803298	0.636459	1.69624	1.74451	0.881891	1.25452	-2.24423	-3.4535	-1.73906	-0.988485	3.16747	2.33532	-0.648157	0.0753978	1.42317	0.00584713	0.311489	-0.187198	1.27086	1.14935	-1.32428	-1.90579	0.88053	1.06345	
-0.195941	-1.30398	0.153555	-1.45406	1.31848	0.9494	1.43274	0.501552	-0.766825	-2.17505	-1.28347	-2.56579	-0.732816	-0.752921	2.74472	-0.0857108	0.281637	0.711203	0.935957	-1.96304	1.03067	0.469655	1.49385	1.07923	-0.397418	-1.21259	1.19154	0.595306	
0.710727	-0.28538	1.09781	-0.448036	1.71744	1.23976	0.914724	-0.767781	-2.75864	-5.50724	-0.105474	-1.43964	0.395885	-0.22668	1.95287	-2.48685	1.29449	1.36711	0.285639	-4.08345	1.7501	1.19353	1.57372	0.965757	0.669822	-0.391097	1.32017	0.0506189	
1.61138	0.737665	2.04793	0.573991	2.00804	1.4719	0.240307	-1.89875	-4.85364	-8.31973	1.18458	-0.279589	1.43326	0.437958	0.815189	-4.66793	2.29515	1.98942	-0.412132	-6.07413	2.44057	1.92269	1.54169	0.848169	1.75919	0.409655	1.25985	-0.522767	
2.44955	1.64432	2.95274	1.47777	2.23093	1.64154	-0.48121	-2.75981	-6.79132	-10.3315	2.41269	0.690884	2.17456	1.0157	-0.59872	-6.48724	3.21115	2.53585	-1.03633	-7.68195	3.09533	2.60329	1.45479	0.767023	2.75534	1.05553	1.0412	-1.04227	
3.18562	2.37223	3.76784	2.19453	2.41938	1.78881	-1.16548	-3.277	-8.37136	-11.4561	3.40146	1.36048	2.4835	1.25068	-2.18622	-7.87378	3.99659	2.97394	-1.50033	-8.7583	3.70439	3.20314	1.36138	0.754932	3.5367	1.52013	0.702782	-1.39004	
3.8001	2.9229	4.45477	2.71842	2.59007	1.95541	-1.76822	-3.46047	-9.49726	-11.8094	4.02573	1.72188	2.33149	1.03934	-3.82316	-8.81845	4.63525	3.29388	-1.76527	-9.2935	4.25232	3.70739	1.29498	0.82	4.03762	1.83502	0.294981	-1.49594	
4.29242	3.34933	4.99581	3.09995	2.72649	2.15867	-2.28608	-3.38859	-10.1739	-11.6257	4.22082	1.87788	1.8111	0.473883	-5.37251	-9.36221	5.13319	3.49626	-1.84377	-9.3874	4.71292	4.11236	1.25877	0.941769	4.22784	2.08026	-0.142215	-1.38736	
4.66298	3.71438	5.36089	3.40137	2.79019	2.39112	-2.73065	-3.16542	-10.4784	-11.1778	4.05168	1.96576	1.0916	-0.270299	-6.70388	-9.55699	5.49974	3.59542	-1.78046	-9.20501	5.05075	4.42136	1.23524	1.0891	4.13143	2.32245	-0.575648	-1.13104	
4.91703	4.05511	5.53095	3.65895	2.75273	2.59673	-3.10277	-2.9	-10.5032	-10.6638	3.64974	2.06385	0.36607	-0.905419	-7.70028	-9.46432	5.73979	3.60757	-1.62785	-8.89312	5.23773	4.62838	1.20403	1.21638	3.82081	2.56239	-0.968722	-0.878758	
5.04862	4.36029	5.47784	3.86457	2.59807	2.71926	-3.38245	-2.65613	-10.3069	-10.1601	3.17939	2.19688	-0.212712	-1.24803	-8.27705	-9.14091	5.84084	3.54309	-1.4296	-8.52899	5.25332	4.72508	1.14741	1.29335	3.36379	2.76565	-1.29392	-0.7407	
5.04885	4.56781	5.21332	3.95841	2.35438	2.6942	-3.52728	-2.46277	-9.9053	-9.63599	2.76449	2.2795	-0.566278	-1.15815	-8.39469	-8.6369	5.7883	3.41563	-1.21028	-8.11501	5.11197	4.69571	1.06922	1.29863	2.86208	2.83151	-1.51744	-0.823996	
4.90519	4.5887	4.76215	3.85961	2.08077	2.50536	-3.48925	-2.28825	-9.25945	-8.96535	2.45702	2.18504	-0.716405	-0.760662	-8.06267	-7.98227	5.56272	3.22795	-0.974612	-7.57438	4.84522	4.52784	0.991125	1.2405	2.37935	2.6724	-1.61252	-1.10522	
4.6035	4.34271	4.15743	3.50118	1.84117	2.18468	-3.24409	-2.07799	-8.33238	-8.01727	2.22041	1.79722	-0.745932	-0.239946	-7.34999	-7.19292	5.14964	2.98117	-0.719716	-6.81579	4.49003	4.22024	0.939463	1.14295	1.95771	2.25067	-1.56819	-1.47601	
4.14691	3.80135	3.4704	2.87789	1.68416	1.78617	-2.81173	-1.79471	-7.12806	-6.73772	1.95985	1.10232	-0.742728	0.233854	-6.36954	-6.29021	4.56354	2.67805	-0.450693	-5.79671	4.08717	3.78907	0.931816	1.02826	1.60379	1.6071	-1.39438	-1.83527	
3.55339	3.00396	2.75829	2.05116	1.61675	1.40094	-2.25715	-1.40217	-5.70855	-5.15467	1.57673	0.178833	-0.789245	0.424548	-5.26305	-5.27134	3.8401	2.32273	-0.180612	-4.53388	3.65855	3.26925	0.96692	0.92614	1.29596	0.852758	-1.12719	-2.0092	
2.86433	2.05684	2.08623	1.13903	1.60866	1.0867	-1.67519	-0.91901	-4.21017	-3.39869	1.01633	-0.801382	-0.911477	0.323796	-4.17163	-4.14839	3.04131	1.92645	0.0632012	-3.13483	3.21397	2.70333	1.0218	0.842022	1.01558	0.120559	-0.818568	-1.94086	
2.13974	1.09864	1.48588	0.284511	1.59103	0.882225	-1.16296	-0.378648	-2.78731	-1.64633	0.289302	-1.63517	-1.09267	-0.0115276	-3.20894	-2.93924	2.23893	1.50016	0.252426	-1.74355	2.74504	2.14006	1.05601	0.773715	0.726346	-0.452334	-0.53048	-1.61493	
1.44539	0.263726	0.988386	-0.393017	1.49509	0.771485	-0.785774	0.161885	-1.58184	-0.070096	-0.518945	-2.17199	-1.28025	-0.413204	-2.44447	-1.67934	1.5077	1.06175	0.36701	-0.506379	2.25141	1.61835	1.03002	0.703656	0.423629	-0.809254	-0.313511	-1.12147	
0.841067	-0.362298	0.590649	-0.827582	1.27748	0.71422	-0.557976	0.653754	-0.667719	1.20988	-1.28026	-2.35481	-1.4309	-0.722446	-1.89094	-0.426391	0.904171	0.628926	0.404444	0.476925	1.74006	1.16504	0.919903	0.615923	0.112349	-0.958225	-0.195448	-0.579862	
0.362039	-0.75839	0.258526	-1.02672	0.930806	0.669369	-0.439456	1.07393	-0.0245827	2.17993	-1.88268	-2.25233	-1.52315	-0.879238	-1.50819	0.748945	0.451865	0.216788	0.385008	1.20047	1.22636	0.790083	0.72798	0.506035	-0.205945	-0.964947	-0.175149	-0.0873936	
0.0158752	-0.971603	-0.0199768	-1.05138	0.500194	0.59345	-0.362545	1.39954	0.421026	2.86459	-2.25737	-1.98973	-1.5613	-0.817088	-1.23306	1.75485	0.147808	-0.155342	0.330977	1.69295	0.745062	0.48857	0.480181	0.371584	-0.497873	-0.916944	-0.226662	0.254186	
-0.219519	-1.08932	-0.279832	-0.994355	0.0610741	0.482777	-0.250774	1.64519	0.793153	3.34826	-2.39947	-1.73741	-1.56966	-0.670343	-0.986774	2.53232	-0.0430522	-0.473978	0.27384	2.0429	0.322573	0.244201	0.222226	0.230681	-0.744005	-0.889959	-0.30178	0.451	
-0.389452	-1.20235	-0.531715	-0.9362	-0.310436	0.35633	-0.0611581	1.81891	1.18129	3.70872	-2.35235	-1.60648	-1.56874	-0.537423	-0.716994	3.03528	-0.174032	-0.731295	0.229862	2.32276	-0.0265952	0.0378327	-0.00334668	0.101719	-0.92735	-0.900203	-0.35812	0.541509	
-0.538608	-1.37555	-0.78216	-0.923748	-0.561616	0.24123	0.210225	1.92672	1.62331	3.97716	-2.17743	-1.63645	-1.55289	-0.464446	-0.395378	3.26339	-0.296844	-0.922792	0.204715	2.56644	-0.307584	-0.146734	-0.167101	-0.00143677	-1.04448	-0.923909	-0.363205	0.569151	
-0.697028	-1.61776	-1.01436	-0.958379	-0.679851	0.161302	0.522787	1.97028	2.0858	4.15018	-1.92296	-1.77078	-1.48904	-0.492885	-0.0353463	3.25527	-0.444183	-1.05032	0.192593	2.76604	-0.538871	-0.318885	-0.261554	-0.0713956	-1.09785	-0.914964	-0.307956	0.580082	
-0.866006	-1.89231	-1.19513	-1.00783	-0.68918	0.120408	0.811302	1.94663	2.47671	4.18294	-1.62536	-1.9103	-1.35089	-0.539081	0.3189	3.08358	-0.621828	-1.12118	0.181466	2.87154	-0.740885	-0.476959	-0.302851	-0.111934	-1.08656	-0.836065	-0.209319	0.590165	
-1.01956	-2.13046	-1.30821	-1.03444	-0.647723	0.105855	1.0177	1.8647	2.71481	4.05242	-1.28432	-1.97892	-1.10889	-0.540107	0.617817	2.8334	-0.807196	-1.14902	0.173344	2.85353	-0.93163	-0.612569	-0.316387	-0.128124	-1.032	-0.691046	-0.100888	0.587898	
-1.11604	-2.26637	-1.31518	-1.00498	-0.615338	0.0899206	1.09913	1.73311	2.73056	3.74579	-0.906196	-1.91114	-0.781457	-0.401465	0.799435	2.57031	-0.954836	-1.14449	0.172472	2.68965	-1.10248	-0.710193	-0.331186	-0.129468	-0.941773	-0.512094	-0.0287353	0.54303	
-1.11464	-2.25527	-1.21266	-0.916998	-0.627559	0.0517972	1.05959	1.58239	2.53458	3.29551	-0.516616	-1.73475	-0.428864	-0.142621	0.839627	2.35031	-1.01656	-1.11655	0.199991	2.41046	-1.22652	-0.754845	-0.357777	-0.115882	-0.835682	-0.371245	-0.0233126	0.444086	
-0.997143	-2.09175	-1.01515	-0.787862	-0.693593	0.0002232	0.928523	1.44775	2.18854	2.77506	-0.171373	-1.51078	-0.147038	0.132906	0.733266	2.17985	-0.962537	-1.06681	0.274191	2.07665	-1.2708	-0.733869	-0.392285	-0.0779631	-0.735239	-0.310993	-0.102294	0.330525	
-0.775795	-1.81726	-0.747574	-0.658938	-0.782361	-0.0523536	0.761182	1.35471	1.79626	2.26387	0.0475123	-1.33341	-0.0279122	0.341028	0.519388	2.05152	-0.793628	-0.992884	0.402445	1.75814	-1.20637	-0.651837	-0.414519	-0.0101941	-0.650202	-0.367806	-0.25243	0.239417	
-0.495032	-1.49363	-0.469	-0.564427	-0.848856	-0.0776272	0.608914	1.31032	1.46126	1.83187	0.0996514	-1.24487	-0.112469	0.364687	0.260677	1.93307	-0.549268	-0.893546	0.571297	1.5083	-1.03758	-0.528782	-0.402276	0.0885291	-0.587723	-0.514756	-0.438316	0.219581	
-0.223357	-1.19217	-0.244641	-0.528653	-0.848714	-0.0522258	0.510762	1.30783	1.25166	1.52654	-0.0352204	-1.25049	-0.393139	0.174391	0.0366687	1.81116	-0.304187	-0.776195	0.748798	1.35368	-0.802722	-0.399649	-0.342536	0.209707	-0.55702	-0.691916	-0.607039	0.318691	
-0.0291981	-0.970005	-0.141449	-0.563958	-0.759597	0.0196726	0.487253	1.31976	1.19634	1.36385	-0.306723	-1.32012	-0.78506	-0.13755	-0.0691939	1.68724	-0.141319	-0.656876	0.893988	1.28941	-0.569895	-0.310539	-0.235707	0.328421	-0.555164	-0.836005	-0.705823	0.508252	
0.038377	-0.858105	-0.198769	-0.666613	-0.595243	0.111209	0.533946	1.31887	1.26841	1.33993	-0.621693	-1.37348	-1.17022	-0.431399	-0.00499185	1.59093	-0.132147	-0.558494	0.967382	1.28926	-0.417622	-0.305046	-0.104184	0.41637	-0.583785	-0.900603	-0.697994	0.745721	
-0.0372952	-0.861904	-0.426092	-0.827966	-0.394297	0.17646	0.636511	1.28738	1.42532	1.4407	-0.877311	-1.35992	-1.43766	-0.538274	0.253036	1.57752	-0.311751	-0.516222	0.944223	1.33628	-0.407502	-0.411748	0.019142	0.44478	-0.640589	-0.876509	-0.572142	0.955838	
-0.236961	-0.962595	-0.799896	-1.04018	-0.216636	0.169672	0.773746	1.22754	1.62734	1.66347	-0.995034	-1.26643	-1.50232	-0.358242	0.683441	1.69787	-0.667437	-0.554694	0.828499	1.43192	-0.566243	-0.635677	0.099138	0.401155	-0.725799	-0.803685	-0.348182	1.07625	
-0.516564	-1.13754	-1.24589	-1.29178	-0.11926	0.0630556	0.921933	1.16101	1.84924	2.00873	-0.982523	-1.10981	-1.35647	0.126182	1.22131	1.99249	-1.13926	-0.685091	0.644112	1.60048	-0.869396	-0.953201	0.108851	0.290158	-0.84271	-0.737073	-0.076077	1.07513	
-0.82277	-1.35873	-1.68274	-1.56681	-0.134271	-0.134592	1.06128	1.11902	2.08765	2.4637	-0.879736	-0.940987	-1.04927	0.778757	1.78162	2.45734	-1.6388	-0.893247	0.429246	1.86357	-1.25323	-1.31646	0.0404391	0.13502	-0.982434	-0.722463	0.184907	0.974037	
-1.11089	-1.60319	-2.02994	-1.84392	-0.262583	-0.377759	1.17301	1.13668	2.34625	2.99602	-0.783755	-0.824499	-0.670483	1.39362	2.27385	3.0593	-2.07959	-1.14372	0.222403	2.22626	-1.63705	-1.66795	-0.0952629	-0.025858	-1.13425	-0.783173	0.381009	0.865513	
-1.35147	-1.85186	-2.2242	-2.0935	-0.470917	-0.614287	1.24329	1.21926	2.6263	3.5523	-0.77727	-0.801995	-0.305773	1.78541	2.63551	3.71767	-2.39415	-1.38774	0.0475888	2.66707	-1.94717	-1.95845	-0.271423	-0.164139	-1.26663	-0.904391	0.480736	0.810283	
-1.53689	-2.08273	-2.25572	-2.28805	-0.706595	-0.794367	1.26391	1.35329	2.91258	4.05796	-0.886039	-0.87368	-0.00841155	1.84072	2.84152	4.33909	-2.56112	-1.57837	-0.0869145	3.12679	-2.14558	-2.16157	-0.455657	-0.261002	-1.35547	-1.05452	0.484727	0.87214	
-1.6745	-2.27334	-2.15794	-2.40208	-0.909606	-0.897208	1.23578	1.49412	3.17696	4.43255	-1.05854	-0.999885	0.207182	1.57872	2.91214	4.8261	-2.60073	-1.68709	-0.193525	3.53278	-2.23334	-2.27531	-0.61598	-0.322449	-1.37446	-1.1801	0.426032	1.03373	
-1.77732	-2.39868	-2.0009	-2.43953	-1.03152	-0.933879	1.179	1.59901	3.39378	4.63277	-1.2088	-1.15315	0.372262	1.11034	2.9078	5.11073	-2.56535	-1.70495	-0.281457	3.82345	-2.24473	-2.32455	-0.725987	-0.363221	-1.30497	-1.27458	0.359326	1.24515	
-1.85142	-2.44265	-1.85292	-2.41604	-1.05054	-0.944353	1.11713	1.62157	3.53998	4.6468	-1.25295	-1.28521	0.526167	0.662148	2.89317	5.15837	-2.51476	-1.64818	-0.363026	3.96359	-2.22671	-2.34374	-0.773787	-0.408205	-1.14852	-1.33894	0.335138	1.39793	
-1.89736	-2.39742	-1.77841	-2.36362	-0.973756	-0.972379	1.08269	1.54118	3.61961	4.51674	-1.12146	-1.38346	0.697127	0.396159	2.92911	4.97743	-2.49446	-1.55073	-0.435781	3.96998	-2.2205	-2.36264	-0.759851	-0.47486	-0.933859	-1.39389	0.389037	1.39545	
-1.9085	-2.27184	-1.80187	-2.31602	-0.828294	-1.04718	1.0964	1.36454	3.64715	4.29961	-0.83076	-1.45638	0.897623	0.424302	3.0372	4.61444	-2.52265	-1.44669	-0.489813	3.87777	-2.24027	-2.39377	-0.694708	-0.565687	-0.69261	-1.47157	0.526936	1.19271	
-1.87082	-2.08788	-1.88742	-2.28805	-0.65163	-1.16949	1.16463	1.1199	3.64948	4.0674	-0.476621	-1.52275	1.10685	0.678873	3.20175	4.13447	-2.57747	-1.35511	-0.510309	3.74645	-2.26541	-2.42375	-0.594335	-0.667056	-0.4632	-1.58042	0.725467	0.796496	
-1.78155	-1.8797	-1.98328	-2.27268	-0.484746	-1.29361	1.26532	0.858892	3.63117	3.85857	-0.173904	-1.60395	1.28479	1.00554	3.36808	3.61493	-2.61989	-1.27831	-0.491391	3.60506	-2.26357	-2.42217	-0.483764	-0.751052	-0.279086	-1.68944	0.93295	0.326851	
-1.64103	-1.67975	-2.01048	-2.24052	-0.347331	-1.37614	1.35838	0.611089	3.57453	3.6548	0.00879567	-1.70613	1.42325	1.22772	3.4708	3.1101	-2.6004	-1.19872	-0.44514	3.44292	-2.19303	-2.35547	-0.383972	-0.799936	-0.13306	-1.76245	1.10342	-0.11217	
-1.45992	-1.50429	-1.9095	-2.15576	-0.248434	-1.37343	1.39552	0.4012	3.4403	3.42142	0.0472874	-1.81327	1.52698	1.18727	3.454	2.65943	-2.48451	-1.09588	-0.394109	3.22708	-2.03372	-2.20502	-0.3162	-0.803826	-0.00325176	-1.75782	1.19736	-0.398826	
-1.24965	-1.35395	-1.65731	-1.98812	-0.177368	-1.27229	1.33599	0.227487	3.17581	3.08588	0.00782255	-1.89094	1.62789	0.858492	3.29416	2.2738	-2.26358	-0.952695	-0.370358	2.8962	-1.79011	-1.97424	-0.291785	-0.771624	0.147391	-1.65562	1.20359	-0.474816	
-1.02099	-1.21105	-1.27298	-1.73852	-0.116335	-1.10224	1.16627	0.0695618	2.75867	2.60563	0.0133113	-1.91812	1.76466	0.342243	3.00915	1.94368	-1.95541	-0.769838	-0.398424	2.42228	-1.49182	-1.69405	-0.310979	-0.728777	0.349024	-1.47593	1.13806	-0.37704	
-0.784352	-1.055	-0.82215	-1.43943	-0.0482309	-0.911905	0.901444	-0.0888915	2.19186	1.97402	0.195342	-1.87679	1.97007	-0.2119	2.64744	1.64829	-1.60532	-0.563824	-0.486423	1.80591	-1.18517	-1.4113	-0.361767	-0.698644	0.625436	-1.27347	1.03433	-0.169502	
-0.54231	-0.869662	-0.383584	-1.14807	0.039737	-0.768297	0.592794	-0.263843	1.54079	1.24692	0.601396	-1.78264	2.2416	-0.611735	2.2826	1.369	-1.265	-0.36166	-0.615909	1.11619	-0.91165	-1.17305	-0.418975	-0.698812	0.956937	-1.12896	0.93713	0.0191314	
-0.302757	-0.655746	-0.03528	-0.914627	0.141821	-0.707623	0.294028	-0.454674	0.893377	0.51913	1.19051	-1.64286	2.53033	-0.724635	1.97002	1.08936	-0.979215	-0.192511	-0.757873	0.449559	-0.703249	-1.00883	-0.461468	-0.729935	1.29678	-1.07144	0.870257	0.0976128	
-0.0705883	-0.433283	0.184884	-0.774956	0.250723	-0.742149	0.0635395	-0.647627	0.353664	-0.115575	1.84123	-1.4881	2.78783	-0.567241	1.75019	0.802078	-0.772538	-0.0689558	-0.872378	-0.0950193	-0.562369	-0.922093	-0.463733	-0.776398	1.59741	-1.12665	0.851914	0.01625	
0.138801	-0.236563	0.275887	-0.728187	0.347537	-0.837408	-0.0685407	-0.819077	0.00209701	-0.567422	2.36047	-1.32527	2.94394	-0.241585	1.62189	0.517566	-0.65191	0.00571433	-0.932728	-0.439578	-0.47888	-0.894018	-0.420191	-0.814706	1.81043	-1.24178	0.870441	-0.196867	
0.306693	-0.100802	0.26175	-0.732195	0.410204	-0.927997	-0.102147	-0.939601	-0.13617	-0.805752	2.60192	-1.15757	2.95974	0.0551891	1.56305	0.259648	-0.604899	0.0467842	-0.931159	-0.571275	-0.43647	-0.887659	-0.34021	-0.819854	1.89769	-1.33174	0.901518	-0.438617	
0.414362	-0.0483998	0.188632	-0.738678	0.425621	-0.966642	-0.0617362	-1.00218	-0.0818885	-0.846844	2.50139	-0.995568	2.84406	0.227342	1.5406	0.0574802	-0.608449	0.0722581	-0.881093	-0.523989	-0.418819	-0.873188	-0.246478	-0.78888	1.85852	-1.33555	0.920782	-0.632593	
0.450844	-0.0753415	0.109932	-0.694972	0.391769	-0.917807	0.00466136	-1.00776	0.0860622	-0.750481	2.1044	-0.822285	2.63826	0.181451	1.51229	-0.0655657	-0.634033	0.094061	-0.814652	-0.38153	-0.415707	-0.832115	-0.170938	-0.732904	1.73797	-1.20998	0.904617	-0.690193	
0.418286	-0.150205	0.0458938	-0.586366	0.314002	-0.788686	0.0589294	-0.961692	0.286904	-0.583745	1.55176	-0.655045	2.39759	-0.0448252	1.4608	-0.079529	-0.66251	0.112508	-0.755145	-0.219196	-0.428399	-0.767245	-0.1368	-0.672899	1.56692	-0.990081	0.846915	-0.578071	
0.330318	-0.229681	0.00105041	-0.429417	0.206336	-0.617281	0.067233	-0.885457	0.447475	-0.396594	1.00642	-0.516239	2.16621	-0.286439	1.37351	0.0199091	-0.676995	0.115912	-0.720298	-0.0922019	-0.456899	-0.697194	-0.157448	-0.636224	1.39184	-0.733668	0.746104	-0.340205	
0.217181	-0.267908	-0.0287903	-0.278156	0.0923751	-0.467796	0.0264345	-0.797086	0.53567	-0.220202	0.623853	-0.445015	1.97672	-0.40715	1.26372	0.213918	-0.667873	0.0942776	-0.700487	-0.0138021	-0.491575	-0.645303	-0.219333	-0.637897	1.24376	-0.553919	0.620824	-0.0663673	
0.107058	-0.241104	-0.0681735	-0.194769	-0.00915558	-0.384863	-0.0499542	-0.703726	0.562226	-0.0498972	0.446319	-0.465014	1.81568	-0.290862	1.14402	0.476038	-0.638862	0.0403744	-0.66904	0.0464711	-0.521001	-0.625849	-0.296313	-0.671128	1.11588	-0.521049	0.485357	0.161397	
0.0314266	-0.151859	-0.113039	-0.212618	-0.0756264	-0.390269	-0.140481	-0.616393	0.555626	0.114622	0.434088	-0.580261	1.65288	0.0725384	1.02121	0.742267	-0.587888	-0.0332731	-0.597675	0.119428	-0.518015	-0.631255	-0.351677	-0.715191	0.999911	-0.64637	0.355353	0.262604	
0.00651171	-0.0346251	-0.162068	-0.342981	-0.0916553	-0.469448	-0.215254	-0.532151	0.558329	0.277318	0.486226	-0.779192	1.4702	0.568871	0.901391	0.952988	-0.525749	-0.102058	-0.460001	0.236195	-0.464636	-0.642837	-0.350475	-0.733644	0.872115	-0.894557	0.250201	0.221049	
0.0376729	0.0640755	-0.186634	-0.543914	-0.0488486	-0.578615	-0.260082	-0.458665	0.587946	0.417131	0.46944	-1.00852	1.26337	1.05145	0.777665	1.04627	-0.460462	-0.138706	-0.259938	0.388979	-0.350897	-0.631989	-0.280421	-0.702599	0.733339	-1.15746	0.17833	0.052134	
0.1117	0.0996629	-0.173614	-0.755459	0.0507844	-0.666521	-0.267007	-0.400207	0.636394	0.497887	0.33884	-1.211	1.05982	1.35556	0.654037	0.982867	-0.407987	-0.122783	-0.0223175	0.542295	-0.190175	-0.57878	-0.149259	-0.611423	0.586816	-1.33261	0.154261	-0.18172	
0.204948	0.0488813	-0.11769	-0.905442	0.191749	-0.687602	-0.245967	-0.364677	0.672034	0.487691	0.0855671	-1.33425	0.907819	1.40992	0.53026	0.758523	-0.378236	-0.0567336	0.205303	0.643386	-0.0112085	-0.477949	0.0114168	-0.473405	0.459221	-1.33047	0.179158	-0.412183	
0.296546	-0.0757321	-0.00423288	-0.950807	0.364371	-0.640054	-0.208953	-0.369962	0.652388	0.358071	-0.200862	-1.34921	0.855836	1.2372	0.415877	0.389633	-0.370095	0.0387182	0.371675	0.639473	0.160678	-0.346338	0.165598	-0.326325	0.405372	-1.15172	0.257108	-0.614191	
0.363722	-0.236818	0.132865	-0.88779	0.539578	-0.529127	-0.168683	-0.40481	0.559189	0.133374	-0.411494	-1.25793	0.911738	0.89827	0.321676	-0.0478577	-0.385446	0.1206	0.44313	0.526802	0.290069	-0.216361	0.276341	-0.202806	0.435168	-0.847301	0.374557	-0.730595	
0.396176	-0.381954	0.267662	-0.75054	0.699167	-0.399601	-0.134102	-0.469166	0.395416	-0.141841	-0.436502	-1.09857	1.05144	0.543333	0.262333	-0.480104	-0.409037	0.151641	0.407826	0.32881	0.370432	-0.121538	0.325941	-0.139912	0.562091	-0.527905	0.513377	-0.78482	
0.392044	-0.472131	0.373289	-0.601236	0.830281	-0.295657	-0.103298	-0.547208	0.196598	-0.397747	-0.225288	-0.941065	1.2209	0.259465	0.248512	-0.826331	-0.425324	0.113641	0.285447	0.109463	0.411142	-0.0858835	0.319935	-0.147317	0.762686	-0.317838	0.656411	-0.793433	
0.363073	-0.482952	0.442572	-0.491979	0.925499	-0.241551	-0.0753057	-0.616609	0.0155688	-0.572308	0.163121	-0.829894	1.33718	0.0564135	0.275305	-1.02413	-0.414153	0.0142589	0.113953	-0.0611822	0.438644	-0.107433	0.277569	-0.213545	0.986867	-0.28921	0.773703	-0.763429	
0.32312	-0.427377	0.479286	-0.458757	0.992959	-0.248123	-0.0450582	-0.664368	-0.104121	-0.636394	0.650844	-0.805931	1.34101	-0.107437	0.333408	-1.05772	-0.362661	-0.10753	-0.0626151	-0.13583	0.483335	-0.164654	0.23024	-0.311694	1.18741	-0.463276	0.852589	-0.710613	
0.284568	-0.339381	0.486863	-0.49363	1.02997	-0.28844	-0.0161362	-0.672947	-0.136353	-0.586668	1.10799	-0.86164	1.21298	-0.330629	0.401043	-0.937935	-0.273831	-0.208537	-0.210534	-0.0957262	0.553018	-0.22291	0.195217	-0.403673	1.29868	-0.759794	0.880001	-0.611529	
0.259464	-0.257011	0.488934	-0.567791	1.04531	-0.342292	0.00994124	-0.648261	-0.086167	-0.461672	1.43799	-0.967526	0.989173	-0.663509	0.468371	-0.719435	-0.15589	-0.246213	-0.31373	0.034215	0.644295	-0.249993	0.179472	-0.467417	1.29969	-1.09098	0.860914	-0.47983	
0.248583	-0.213034	0.493848	-0.634982	1.03244	-0.378353	0.0242259	-0.598364	0.0208674	-0.307229	1.57211	-1.06793	0.719093	-1.06175	0.523073	-0.462084	-0.0322992	-0.210251	-0.375939	0.211581	0.72567	-0.230103	0.166053	-0.491527	1.18154	-1.33849	0.802876	-0.319582	
0.243077	-0.217643	0.499091	-0.657916	0.981868	-0.379375	0.0143959	-0.53205	0.146454	-0.154603	1.50381	-1.09333	0.474899	-1.44245	0.557245	-0.225871	0.0720714	-0.12297	-0.41325	0.387008	0.759046	-0.166959	0.127823	-0.483761	0.977122	-1.4226	0.713271	-0.144371	
0.229093	-0.25886	0.495482	-0.617503	0.875434	-0.352555	-0.029295	-0.46374	0.258018	-0.0105819	1.27106	-1.01527	0.307529	-1.60164	0.565756	-0.0428309	0.137769	-0.028489	-0.441204	0.533654	0.711971	-0.0835601	0.0392871	-0.463227	0.724256	-1.32305	0.596763	-0.0142295	
0.191595	-0.301289	0.460576	-0.52245	0.697025	-0.305611	-0.11067	-0.38772	0.350222	0.154259	0.915184	-0.813895	0.20765	-1.41535	0.546338	0.0911377	0.152861	0.014089	-0.464623	0.657602	0.56814	-0.0124204	-0.114183	-0.444983	0.452082	-1.0657	0.447363	0.052796	
