-0.000845863	0.771674	-0.462745	-0.354061	0.0450242	0.0468242	0.253988	0.11136	0.238624	0.128218	-0.613344	-0.0680685	-1.05812	0.0913248	0.218686	0.3654	-0.229934	0.234993	0.332066	0.45875	-0.0347724	0.032756	0.206423	0.194763	-0.536144	0.0729654	-0.0699522	0.232477	
-0.258897	0.347364	-0.379241	-0.553444	0.0507096	-0.070928	0.391977	0.247708	0.586992	0.494108	-0.417389	-0.112676	-0.928231	0.252066	0.384132	0.708415	-0.3667	0.100311	0.489449	0.674729	-0.139433	-0.198507	0.280216	0.200548	-0.42346	-0.222952	-0.00731115	0.346364	
-0.433315	-0.151891	-0.189496	-0.641829	0.0687341	-0.195972	0.494284	0.3015	0.749126	0.730318	-0.144564	-0.197551	-0.536337	0.333044	0.447031	0.901882	-0.377877	-0.0446523	0.601955	0.739184	-0.179824	-0.372308	0.331758	0.153814	-0.245698	-0.500117	0.087734	0.3452	
-0.49513	-0.60178	0.0504481	-0.593368	0.0873966	-0.295209	0.554075	0.285348	0.755525	0.848192	0.144937	-0.307483	0.0104164	0.304145	0.451572	0.959639	-0.267444	-0.16598	0.646615	0.702141	-0.156949	-0.449992	0.346273	0.0743304	-0.051175	-0.686562	0.200126	0.241257	
-0.440835	-0.888506	0.281788	-0.415593	0.104518	-0.333684	0.577539	0.242367	0.676982	0.896143	0.387484	-0.401289	0.557279	0.172558	0.43782	0.918308	-0.0716459	-0.226933	0.624473	0.644417	-0.0811112	-0.413155	0.328343	0.000690278	0.1194	-0.728384	0.310575	0.0778184	
-0.301024	-0.952866	0.456825	-0.159522	0.12335	-0.292367	0.565919	0.214916	0.575945	0.912783	0.537618	-0.44023	0.962636	-0.0144772	0.422536	0.836188	0.146485	-0.214609	0.547487	0.614635	0.0234357	-0.281468	0.283109	-0.034666	0.252254	-0.606743	0.39454	-0.0764653	
-0.117772	-0.802809	0.560315	0.111398	0.145733	-0.17238	0.516059	0.223541	0.497774	0.917189	0.589244	-0.387374	1.13104	-0.197165	0.397852	0.73719	0.331609	-0.13677	0.440797	0.626116	0.128486	-0.0933978	0.214441	-0.0175894	0.349572	-0.349191	0.42948	-0.167583	
0.0563298	-0.495851	0.596428	0.341507	0.160972	0.00278796	0.422275	0.271161	0.441904	0.902563	0.55033	-0.220364	1.04762	-0.32429	0.329297	0.635851	0.446016	-0.0261845	0.32227	0.6516	0.209546	0.100431	0.127678	0.0462563	0.402644	-0.0136391	0.395085	-0.160727	
0.186121	-0.139841	0.596183	0.499046	0.157879	0.19749	0.280677	0.332817	0.374207	0.838174	0.462537	0.0294117	0.780723	-0.352301	0.198172	0.525033	0.486411	0.0782556	0.206136	0.628629	0.25149	0.257097	0.0236262	0.131478	0.41788	0.317769	0.292575	-0.0559706	
0.256668	0.169558	0.591242	0.593024	0.116606	0.379083	0.0945002	0.386536	0.254801	0.703255	0.373659	0.320647	0.423313	-0.265186	-0.00660479	0.41264	0.481141	0.140968	0.0961424	0.517333	0.253918	0.359006	-0.091012	0.21176	0.384388	0.586692	0.12687	0.126133	
0.264294	0.369325	0.5952	0.644983	0.0236114	0.510626	-0.132138	0.391972	0.0528675	0.481654	0.320678	0.591639	0.0921711	-0.0844389	-0.258197	0.296443	0.462981	0.13324	-0.0190637	0.284589	0.21609	0.394795	-0.222019	0.249304	0.29878	0.751429	-0.0810046	0.333474	
0.221288	0.430781	0.605088	0.679963	-0.117164	0.564823	-0.381023	0.321515	-0.216302	0.188397	0.32806	0.781623	-0.10755	0.141047	-0.495927	0.174436	0.459722	0.047643	-0.149753	-0.0497118	0.142177	0.369021	-0.370925	0.215822	0.17722	0.790626	-0.293312	0.501934	
0.136601	0.37672	0.593131	0.707453	-0.288265	0.525155	-0.628595	0.169928	-0.516195	-0.140247	0.390666	0.861524	-0.133408	0.363587	-0.660927	0.0679466	0.472879	-0.10948	-0.309006	-0.43724	0.0370425	0.288294	-0.53591	0.0969386	0.0414722	0.727002	-0.478917	0.586255	
0.0240429	0.250236	0.535054	0.721701	-0.455089	0.39413	-0.842924	-0.0466464	-0.770827	-0.4475	0.499408	0.834745	0.0198261	0.539843	-0.696043	-0.00883736	0.485977	-0.309236	-0.490498	-0.79778	-0.0926499	0.164805	-0.706663	-0.0998993	-0.0685803	0.60037	-0.603466	0.562529	
-0.100784	0.122589	0.4202	0.716643	-0.581755	0.197173	-0.98586	-0.274773	-0.903378	-0.664128	0.626708	0.758465	0.313209	0.646581	-0.587571	-0.0247037	0.477415	-0.506743	-0.671763	-1.03876	-0.227479	0.0221956	-0.852031	-0.333435	-0.125795	0.469789	-0.648119	0.449944	
-0.217152	0.0373669	0.262491	0.683182	-0.640406	-0.0281535	-1.03461	-0.469503	-0.869319	-0.753726	0.751232	0.683555	0.654483	0.689073	-0.358302	0.0166971	0.429793	-0.656167	-0.819011	-1.10813	-0.346795	-0.111597	-0.945592	-0.555415	-0.103165	0.383748	-0.611837	0.287855	
-0.296907	0.019522	0.101521	0.631817	-0.625026	-0.231807	-0.985902	-0.584892	-0.67668	-0.71087	0.859385	0.66899	0.962088	0.681552	-0.0841594	0.103188	0.353295	-0.717889	-0.896487	-0.994931	-0.423458	-0.199073	-0.958626	-0.708467	-0.00431481	0.367567	-0.516045	0.130904	
-0.322068	0.0694351	-0.0201526	0.584743	-0.554872	-0.371487	-0.866954	-0.609664	-0.40504	-0.583999	0.934028	0.743381	1.13197	0.638091	0.132974	0.187057	0.270891	-0.678019	-0.890549	-0.75983	-0.438721	-0.211354	-0.884017	-0.756861	0.136188	0.436993	-0.404487	0.0183558	
-0.276989	0.154858	-0.0609751	0.571978	-0.456842	-0.414268	-0.713327	-0.550045	-0.151457	-0.436906	0.972147	0.867611	1.12709	0.568068	0.219893	0.221476	0.220053	-0.53978	-0.794797	-0.486124	-0.382303	-0.13015	-0.725165	-0.68143	0.276973	0.56159	-0.308337	-0.0311355	
-0.164117	0.255336	-0.00294003	0.6267	-0.361689	-0.343111	-0.568584	-0.419125	-0.0298386	-0.33272	0.970621	0.99975	0.928601	0.488195	0.124787	0.192412	0.234395	-0.330115	-0.631642	-0.267748	-0.254304	0.0440422	-0.499649	-0.486065	0.372174	0.719651	-0.260825	-0.0105943	
-0.0123767	0.338087	0.133728	0.745502	-0.294444	-0.17682	-0.479716	-0.264348	-0.104668	-0.32317	0.935231	1.07523	0.590291	0.406076	-0.135796	0.0817825	0.31508	-0.103186	-0.441703	-0.182196	-0.0884714	0.27122	-0.259162	-0.218751	0.403364	0.874059	-0.272642	0.0548604	
0.132172	0.386887	0.298858	0.891075	-0.265438	0.0403833	-0.466536	-0.122602	-0.365221	-0.407963	0.864068	1.04608	0.225002	0.325166	-0.487507	-0.0806363	0.4339	0.0843006	-0.268412	-0.245934	0.0694413	0.487612	-0.0522197	0.0585914	0.368855	0.972808	-0.329467	0.13353	
0.211514	0.386944	0.421004	0.99297	-0.27787	0.24034	-0.531861	-0.035262	-0.745724	-0.558926	0.760431	0.894906	-0.0841381	0.262339	-0.823876	-0.258976	0.529555	0.176073	-0.156873	-0.438051	0.162732	0.615701	0.0652628	0.268123	0.287351	0.977933	-0.412253	0.191242	
0.184807	0.349038	0.439778	0.985628	-0.32962	0.361912	-0.650661	-0.0144495	-1.12085	-0.700752	0.631195	0.661164	-0.215968	0.253152	-1.03759	-0.381775	0.542864	0.146593	-0.126854	-0.676305	0.148743	0.598172	0.0649781	0.358179	0.180042	0.86462	-0.492533	0.214258	
0.0371503	0.299873	0.324059	0.834878	-0.417069	0.368526	-0.781549	-0.0486546	-1.3692	-0.753926	0.484649	0.432114	-0.146226	0.319601	-1.06909	-0.380502	0.432136	0.00443508	-0.18333	-0.858442	0.014938	0.421017	-0.0504323	0.309844	0.060693	0.658426	-0.558027	0.211322	
-0.204126	0.260876	0.0835391	0.548259	-0.534978	0.252902	-0.879477	-0.12523	-1.38633	-0.659128	0.341305	0.27396	0.106582	0.469596	-0.896067	-0.231263	0.195232	-0.208538	-0.298844	-0.892036	-0.221533	0.116972	-0.252675	0.138974	-0.0631972	0.390339	-0.598567	0.193876	
-0.476856	0.250978	-0.229573	0.193177	-0.673433	0.0519499	-0.905712	-0.2082	-1.14531	-0.394512	0.216462	0.253071	0.450013	0.6938	-0.566622	0.0707338	-0.121022	-0.422136	-0.432564	-0.72174	-0.50376	-0.23132	-0.477473	-0.0935583	-0.198632	0.121476	-0.619339	0.186709	
-0.709087	0.266736	-0.543823	-0.140529	-0.815559	-0.177485	-0.851239	-0.283041	-0.711505	-0.0155596	0.133851	0.383798	0.746978	0.943771	-0.179047	0.457561	-0.448032	-0.570768	-0.54503	-0.379239	-0.765132	-0.530765	-0.665465	-0.322868	-0.346379	-0.0800285	-0.634183	0.196323	
-0.837847	0.296239	-0.786412	-0.361528	-0.929814	-0.365379	-0.71656	-0.327091	-0.191143	0.399331	0.0989632	0.616726	0.905329	1.15558	0.164253	0.849552	-0.712123	-0.600706	-0.59512	0.071829	-0.937002	-0.698268	-0.750595	-0.476895	-0.496753	-0.165787	-0.640822	0.218178	
-0.838326	0.309922	-0.908061	-0.416932	-0.975787	-0.455982	-0.516769	-0.322017	0.282348	0.747888	0.109022	0.858998	0.846013	1.2659	0.376867	1.15635	-0.867309	-0.495113	-0.561493	0.529819	-0.972788	-0.694602	-0.690988	-0.507017	-0.623009	-0.109417	-0.630886	0.241707	
-0.729606	0.274811	-0.904331	-0.316858	-0.922987	-0.428335	-0.283292	-0.269647	0.604861	0.943441	0.144775	1.02215	0.608742	1.24946	0.428377	1.29845	-0.909093	-0.280714	-0.440052	0.888671	-0.87405	-0.540715	-0.491944	-0.405595	-0.690696	0.0700384	-0.583785	0.249797	
-0.572421	0.162732	-0.812553	-0.134963	-0.763119	-0.299283	-0.0494433	-0.176783	0.71028	0.937067	0.172985	1.04672	0.269532	1.11061	0.332964	1.24263	-0.877445	-0.0170481	-0.255513	1.0651	-0.680746	-0.306299	-0.194088	-0.204708	-0.671675	0.319302	-0.486712	0.232589	
-0.44432	-0.0317617	-0.697844	0.0147812	-0.522713	-0.127382	0.146401	-0.0781155	0.602759	0.724684	0.168943	0.903845	-0.0475193	0.888146	0.150136	0.98207	-0.838815	0.215283	-0.0510894	1.01329	-0.468341	-0.0929596	0.119044	0.0246451	-0.558497	0.547396	-0.339729	0.17868	
-0.407749	-0.277933	-0.624602	0.0374852	-0.259551	0.0271134	0.277011	0.00998555	0.336447	0.371495	0.106437	0.648747	-0.235754	0.679904	-0.050539	0.590241	-0.848541	0.352668	0.124527	0.757274	-0.309509	0.0200945	0.368043	0.217743	-0.376537	0.682637	-0.167645	0.104728	
-0.489722	-0.524127	-0.634056	-0.116369	-0.0457644	0.112353	0.324345	0.0690839	-0.0109495	-0.0317497	-0.00760255	0.366753	-0.252929	0.558473	-0.213459	0.169343	-0.936497	0.360508	0.223752	0.359444	-0.255803	-0.00705742	0.484551	0.320589	-0.175775	0.683783	-0.0152504	0.0364307	
-0.665307	-0.699367	-0.727298	-0.421495	0.0588438	0.108876	0.288085	0.0877595	-0.343662	-0.372919	-0.147214	0.154154	-0.0893109	0.583356	-0.299044	-0.173697	-1.08674	0.248467	0.2251	-0.0715051	-0.320149	-0.157937	0.440761	0.313384	-0.00887607	0.556155	0.0782142	-0.000393717	
-0.874907	-0.757178	-0.865735	-0.799281	0.0317716	0.026557	0.191156	0.0733648	-0.585478	-0.562546	-0.265843	0.0608013	0.173764	0.751036	-0.299282	-0.347412	-1.25111	0.0655303	0.135864	-0.422175	-0.467418	-0.373558	0.264945	0.216786	0.0823623	0.336184	0.0865937	0.0100036	
-1.04671	-0.6851	-0.993999	-1.14501	-0.106268	-0.102719	0.0635802	0.0254472	-0.699982	-0.567871	-0.318951	0.0949859	0.472812	1.00197	-0.232378	-0.332042	-1.37285	-0.124288	-0.0090453	-0.619984	-0.642281	-0.582445	0.0141044	0.0695955	0.0863165	0.0889758	0.0165805	0.0580774	
-1.12353	-0.507043	-1.05688	-1.36138	-0.290274	-0.231784	-0.0480188	-0.0322696	-0.685725	-0.399706	-0.281797	0.209601	0.712991	1.23971	-0.133784	-0.144521	-1.40708	-0.253408	-0.154331	-0.621953	-0.772524	-0.717561	-0.216742	-0.0708455	0.0257617	-0.111965	-0.0976149	0.121033	
-1.09135	-0.292458	-1.0269	-1.41376	-0.437571	-0.334295	-0.0955508	-0.0874139	-0.540398	-0.113337	-0.156177	0.290048	0.874173	1.33966	-0.0271681	0.128628	-1.35143	-0.286069	-0.242639	-0.424401	-0.811188	-0.757893	-0.346139	-0.162995	-0.056951	-0.238835	-0.191295	0.155871	
-0.973815	-0.127616	-0.910681	-1.32073	-0.478462	-0.39478	-0.0445194	-0.127121	-0.292113	0.211303	0.019693	0.26498	0.965234	1.2456	0.0745413	0.381445	-1.23296	-0.216195	-0.227997	-0.0744993	-0.743668	-0.716275	-0.321462	-0.182106	-0.11527	-0.284395	-0.2036	0.131286	
-0.829325	-0.0986259	-0.754301	-1.16378	-0.387715	-0.427151	0.107305	-0.154695	0.0117306	0.482549	0.190604	0.0783629	1.00448	0.930988	0.16588	0.512989	-1.11133	-0.0755006	-0.105228	0.334224	-0.595948	-0.639314	-0.147351	-0.138923	-0.122706	-0.283825	-0.105105	0.0264762	
-0.7224	-0.253099	-0.621335	-1.04587	-0.197447	-0.459596	0.317163	-0.205417	0.314352	0.616009	0.293762	-0.253344	1.05147	0.450059	0.239711	0.428038	-1.04508	0.0746853	0.0877823	0.683078	-0.431976	-0.586241	0.106897	-0.0797472	-0.0758245	-0.288371	0.0917545	-0.164522	
-0.70201	-0.580315	-0.565212	-1.04441	0.0203304	-0.518507	0.520882	-0.297314	0.555383	0.573576	0.296431	-0.656701	1.09884	-0.0891535	0.286632	0.123507	-1.06896	0.173465	0.281195	0.876862	-0.313472	-0.595577	0.350632	-0.0503846	0.00208436	-0.341657	0.325428	-0.415021	
-0.782377	-1.02522	-0.607753	-1.1891	0.180591	-0.613482	0.646266	-0.446559	0.684201	0.362211	0.205212	-1.02567	1.15206	-0.557343	0.302263	-0.345322	-1.18491	0.172004	0.395477	0.857559	-0.290037	-0.67956	0.484663	-0.0897278	0.0830854	-0.451377	0.520853	-0.675655	
-0.931048	-1.48881	-0.72758	-1.43626	0.221755	-0.725752	0.640886	-0.636233	0.66695	0.0409562	0.0682864	-1.24794	1.17406	-0.840194	0.284302	-0.853028	-1.34796	0.0622918	0.375369	0.634338	-0.367711	-0.809342	0.454605	-0.202325	0.144399	-0.589011	0.60748	-0.887751	
-1.09618	-1.86657	-0.869664	-1.71087	0.131401	-0.830699	0.49241	-0.829973	0.518025	-0.295985	-0.0390812	-1.27756	1.15612	-0.891478	0.241987	-1.25983	-1.50159	-0.135124	0.20561	0.287767	-0.519635	-0.94876	0.258926	-0.36538	0.18554	-0.716435	0.556875	-1.00535	
-1.21988	-2.09012	-0.966802	-1.92723	-0.0512834	-0.899377	0.233411	-0.982607	0.279298	-0.555415	-0.04796	-1.1184	1.119	-0.725724	0.198818	-1.45928	-1.58882	-0.373006	-0.071885	-0.0679085	-0.695574	-1.06272	-0.0492023	-0.534764	0.228722	-0.795624	0.393017	-1.0101	
-1.26471	-2.1191	-0.969871	-2.01771	-0.252368	-0.915414	-0.0616935	-1.03275	0.0197152	-0.651212	0.0776569	-0.844567	1.08868	-0.420954	0.179071	-1.37355	-1.57851	-0.589255	-0.378181	-0.292752	-0.834346	-1.12776	-0.369084	-0.653744	0.288318	-0.803152	0.176036	-0.908143	
-1.21858	-1.96612	-0.856631	-1.96292	-0.391642	-0.883965	-0.302962	-0.95052	-0.178038	-0.540348	0.326951	-0.562854	1.13695	-0.0842499	0.205566	-1.01889	-1.46886	-0.730635	-0.616637	-0.277391	-0.893588	-1.14432	-0.599821	-0.678799	0.375978	-0.759337	-0.00861939	-0.734603	
-1.09821	-1.67013	-0.644108	-1.77676	-0.415854	-0.823021	-0.409268	-0.725646	-0.255455	-0.225195	0.654102	-0.358327	1.29851	0.192165	0.284205	-0.462134	-1.28305	-0.757911	-0.705684	0.0281228	-0.85296	-1.11897	-0.659933	-0.584053	0.479944	-0.689852	-0.0936449	-0.533424	
-0.942979	-1.30301	-0.381948	-1.51702	-0.31691	-0.761616	-0.347833	-0.400955	-0.199528	0.232376	0.98324	-0.286022	1.57757	0.352095	0.394929	0.173817	-1.06813	-0.669091	-0.616128	0.575962	-0.730065	-1.07051	-0.532626	-0.386079	0.576546	-0.626611	-0.0519368	-0.348429	
-0.792889	-0.943613	-0.139089	-1.24915	-0.138999	-0.723762	-0.147384	-0.0571851	-0.0510895	0.728175	1.234	-0.33704	1.92277	0.38554	0.499205	0.753475	-0.865516	-0.493557	-0.377165	1.22772	-0.569398	-1.00855	-0.267525	-0.136454	0.630177	-0.596205	0.0890479	-0.213875	
-0.690934	-0.648668	0.0262588	-1.02747	0.0482277	-0.722108	0.117694	0.218966	0.111562	1.15199	1.36252	-0.454291	2.24331	0.33389	0.546975	1.18067	-0.712682	-0.292137	-0.0818181	1.80614	-0.425845	-0.941666	0.0421523	0.0943575	0.616423	-0.583083	0.261069	-0.140095	
-0.660129	-0.473388	0.0878239	-0.882876	0.181919	-0.749828	0.354432	0.351753	0.200846	1.41199	1.37454	-0.564761	2.45652	0.252692	0.522116	1.40917	-0.629645	-0.134572	0.15964	2.13081	-0.345969	-0.875118	0.28678	0.23655	0.548966	-0.556755	0.396731	-0.119081	
-0.706224	-0.437598	0.0500446	-0.816348	0.228189	-0.78356	0.490154	0.322931	0.157694	1.4811	1.30809	-0.610171	2.4994	0.203491	0.440522	1.48105	-0.616882	-0.0768482	0.249539	2.09976	-0.347689	-0.809542	0.392494	0.2502	0.454572	-0.471051	0.44778	-0.123479	
-0.819192	-0.535848	-0.0538997	-0.822927	0.193253	-0.806454	0.485754	0.146906	-0.0223679	1.38376	1.2211	-0.582418	2.38393	0.203548	0.36185	1.46752	-0.665152	-0.155017	0.133812	1.69827	-0.428907	-0.762148	0.323722	0.120357	0.385091	-0.324827	0.410944	-0.129618	
-0.980432	-0.744846	-0.18226	-0.889938	0.115076	-0.810821	0.360107	-0.113665	-0.274594	1.20431	1.17088	-0.510494	2.18093	0.247623	0.386537	1.46046	-0.758038	-0.368529	-0.17581	1.0286	-0.565844	-0.752427	0.104596	-0.12834	0.388783	-0.142465	0.330044	-0.120499	
-1.17532	-1.02162	-0.30737	-1.01987	0.0378125	-0.814408	0.17059	-0.384365	-0.490936	1.0484	1.17551	-0.472688	1.99644	0.298502	0.607745	1.53516	-0.886446	-0.691913	-0.624182	0.268601	-0.730671	-0.809743	-0.203047	-0.4539	0.474868	0.00421813	0.267579	-0.099886	
-1.37986	-1.31007	-0.420278	-1.20944	-0.0124313	-0.843707	-0.00735361	-0.598457	-0.546235	1.02324	1.21264	-0.531408	1.92536	0.317948	1.09478	1.72875	-1.03226	-1.07121	-1.11622	-0.371268	-0.898817	-0.945982	-0.526065	-0.800373	0.606357	0.029485	0.280193	-0.077293	
-1.57705	-1.54504	-0.529689	-1.45197	-0.0362175	-0.9286	-0.104805	-0.711949	-0.345972	1.19576	1.23803	-0.723425	2.01395	0.287442	1.84739	2.04237	-1.17925	-1.44615	-1.56433	-0.706994	-1.05269	-1.15292	-0.7985	-1.11508	0.721646	-0.122932	0.391784	-0.0678157	
-1.7511	-1.68993	-0.661606	-1.73199	-0.0654138	-1.0862	-0.097737	-0.733688	0.149017	1.56676	1.19318	-1.03371	2.24153	0.206261	2.79918	2.42646	-1.31829	-1.7675	-1.90458	-0.646619	-1.19859	-1.40617	-1.00013	-1.37446	0.748852	-0.462788	0.580715	-0.0853071	
-1.89508	-1.74544	-0.844617	-2.02084	-0.14266	-1.30788	0.00211904	-0.692398	0.911325	2.08901	1.02898	-1.3925	2.525	0.115933	3.82877	2.83268	-1.44393	-2.00729	-2.11085	-0.188519	-1.3493	-1.66351	-1.13835	-1.5705	0.630376	-0.930394	0.790085	-0.126241	
-2.01587	-1.73825	-1.09398	-2.28945	-0.302732	-1.56672	0.142207	-0.641964	1.83842	2.65434	0.730845	-1.71806	2.75006	0.0513971	4.7783	3.20365	-1.56722	-2.17002	-2.20347	0.55359	-1.52421	-1.8929	-1.25136	-1.72295	0.355333	-1.42482	0.944818	-0.183516	
-2.12496	-1.7341	-1.40115	-2.5067	-0.546225	-1.81284	0.263775	-0.6183	2.79733	3.15183	0.326995	-1.92341	2.82643	0.0615981	5.51164	3.50422	-1.70511	-2.27381	-2.2143	1.41783	-1.73239	-2.07174	-1.37193	-1.85022	-0.0343263	-1.81456	0.991406	-0.234651	
-2.2401	-1.79426	-1.73508	-2.66106	-0.834652	-1.99907	0.328405	-0.62399	3.65372	3.49287	-0.126851	-1.97971	2.70281	0.157165	5.93339	3.73349	-1.87964	-2.34288	-2.17807	2.23605	-1.96077	-2.19893	-1.50238	-1.9607	-0.460091	-2.01211	0.912598	-0.259998	
-2.36775	-1.96144	-2.05145	-2.75525	-1.10735	-2.08359	0.320867	-0.636904	4.31132	3.63911	-0.562945	-1.89937	2.39752	0.330482	6.01342	3.88648	-2.10054	-2.38765	-2.1024	2.88322	-2.18465	-2.2871	-1.62277	-2.04529	-0.835282	-1.98657	0.732473	-0.240096	
-2.50214	-2.22542	-2.2992	-2.80812	-1.29631	-2.04995	0.264956	-0.605857	4.71905	3.6037	-0.904787	-1.7372	1.97994	0.543091	5.78167	3.97302	-2.35722	-2.39815	-1.97685	3.30579	-2.36047	-2.35013	-1.681	-2.07186	-1.08229	-1.78867	0.5068	-0.166347	
-2.61941	-2.52521	-2.44182	-2.84092	-1.36045	-1.90566	0.193337	-0.493673	4.85925	3.42762	-1.10289	-1.57669	1.53623	0.743208	5.29835	3.97168	-2.61816	-2.35022	-1.78566	3.49909	-2.44976	-2.3944	-1.63146	-2.00734	-1.17308	-1.51368	0.292026	-0.0509411	
-2.68004	-2.76277	-2.46101	-2.85784	-1.29603	-1.66807	0.145883	-0.270897	4.75482	3.18289	-1.13262	-1.46737	1.14573	0.896237	4.6389	3.86844	-2.82632	-2.20948	-1.51074	3.52283	-2.42115	-2.40131	-1.44153	-1.81565	-1.13181	-1.25706	0.128456	0.0952398	
-2.64513	-2.82149	-2.35996	-2.84982	-1.13427	-1.36421	0.14968	0.0615211	4.44357	2.92919	-0.998875	-1.45046	0.840519	0.974777	3.86297	3.64618	-2.92297	-1.95079	-1.15642	3.44938	-2.25947	-2.33798	-1.11238	-1.48019	-1.00603	-1.09546	0.0261809	0.252528	
-2.48089	-2.63716	-2.16365	-2.78365	-0.93168	-1.00498	0.204194	0.472362	3.97198	2.69966	-0.740655	-1.50359	0.63032	0.9882	3.01591	3.29661	-2.86067	-1.56805	-0.740372	3.33577	-1.98066	-2.16272	-0.68527	-1.0104	-0.861021	-1.01887	-0.0300469	0.41558	
-2.18408	-2.20343	-1.91292	-2.624	-0.744891	-0.59904	0.299545	0.92084	3.3912	2.50381	-0.415844	-1.57408	0.489099	0.953553	2.13301	2.85074	-2.62802	-1.08764	-0.299643	3.21965	-1.61873	-1.85017	-0.21817	-0.442112	-0.755803	-0.967136	-0.0684713	0.583797	
-1.78729	-1.60421	-1.65855	-2.35498	-0.613781	-0.151131	0.406502	1.3496	2.73959	2.31119	-0.102608	-1.61909	0.396123	0.908372	1.2426	2.34183	-2.26308	-0.566363	0.124872	3.08327	-1.23192	-1.41325	0.215498	0.163023	-0.718904	-0.851618	-0.112907	0.75878	
-1.34944	-0.970839	-1.444	-1.98769	-0.545202	0.330799	0.508085	1.73059	2.06025	2.09335	0.128337	-1.59273	0.317708	0.878281	0.382925	1.85047	-1.83933	-0.0678901	0.506285	2.90338	-0.874082	-0.898467	0.571891	0.744198	-0.748505	-0.599001	-0.172418	0.952035	
-0.944069	-0.45049	-1.30384	-1.56858	-0.520439	0.817683	0.594214	2.04704	1.39078	1.82881	0.210399	-1.50738	0.252409	0.875423	-0.39605	1.44705	-1.4512	0.349283	0.828837	2.64762	-0.589238	-0.383179	0.835137	1.24555	-0.827297	-0.200062	-0.234036	1.15901	
-0.630111	-0.159338	-1.24922	-1.16268	-0.506812	1.27655	0.667153	2.30635	0.775881	1.52518	0.11819	-1.37979	0.205514	0.911367	-1.03518	1.19573	-1.17758	0.656755	1.10579	2.3112	-0.402181	0.0536261	1.02118	1.6371	-0.92781	0.295357	-0.274642	1.38048	
-0.444016	-0.131683	-1.27172	-0.846289	-0.476391	1.65613	0.73311	2.52296	0.249614	1.21622	-0.132218	-1.264	0.167518	0.976266	-1.49576	1.13108	-1.06398	0.854865	1.35213	1.91976	-0.309919	0.3477	1.16429	1.91084	-1.02324	0.76944	-0.280205	1.60111	
-0.380337	-0.327133	-1.34287	-0.67431	-0.423408	1.9104	0.784392	2.69722	-0.178945	0.935987	-0.490055	-1.19856	0.105641	1.05678	-1.76474	1.23702	-1.1027	0.9672	1.5793	1.50133	-0.295225	0.47309	1.28753	2.07323	-1.10604	1.09618	-0.258252	1.79824	
-0.403194	-0.616378	-1.42003	-0.654761	-0.361278	2.01311	0.816395	2.83617	-0.511576	0.731473	-0.865619	-1.18675	-0.0152503	1.14119	-1.8697	1.4784	-1.23741	1.03144	1.78503	1.11832	-0.31967	0.45347	1.41031	2.14857	-1.17754	1.19878	-0.234608	1.94964	
-0.46437	-0.861947	-1.46565	-0.756444	-0.317154	1.9662	0.814287	2.93062	-0.761062	0.625837	-1.1733	-1.22686	-0.226655	1.22825	-1.87548	1.78762	-1.39349	1.0794	1.95318	0.818583	-0.349723	0.343494	1.52596	2.16294	-1.24127	1.06004	-0.246456	2.03823	
-0.507352	-0.943206	-1.44646	-0.902628	-0.313414	1.81611	0.768737	2.97947	-0.942589	0.622059	-1.3423	-1.26858	-0.543606	1.31257	-1.8575	2.09655	-1.48753	1.1344	2.06806	0.639382	-0.354373	0.22323	1.62139	2.14412	-1.29567	0.765883	-0.322291	2.06852	
-0.495916	-0.798166	-1.35099	-1.00016	-0.363243	1.62213	0.675345	2.97275	-1.07832	0.684531	-1.35689	-1.26084	-0.913607	1.38469	-1.88385	2.32457	-1.46171	1.19595	2.10432	0.580997	-0.31648	0.163085	1.67694	2.10505	-1.34665	0.455143	-0.466561	2.0428	
-0.414303	-0.44554	-1.18612	-0.970072	-0.454777	1.45269	0.535258	2.89495	-1.19322	0.740119	-1.2391	-1.15559	-1.27131	1.44787	-1.99654	2.38259	-1.29564	1.25078	2.05044	0.595376	-0.236561	0.205137	1.67352	2.04576	-1.37983	0.26302	-0.658159	1.97106	
-0.268461	0.0522072	-0.972301	-0.76104	-0.557503	1.36109	0.360864	2.74301	-1.31346	0.712838	-1.05437	-0.938327	-1.53483	1.48798	-2.21097	2.20918	-1.00323	1.28719	1.9031	0.619035	-0.115214	0.362084	1.61875	1.96315	-1.38317	0.294349	-0.854689	1.86434	
-0.0705906	0.60321	-0.733035	-0.363518	-0.634266	1.36851	0.159886	2.50366	-1.4641	0.526591	-0.882732	-0.610334	-1.64742	1.49672	-2.50321	1.75374	-0.617855	1.30098	1.66613	0.570529	0.0418976	0.616768	1.52414	1.84478	-1.35624	0.572082	-1.01066	1.72534	
0.173939	1.14232	-0.478125	0.199309	-0.647277	1.46879	-0.0567288	2.17514	-1.6646	0.146024	-0.770846	-0.184846	-1.56977	1.47385	-2.82483	1.00875	-0.170384	1.30924	1.35296	0.396921	0.239336	0.941748	1.41644	1.68595	-1.28916	1.05241	-1.08524	1.55503	
0.460722	1.63136	-0.208751	0.868164	-0.578721	1.61945	-0.289417	1.75118	-1.92442	-0.427385	-0.731178	0.299394	-1.34791	1.41536	-3.13286	0.00332892	0.309884	1.33376	0.972588	0.0714388	0.481447	1.30059	1.31139	1.48235	-1.18175	1.63185	-1.07261	1.34441	
0.794692	2.07137	0.0893952	1.56619	-0.4299	1.75941	-0.544637	1.22631	-2.23982	-1.14973	-0.729101	0.804895	-1.07002	1.30057	-3.38768	-1.19923	0.811285	1.39121	0.538833	-0.398484	0.770676	1.66062	1.20841	1.22905	-1.02472	2.17715	-0.991947	1.07447	
1.17146	2.49564	0.435237	2.22363	-0.225996	1.82565	-0.816112	0.622795	-2.58417	-1.93365	-0.709098	1.28761	-0.833543	1.11123	-3.58098	-2.47845	1.32672	1.48615	0.0634175	-0.951143	1.10793	1.99894	1.10512	0.933982	-0.825692	2.58305	-0.884667	0.726217	
1.57692	2.92648	0.839771	2.78266	0.00295122	1.77942	-1.08112	-0.0137741	-2.90215	-2.67035	-0.608655	1.69855	-0.724276	0.840253	-3.71942	-3.69491	1.84347	1.60869	-0.421613	-1.49639	1.4813	2.30078	0.994128	0.619886	-0.584546	2.78172	-0.790567	0.296055	
1.98453	3.36756	1.29912	3.21506	0.228897	1.61817	-1.29227	-0.602797	-3.12275	-3.24095	-0.402533	1.99058	-0.778848	0.469556	-3.81598	-4.68986	2.34167	1.74058	-0.864923	-1.92322	1.87248	2.56196	0.8906	0.329411	-0.310344	2.77359	-0.729292	-0.197156	
2.35047	3.77891	1.781	3.50389	0.427669	1.36028	-1.40212	-1.07237	-3.18648	-3.57325	-0.115977	2.12333	-0.981661	-0.00288265	-3.88018	-5.36101	2.7829	1.84836	-1.21517	-2.16012	2.24575	2.76983	0.807096	0.0988376	-0.0293166	2.59628	-0.700021	-0.727789	
2.62936	4.09599	2.23277	3.64665	0.588698	1.05055	-1.37172	-1.36356	-3.06362	-3.64139	0.194221	2.07836	-1.26331	-0.542158	-3.90245	-5.6653	3.12257	1.907	-1.41994	-2.17987	2.55829	2.91092	0.764467	-0.0385473	0.241813	2.29546	-0.676995	-1.24964	
2.77731	4.25294	2.58891	3.65373	0.707502	0.74455	-1.1917	-1.44229	-2.76588	-3.46869	0.450295	1.85057	-1.55617	-1.08996	-3.87547	-5.61752	3.3118	1.90395	-1.46003	-1.99964	2.76923	2.97152	0.784316	-0.063164	0.467692	1.94147	-0.63549	-1.7021	
2.77147	4.2022	2.79129	3.53637	0.784917	0.491414	-0.896159	-1.32622	-2.3464	-3.12464	0.589121	1.47335	-1.78587	-1.56532	-3.76544	-5.29803	3.32184	1.83772	-1.34656	-1.68867	2.84504	2.93857	0.865384	0.0148694	0.620714	1.58443	-0.553106	-2.02595	
2.60765	3.93743	2.80737	3.31888	0.820575	0.330764	-0.553166	-1.05741	-1.88228	-2.6815	0.594481	1.03733	-1.91319	-1.85923	-3.55634	-4.79094	3.14617	1.7199	-1.13577	-1.31503	2.7714	2.80821	0.988595	0.168822	0.684115	1.2838	-0.435708	-2.16108	
2.30053	3.48779	2.63425	3.01719	0.811401	0.276498	-0.254854	-0.711766	-1.45277	-2.21155	0.495255	0.628703	-1.92733	-1.88743	-3.24139	-4.19456	2.79876	1.55929	-0.907262	-0.950832	2.54644	2.57968	1.10322	0.346684	0.659334	1.07671	-0.308652	-2.07131	
1.87777	2.92048	2.30324	2.65302	0.751297	0.319937	-0.0883384	-0.368879	-1.11413	-1.75633	0.351616	0.345289	-1.84334	-1.60648	-2.83529	-3.57274	2.31696	1.35576	-0.745401	-0.635994	2.1852	2.26052	1.14924	0.488772	0.571039	0.988577	-0.213068	-1.75215	
1.36455	2.30587	1.86308	2.24038	0.629128	0.427198	-0.110076	-0.093636	-0.884015	-1.32878	0.22116	0.23933	-1.68737	-1.04118	-2.39567	-2.95182	1.7412	1.09388	-0.723052	-0.378585	1.71156	1.85887	1.06756	0.53822	0.440592	1.03128	-0.197559	-1.24197	
0.794516	1.70841	1.37489	1.79772	0.43981	0.560864	-0.318237	0.0867395	-0.735498	-0.907696	0.142252	0.318593	-1.48452	-0.261786	-1.97962	-2.31745	1.12247	0.763026	-0.857341	-0.152521	1.16242	1.3961	0.830053	0.471545	0.295032	1.18142	-0.288775	-0.602955	
0.202388	1.18202	0.898253	1.35463	0.189943	0.687414	-0.653375	0.18838	-0.611597	-0.453462	0.112611	0.542613	-1.25617	0.60203	-1.65482	-1.63191	0.510189	0.364249	-1.12381	0.0937503	0.586712	0.906708	0.457204	0.304426	0.151651	1.41965	-0.486574	0.0837088	
-0.375802	0.738645	0.473794	0.922371	-0.105602	0.765225	-1.02798	0.223594	-0.461027	0.0343538	0.0923106	0.815602	-1.02581	1.39437	-1.45405	-0.901628	-0.0529958	-0.0936993	-1.45635	0.365931	0.0272557	0.41885	-0.00718777	0.0641793	0.0210401	1.66527	-0.759954	0.71361	
-0.904633	0.371826	0.119238	0.519968	-0.424139	0.775295	-1.35165	0.218972	-0.263781	0.535097	0.0409047	1.06683	-0.821551	2.00618	-1.38379	-0.143148	-0.532843	-0.578531	-1.78025	0.645713	-0.477761	-0.033705	-0.495311	-0.198609	-0.0934031	1.85635	-1.06522	1.20951	
-1.35769	0.0602303	-0.171012	0.152592	-0.738927	0.70532	-1.56192	0.180636	-0.044802	0.98354	-0.0704653	1.2231	-0.669484	2.36566	-1.4141	0.582153	-0.914234	-1.04898	-2.03935	0.867819	-0.907079	-0.429113	-0.9447	-0.444626	-0.199567	1.93329	-1.35301	1.51603	
-1.71553	-0.221918	-0.413762	-0.177937	-1.01999	0.556186	-1.64045	0.0988109	0.141658	1.30101	-0.232367	1.26737	-0.582966	2.46965	-1.47036	1.19528	-1.19246	-1.46208	-2.20729	0.95291	-1.25158	-0.757555	-1.31149	-0.652231	-0.29361	1.86482	-1.57727	1.61289	
-1.98043	-0.494162	-0.633092	-0.479086	-1.24445	0.338972	-1.60874	-0.0348337	0.235032	1.42718	-0.403324	1.21883	-0.566061	2.36681	-1.48001	1.63781	-1.38543	-1.78815	-2.29848	0.840961	-1.51601	-1.02468	-1.57847	-0.819244	-0.376788	1.66371	-1.71436	1.51904	
-2.16981	-0.772541	-0.848856	-0.769498	-1.39836	0.071524	-1.51672	-0.23006	0.19691	1.33856	-0.520122	1.11746	-0.601298	2.14392	-1.37092	1.87228	-1.52588	-2.01844	-2.33989	0.511753	-1.72368	-1.25237	-1.76034	-0.963757	-0.441589	1.35087	-1.75711	1.28408	
-2.31396	-1.04942	-1.06943	-1.0606	-1.47572	-0.218588	-1.4107	-0.466118	0.0367968	1.07976	-0.531955	1.00783	-0.632779	1.88256	-1.11055	1.91758	-1.65214	-2.1614	-2.36394	0.0214769	-1.89589	-1.46297	-1.87479	-1.1019	-0.480157	0.986529	-1.71025	0.976661	
-2.45115	-1.32301	-1.29789	-1.37299	-1.48458	-0.512157	-1.31948	-0.708364	-0.178203	0.741737	-0.436359	0.892017	-0.61584	1.63397	-0.712095	1.81941	-1.80574	-2.24566	-2.38398	-0.521814	-2.05768	-1.68264	-1.94492	-1.24959	-0.496128	0.594159	-1.59201	0.654953	
-2.60409	-1.58287	-1.52678	-1.70717	-1.43975	-0.776564	-1.23677	-0.887858	-0.35253	0.457866	-0.271958	0.756869	-0.514846	1.41868	-0.233087	1.67366	-2.008	-2.29244	-2.37961	-0.971767	-2.21777	-1.91494	-1.97027	-1.38899	-0.499144	0.204171	-1.42324	0.381154	
-2.78114	-1.80766	-1.74329	-2.05411	-1.35964	-0.98825	-1.12707	-0.937029	-0.390387	0.351055	-0.118622	0.548936	-0.336862	1.22632	0.243709	1.57264	-2.26087	-2.316	-2.31475	-1.19092	-2.36902	-2.1473	-1.93288	-1.48611	-0.510859	-0.177792	-1.22438	0.194001	
-2.96493	-1.99433	-1.93336	-2.39517	-1.26002	-1.13021	-0.951128	-0.816701	-0.216718	0.49804	-0.0604013	0.227825	-0.126451	1.02692	0.6444	1.57268	-2.54114	-2.3173	-2.14151	-1.09089	-2.49732	-2.35542	-1.81332	-1.5059	-0.541205	-0.562792	-1.01128	0.1087	
-3.12446	-2.13691	-2.08789	-2.69792	-1.15309	-1.18799	-0.678286	-0.512221	0.17089	0.909871	-0.15488	-0.214881	0.0350548	0.810027	0.913718	1.71188	-2.81093	-2.28312	-1.83291	-0.664827	-2.57661	-2.50397	-1.59127	-1.41426	-0.607215	-0.940261	-0.8012	0.130919	
-3.23557	-2.24955	-2.2117	-2.94227	-1.04993	-1.16742	-0.318549	-0.0705298	0.705536	1.50916	-0.406971	-0.733156	0.0570257	0.585943	1.03269	1.9671	-3.04051	-2.20807	-1.39923	-0.00329357	-2.6008	-2.57752	-1.28399	-1.21235	-0.715034	-1.29399	-0.616429	0.243167	
-3.28303	-2.35394	-2.31095	-3.10641	-0.952707	-1.08465	0.0900906	0.434063	1.27168	2.1695	-0.764996	-1.22854	-0.0825017	0.37857	1.02512	2.28738	-3.21013	-2.09057	-0.88941	0.74921	-2.56659	-2.57412	-0.923256	-0.92718	-0.851291	-1.56903	-0.466007	0.412312	
-3.27451	-2.47345	-2.39757	-3.18737	-0.863972	-0.970943	0.487858	0.913115	1.74238	2.74826	-1.15292	-1.60692	-0.36495	0.227272	0.941146	2.60401	-3.32292	-1.9433	-0.37804	1.43099	-2.48522	-2.51393	-0.560739	-0.611076	-1.00778	-1.72533	-0.356733	0.592627	
-3.22827	-2.61994	-2.47826	-3.19468	-0.784446	-0.857934	0.806568	1.28112	2.00251	3.11993	-1.47385	-1.77055	-0.703393	0.15254	0.828515	2.83845	-3.395	-1.78715	0.0638324	1.89222	-2.38074	-2.42978	-0.252971	-0.324124	-1.15539	-1.73343	-0.288153	0.734654	
-3.16961	-2.78009	-2.55254	-3.14595	-0.715745	-0.777613	0.999484	1.48194	1.99368	3.2162	-1.66448	-1.69783	-0.977721	0.15281	0.721246	2.92631	-3.44862	-1.6404	0.380808	2.05593	-2.27143	-2.35159	-0.0350779	-0.113878	-1.27473	-1.59938	-0.250594	0.787528	
-3.11274	-2.93624	-2.61028	-3.07035	-0.661313	-0.754577	1.04676	1.48713	1.73806	3.032	-1.70872	-1.43578	-1.0807	0.182224	0.626471	2.80591	-3.49651	-1.51527	0.557755	1.92263	-2.17375	-2.30043	0.0761064	-0.00724745	-1.34207	-1.38902	-0.23039	0.706596	
-3.05028	-3.04054	-2.63001	-2.98146	-0.621563	-0.786202	0.970911	1.32517	1.3066	2.63032	-1.62827	-1.09602	-0.972398	0.184874	0.526131	2.46884	-3.5284	-1.40102	0.619786	1.571	-2.07915	-2.26574	0.10951	0.0122516	-1.34498	-1.17293	-0.213639	0.480112	
-2.96471	-3.05199	-2.59503	-2.89812	-0.595079	-0.860395	0.819795	1.04195	0.803831	2.10137	-1.47499	-0.818589	-0.70419	0.103067	0.399735	1.93224	-3.52465	-1.27959	0.615234	1.11501	-1.97539	-2.22813	0.106772	-0.019333	-1.28363	-1.04269	-0.191735	0.124949	
-2.82491	-2.94911	-2.49294	-2.81638	-0.572618	-0.94241	0.656292	0.705391	0.353741	1.55305	-1.30359	-0.707094	-0.374927	-0.0942234	0.247066	1.2497	-3.45173	-1.1251	0.606437	0.695675	-1.84384	-2.15451	0.119034	-0.0532736	-1.15666	-1.03261	-0.152444	-0.304141	
-2.60679	-2.73292	-2.32656	-2.72483	-0.542503	-0.99069	0.544352	0.395232	0.0556446	1.08446	-1.16138	-0.821092	-0.129872	-0.397073	0.0888226	0.521508	-3.28351	-0.914378	0.644044	0.433644	-1.6651	-2.01353	0.19261	-0.0437542	-0.996628	-1.1393	-0.0917606	-0.724679	
-2.30726	-2.43483	-2.11891	-2.61381	-0.49276	-0.973055	0.521569	0.164325	-0.0465371	0.745066	-1.06759	-1.12151	-0.0790054	-0.760589	-0.0384572	-0.156564	-3.01808	-0.647655	0.753502	0.375849	-1.44142	-1.79868	0.337959	0.0284511	-0.832157	-1.31115	-0.0100704	-1.05512	
-1.95274	-2.10156	-1.9089	-2.47192	-0.417854	-0.875788	0.605173	0.0551942	0.0472044	0.553863	-1.02636	-1.51697	-0.266158	-1.11127	-0.089613	-0.675736	-2.68498	-0.342624	0.927807	0.527224	-1.18576	-1.52423	0.548958	0.160667	-0.709549	-1.4545	0.0891053	-1.23605	
-1.58389	-1.78213	-1.73197	-2.29584	-0.318006	-0.710082	0.785219	0.077463	0.291643	0.494678	-1.03661	-1.88503	-0.631969	-1.38282	-0.0342181	-0.971629	-2.33249	-0.0327209	1.13888	0.833153	-0.9227	-1.22279	0.795837	0.327964	-0.668939	-1.50419	0.204246	-1.24875	
-1.23999	-1.49471	-1.60675	-2.0788	-0.200312	-0.497934	1.03067	0.221724	0.610853	0.534712	-1.0779	-2.11177	-1.04418	-1.52605	0.116707	-1.01996	-2.00614	0.251015	1.3522	1.21241	-0.673851	-0.92421	1.04484	0.504075	-0.720664	-1.40369	0.330002	-1.11581	
-0.951059	-1.23946	-1.53355	-1.8365	-0.0798597	-0.282783	1.29368	0.44244	0.911775	0.624021	-1.13376	-2.14914	-1.3545	-1.54135	0.318361	-0.860103	-1.74538	0.482799	1.52804	1.56147	-0.456481	-0.657763	1.26061	0.660406	-0.854185	-1.1793	0.455453	-0.905711	
-0.72393	-1.00398	-1.49279	-1.58624	0.0227128	-0.105019	1.51904	0.672471	1.1309	0.715505	-1.18916	-2.01641	-1.43037	-1.46116	0.513988	-0.583155	-1.56173	0.647524	1.63934	1.804	-0.282535	-0.43997	1.40784	0.775626	-1.01815	-0.886868	0.570365	-0.700974	
-0.545475	-0.763357	-1.44613	-1.35122	0.0923525	0.0079954	1.66533	0.857323	1.22129	0.781206	-1.21206	-1.79867	-1.23708	-1.33885	0.64061	-0.278085	-1.43764	0.750065	1.67045	1.90269	-0.143356	-0.267812	1.47747	0.847791	-1.15127	-0.609395	0.65852	-0.570905	
-0.390882	-0.513658	-1.35913	-1.15455	0.124036	0.0479991	1.70543	0.94924	1.1685	0.799361	-1.17621	-1.59411	-0.819999	-1.22424	0.671808	-0.0335162	-1.34068	0.803402	1.62285	1.8472	-0.0290134	-0.133789	1.46668	0.882199	-1.19128	-0.424606	0.711404	-0.54763	
-0.239947	-0.276664	-1.21352	-1.00932	0.123338	0.0295269	1.64131	0.937829	1.00439	0.771806	-1.05518	-1.47991	-0.291887	-1.14189	0.628537	0.117165	-1.2359	0.826296	1.51199	1.68528	0.0729639	-0.0277993	1.38981	0.894021	-1.09773	-0.355868	0.729393	-0.616717	
-0.084767	-0.0998767	-1.01572	-0.916427	0.102856	-0.0192008	1.49561	0.842074	0.778304	0.711679	-0.847343	-1.48228	0.196846	-1.0966	0.565176	0.176853	-1.09982	0.831221	1.36072	1.47273	0.167912	0.0560876	1.26619	0.89359	-0.883935	-0.390761	0.718873	-0.725694	
0.0680754	-0.0323895	-0.795572	-0.859351	0.080303	-0.063936	1.30939	0.706026	0.550973	0.636494	-0.571895	-1.56491	0.549804	-1.07113	0.546121	0.186735	-0.926792	0.825904	1.20024	1.27017	0.25278	0.120035	1.11851	0.88791	-0.596689	-0.464658	0.69761	-0.809008	
0.197716	-0.0933434	-0.595144	-0.818677	0.0703863	-0.0861873	1.12753	0.581463	0.348818	0.552779	-0.27811	-1.66145	0.702268	-1.03997	0.605261	0.19941	-0.732854	0.810426	1.04845	1.10154	0.324482	0.16229	0.973966	0.876763	-0.31955	-0.519305	0.676483	-0.821023	
0.289874	-0.263023	-0.450201	-0.760713	0.0792612	-0.0832306	0.982169	0.503455	0.188704	0.463723	-0.0333287	-1.69091	0.678553	-0.99113	0.733827	0.241668	-0.537455	0.782049	0.920646	0.968037	0.378342	0.186045	0.850851	0.852814	-0.131212	-0.51228	0.663272	-0.752524	
0.347294	-0.462994	-0.363859	-0.653761	0.111678	-0.065455	0.893327	0.492025	0.0588386	0.3745	0.123708	-1.61137	0.557425	-0.925292	0.863372	0.32418	-0.348385	0.7487	0.821147	0.859621	0.428112	0.210868	0.773363	0.81665	-0.0678578	-0.435111	0.656766	-0.630029	
0.388802	-0.598138	-0.316821	-0.483316	0.161861	-0.0564655	0.845537	0.522383	-0.085057	0.27037	0.176223	-1.41745	0.430888	-0.858191	0.898529	0.41051	-0.163328	0.713994	0.735768	0.723145	0.486396	0.255804	0.740297	0.758735	-0.116575	-0.320332	0.641909	-0.507745	
0.439754	-0.590433	-0.27198	-0.26103	0.218564	-0.085242	0.805199	0.54329	-0.273507	0.140339	0.158018	-1.15998	0.393434	-0.804959	0.766255	0.460823	0.0269512	0.67798	0.641065	0.531678	0.562639	0.330283	0.735695	0.668224	-0.201835	-0.221544	0.602828	-0.44399	
0.51648	-0.403953	-0.192548	-0.0212708	0.267465	-0.170571	0.731932	0.503721	-0.534358	-0.0203399	0.131768	-0.921501	0.471478	-0.769007	0.43962	0.447999	0.231691	0.632254	0.503225	0.267835	0.659647	0.430578	0.733286	0.53474	-0.237029	-0.184008	0.521782	-0.469898	
0.619163	-0.0856999	-0.0628873	0.183439	0.297959	-0.316147	0.597156	0.369363	-0.853746	-0.199892	0.164275	-0.775535	0.681527	-0.742794	-0.0278345	0.379655	0.446873	0.563793	0.306112	-0.0462735	0.76242	0.530968	0.700237	0.352086	-0.146588	-0.232076	0.401147	-0.578371	
0.722014	0.268234	0.0977449	0.299898	0.299192	-0.504896	0.402348	0.152019	-1.1894	-0.372182	0.289212	-0.769955	0.988227	-0.685036	-0.513077	0.314645	0.648361	0.458301	0.0475439	-0.356055	0.846636	0.593957	0.617712	0.127109	0.0851099	-0.349452	0.257025	-0.717684	
0.785526	0.529596	0.238251	0.296796	0.261957	-0.705923	0.17269	-0.106255	-1.46661	-0.49916	0.483534	-0.883473	1.32622	-0.570387	-0.860142	0.31801	0.799081	0.305126	-0.243738	-0.594908	0.874627	0.580345	0.476465	-0.125593	0.398922	-0.494256	0.116383	-0.820635	
0.771739	0.598519	0.300832	0.172117	0.186821	-0.885407	-0.0374727	-0.339489	-1.60652	-0.544506	0.6843	-1.06285	1.64725	-0.383185	-0.935158	0.444735	0.860475	0.11044	-0.517226	-0.692687	0.819617	0.468991	0.297667	-0.376023	0.691707	-0.61514	0.0173737	-0.832925	
0.661429	0.451784	0.239492	-0.0406979	0.0757856	-1.01521	-0.181613	-0.489984	-1.58403	-0.507003	0.788478	-1.21947	1.89057	-0.136102	-0.691642	0.698558	0.810626	-0.104911	-0.72759	-0.643129	0.674146	0.268678	0.112509	-0.593832	0.832433	-0.671945	-0.0212711	-0.737632	
0.472699	0.146206	0.052616	-0.280582	-0.059534	-1.08795	-0.232431	-0.540098	-1.4014	-0.409738	0.720456	-1.26985	2.00359	0.118147	-0.184813	1.01426	0.659567	-0.304338	-0.836296	-0.471648	0.458454	0.0181642	-0.0407692	-0.751312	0.740241	-0.667104	-0.000448151	-0.576366	
0.252778	-0.171612	-0.213094	-0.469669	-0.201557	-1.10834	-0.188757	-0.502701	-1.11204	-0.295425	0.450273	-1.17428	1.94567	0.317504	0.432887	1.28916	0.4515	-0.445364	-0.835578	-0.235788	0.223119	-0.215403	-0.124785	-0.829985	0.401432	-0.608261	0.0559354	-0.421198	
0.0706153	-0.344244	-0.468507	-0.546138	-0.324742	-1.09733	-0.0900937	-0.443024	-0.799699	-0.228229	0.02997	-0.919769	1.6922	0.388669	0.964412	1.39102	0.253565	-0.49582	-0.746387	-0.0280775	0.0260245	-0.368862	-0.131395	-0.835979	-0.101294	-0.531775	0.107312	-0.361052	
-0.0153766	-0.255284	-0.615648	-0.484282	-0.404503	-1.0825	0.00918197	-0.436456	-0.552657	-0.265618	-0.423506	-0.550405	1.2679	0.307389	1.23639	1.23171	0.130916	-0.448877	-0.62104	0.0761839	-0.0793279	-0.402406	-0.0718201	-0.793517	-0.613063	-0.466287	0.116093	-0.459317	
